0 1142 1078 2046 1496 2967  235 2558 1668 -1.3281 3.9860 0.2061 0.0234 0.0000 0.1625 0.9085 0.0000 0.0000 0.0000 0.0000 0.0000 0.0000 0.0000 
1 2197 2368  271 2300 1924 1555 2577 1167 -2.2812 2.7549 0.2262 0.0078 0.0000 0.1625 0.9085 0.0000 0.0000 0.0000 0.0000 0.0000 0.0000 0.0000 
2  158 1687 1278  443  641 2324 1246 2154 -1.4766 6.3144 0.0671 0.0391 0.0000 0.1625 0.9085 0.0000 0.0000 0.0000 0.0000 0.0000 0.0000 0.0000 
3 2677 1779  843 1208  225 1925 2235 2045 -1.1328 9.2657 0.0971 0.0547 0.0000 0.1625 0.9085 0.0000 0.0000 0.0000 0.0000 0.0000 0.0000 0.0000 
4 1095  891 1747  868 1724 1812 2292  860 -1.2266 4.4443 0.1652 0.0000 0.0000 0.1625 0.9085 0.0000 0.0000 0.0000 0.0000 0.0000 0.0000 0.0000 
5 2931 1336 2804 2794  462 2770 2778 2575 -1.3125 3.5394 0.1653 0.0312 0.0000 0.1625 0.9085 0.0000 0.0000 0.0000 0.0000 0.0000 0.0000 0.0000 
6  342 2071 2592 1629  968  868 1264 2525 -1.1328 14.5570 0.2168 0.1641 1.0556 0.1625 0.9085 0.0000 0.0000 0.0000 0.0000 0.0000 0.0000 0.0000 
7 1786 1543 2211 1860 2275  818 2862  807 -1.8594 3.5864 0.0227 0.2422 1.3478 0.1625 0.9085 0.0000 0.0000 0.0000 0.0000 0.0000 0.0000 0.0000 
8 1945 2871 2903 2923 2665 2553 1418 2390 -1.7969 2.9033 0.0885 0.0234 0.0000 0.1625 0.9085 0.0000 0.0000 0.0000 0.0000 0.0000 0.0000 0.0000 
9 1646  177 2473  358  783 2927  683 1100 -1.3438 5.9911 0.1592 0.1641 0.0000 0.1625 0.9085 0.0000 0.0000 0.0000 0.0000 0.0000 0.0000 0.0000 
10 1985 2220  188 2086 1634 2227 2028 1364 -1.6562 5.0778 0.2147 0.0078 0.0000 0.1625 0.9085 0.0000 0.0000 0.0000 0.0000 0.0000 0.0000 0.0000 
11 2813 1146  601 2197 1366 1161 1618  165 -1.5938 3.3297 0.2008 0.0156 0.0000 0.1625 0.9085 0.0000 0.0000 0.0000 0.0000 0.0000 0.0000 0.0000 
12 1476 2619  986 2629 2030  978 1014 1876 -1.2188 6.5030 0.1340 0.0703 0.0000 0.1625 0.9085 0.0000 0.0000 0.0000 0.0000 0.0000 0.0000 0.0000 
13  573  550  391 1730 1135 2024  283  566 -1.3516 7.9778 0.2194 0.1016 0.0000 0.1625 0.9085 0.0000 0.0000 0.0000 0.0000 0.0000 0.0000 0.0000 
14  459 1978 1961  700 2817  538 1768  303 -1.5312 5.3691 0.1111 0.0469 1.6667 0.1625 0.9085 0.0000 0.0000 0.0000 0.0000 0.0000 0.0000 0.0000 
15 1269  730 1642 1375 2543  273 1867 2983 -1.6797 4.0305 0.1848 0.0938 0.0000 0.1625 0.9085 0.0000 0.0000 0.0000 0.0000 0.0000 0.0000 0.0000 
16  935 2785 1532  227 1106  507  828 2773 -0.8672 5.9901 0.0937 0.0234 0.0000 0.1625 0.9085 0.0000 0.0000 0.0000 0.0000 0.0000 0.0000 0.0000 
17 2304  443 2396  631  284 1504  640 1837 -2.6719 5.0726 0.0698 0.4844 7.3750 0.1625 0.9085 0.0000 0.0000 0.0000 0.0000 0.0000 0.0000 0.0000 
18 2479  269  756 1086 2242 1364  427 1414 -1.1797 6.3848 0.3470 0.0156 0.0000 0.1625 0.9085 0.0000 0.0000 0.0000 0.0000 0.0000 0.0000 0.0000 
19  790 2443 1186 2450 1547 2673  116  468 -1.3984 5.2809 0.1730 0.0703 0.0000 0.1625 0.9085 0.0000 0.0000 0.0000 0.0000 0.0000 0.0000 0.0000 
20 2188 2305  250 2266 1900 1678 2540 1121 -1.9844 5.9840 0.2191 0.0234 0.0000 0.1625 0.9085 0.0000 0.0097 88.0000 3.5034 0.2382 1.1361 4.8778 
21 2304  443 2396  631  283 1503  639 1837 -2.2500 17.4488 0.0698 0.4844 8.7143 0.1439 0.8616 0.0008 0.0064 47.0000 1.9174 0.2161 0.7441 2.8775 
22 2204 2428  290 2331 1945 1439 2609 1213 -2.2812 3.6368 0.2314 0.0078 0.0000 0.1391 0.7086 0.0004 0.0094 44.0000 1.5831 0.2588 0.9872 2.8292 
23 2352  437 2422  634  318 1509  706 1881 -2.3438 6.7313 0.0604 0.4062 3.6154 0.1951 0.6927 0.0000 0.0097 62.0000 2.3317 0.2154 0.7294 3.2765 
24 2270  439 2382  624  204 1458  536 1800 -2.6719 3.3246 0.0863 0.5547 12.1667 0.2477 0.6682 0.0002 0.0096 47.0000 1.6642 0.1836 0.8464 2.6942 
25 2270  428 2388  618  160 1429  491 1793 -2.7500 6.6614 0.1002 0.5078 10.0000 0.3444 0.6721 0.0003 0.0093 35.0000 1.2987 0.1586 0.8054 2.2628 
26 2270  413 2397  609  103 1393  432 1783 -2.7500 3.4488 0.1174 0.5234 11.1667 0.3930 0.6719 0.0004 0.0084 46.0000 1.6509 0.2189 0.7470 2.6168 
27 2277  394 2412  599  100 1356  378 1778 -2.6016 14.2573 0.1282 0.5625 8.3333 0.4448 0.6702 0.0003 0.0099 54.0000 1.8224 0.1519 0.8808 2.8551 
28 2285  389 2419  597  100 1354  382 1783 -2.7188 4.0935 0.1261 0.5156 8.0000 0.4872 0.6622 0.0002 0.0090 54.0000 1.9748 0.1522 0.6990 2.8261 
29 2296  373 2434  590  100 1332  355 1785 -2.3828 13.7499 0.1303 0.5859 6.7000 0.5249 0.6671 0.0002 0.0098 45.0000 1.6047 0.2802 0.8668 2.7517 
30 2328  409 2476  582  100 1344  359 1788 -2.6875 5.0669 0.1298 0.4922 5.5833 0.5368 0.6656 0.0000 0.0099 98.0000 3.2867 0.1615 0.9617 4.4100 
31 2343  375 2493  573  100 1318  346 1800 -2.5078 7.7007 0.1343 0.5703 12.1667 0.5720 0.6768 0.0002 0.0096 59.0000 1.9720 0.1527 0.7261 2.8507 
32 2258  289 2397  593  100 1314  367 1845 -2.5312 11.8730 0.1223 0.5000 6.8889 0.5864 0.6887 0.0000 0.0099 72.0000 2.5822 0.1930 0.7024 3.4776 
33 2379  478 2503  581  100 1346  357 1709 -2.6016 6.5250 0.1321 0.5703 10.7143 0.6059 0.7027 0.0001 0.0092 54.0000 1.9137 0.1592 0.7417 2.8146 
34 2421  417 2562  553  100 1300  363 1730 -2.7656 2.3856 0.1395 0.6562 4.5333 0.6302 0.7172 0.0000 0.0098 73.0000 2.5366 0.2608 0.6924 3.4899 
35 2452  398 2598  539  100 1270  343 1730 -2.6641 6.1776 0.1485 0.5312 7.6000 0.6672 0.7329 0.0001 0.0099 61.0000 2.1798 0.1662 0.6970 3.0430 
36 2470  385 2620  530  100 1252  330 1733 -2.5703 5.0344 0.1506 0.6016 6.6000 0.6909 0.7486 0.0001 0.0099 52.0000 1.7799 0.1539 0.7512 2.6850 
37 2490  367 2642  522  100 1234  318 1740 -2.7656 5.6612 0.1547 0.6016 10.1250 0.7031 0.7629 0.0001 0.0095 59.0000 2.0126 0.1555 0.7628 2.9309 
38 2503  352 2659  515  100 1217  305 1745 -2.6406 3.3659 0.1596 0.5156 8.2222 0.7341 0.7817 0.0001 0.0099 56.0000 2.0222 0.1553 0.7600 2.9374 
39 2516  340 2674  508  100 1204  296 1748 -2.7578 4.8621 0.1627 0.6328 7.2000 0.7491 0.7979 0.0001 0.0098 53.0000 1.8181 0.1559 0.9450 2.9190 
40 2530  326 2692  501  100 1188  285 1752 -2.7656 4.3541 0.1656 0.5391 7.7000 0.7733 0.8170 0.0001 0.0088 57.0000 2.2197 0.1845 0.9107 3.3149 
41 2562  301 2730  485  100 1157  264 1757 -2.8516 2.5211 0.1752 0.5234 3.7500 0.7954 0.8362 0.0001 0.0098 55.0000 2.1315 0.2305 0.9653 3.3273 
42 2626  248 2807  454  100 1093  223 1770 -2.7969 3.8639 0.1908 0.5625 3.0588 0.8231 0.8582 0.0001 0.0094 57.0000 2.0396 0.1543 0.7955 2.9893 
43 2663  213 2852  436  100 1055  199 1780 -2.5391 14.3134 0.1980 0.4688 3.2778 0.8458 0.8768 0.0001 0.0088 56.0000 2.1392 0.3197 0.9283 3.3871 
44 2674  283 2825  431  100 1132  170 1801 -2.6250 6.1732 0.1912 0.5156 3.2105 0.8358 0.8743 0.0000 0.0099 79.0000 2.9827 0.1816 0.9097 4.0740 
45 2541  212 2786  493  100 1018  332 1665 -2.4688 14.9439 0.1873 0.4219 3.5333 0.8419 0.8897 0.0001 0.0095 59.0000 2.2211 0.1507 0.8140 3.1858 
46 2639  384 2708  452  100 1297  122 1896 -2.5156 4.2990 0.1591 0.5625 4.1875 0.8364 0.9007 0.0001 0.0091 64.0000 2.5067 0.1571 0.9709 3.6347 
47 2542  342 2638  238  100 1136  339 1706 -1.7969 10.9348 0.2218 0.5156 1.9130 0.8445 0.9154 0.0000 0.0098 66.0000 2.4273 0.1509 0.7658 3.3440 
48 2540  271 2855 1038  100 1271  156 1829 -2.2891 8.7268 0.1984 0.3828 2.2174 0.7000 1.0055 0.0002 0.0090 58.0000 2.1014 0.1642 1.1097 3.3752 
49 2420  385 2766  681  100 1301  335 1883 -2.7109 4.2544 0.1141 0.5078 8.4444 0.6696 0.9285 0.0001 0.0087 63.0000 2.1767 0.1905 0.8299 3.1971 
50 2383  379 2790  671  100 1302  325 1911 -2.7656 6.3383 0.1147 0.5078 10.1667 0.6828 0.9423 0.0001 0.0097 75.0000 3.1107 0.1605 0.8274 4.0986 
51 2362  377 2809  666  100 1302  322 1932 -2.2031 19.5175 0.1149 0.4844 6.6364 0.6919 0.9585 0.0001 0.0080 61.0000 2.3590 0.1609 1.0095 3.5293 
52 2617  330 2535  730  100 1286  286 1697 -2.9219 3.9309 0.1286 0.6094 5.8462 0.6917 0.9703 0.0002 0.0097 64.0000 2.4186 0.1575 0.7690 3.3451 
53 2678  320 2499  765  100 1293  282 1669 -2.7969 5.7852 0.1293 0.6406 8.6000 0.6712 1.0092 0.0002 0.0096 54.0000 2.1660 0.1570 1.0813 3.4043 
54 2707  313 2481  779  100 1294  278 1657 -2.2969 16.5726 0.1314 0.6328 8.8889 0.6817 1.0232 0.0003 0.0098 62.0000 2.4578 0.1586 0.8849 3.5014 
55 2504  516 2606  758  100 1228  168 1552 -2.6016 4.4778 0.1630 0.4922 5.6364 0.7125 1.0006 0.0001 0.0100 72.0000 2.6858 0.1574 0.8087 3.6519 
56 2609  277 2445  766  100 1093  261 1915 -2.7500 5.5118 0.1269 0.6406 6.4545 0.7285 1.0101 0.0001 0.0092 72.0000 2.7689 0.1562 0.8277 3.7528 
57 2625  176 2398  772  100 1077  198 1964 -2.9219 3.7576 0.1274 0.6172 5.8462 0.7491 1.0225 0.0001 0.0098 69.0000 2.4738 0.1536 0.8028 3.4302 
58 2469 2859  100 2752 2341 1230 3000  895 -2.1406 2.7202 0.0774 0.0547 0.0000 0.7641 1.0470 0.0001 0.0095 65.0000 2.5147 0.4390 1.2206 4.1742 
59 2639  143 2372  784  100 1050  178 1995 -2.6797 8.7549 0.1294 0.5781 10.0000 0.7593 1.0253 0.0002 0.0095 58.0000 2.2161 0.1537 0.8517 3.2215 
60 2662  100 2347  792  100 1024  141 2034 -2.9297 6.2076 0.1287 0.6484 10.2500 0.7699 1.0343 0.0001 0.0096 67.0000 2.8392 0.1623 0.8244 3.8258 
61 2676  100 2325  800  100 1001  117 2063 -2.3125 23.5236 0.1303 0.6250 11.8571 0.7850 1.0567 0.0002 0.0100 60.0000 2.2155 0.1508 0.8184 3.1847 
62 2578  100 2457  830  100 1054  428 1836 -2.7734 5.6254 0.1302 0.5781 8.7778 0.7707 1.0500 0.0002 0.0097 66.0000 2.8190 0.1537 0.8365 3.8093 
63 2578  100 2454  858  100  993  456 1824 -2.7734 4.8853 0.1389 0.5234 10.4286 0.7812 1.0649 0.0001 0.0096 67.0000 2.6694 0.1539 1.0357 3.8590 
64 2560  100 2446  886  100  925  453 1799 -2.9531 2.8482 0.1551 0.5391 7.0000 0.7901 1.0813 0.0001 0.0096 81.0000 3.1297 0.1529 0.9232 4.2058 
65 2558  100 2443  918  100  861  482 1782 -2.5469 7.8088 0.1635 0.5234 3.9333 0.7963 1.1062 0.0002 0.0098 66.0000 2.6997 0.1508 0.9031 3.7536 
66 2733  100 2485  813  100 1117  519 1947 -2.6406 9.2399 0.0989 0.5234 9.2500 0.8016 1.1069 0.0002 0.0093 66.0000 2.6469 0.1625 0.9187 3.7281 
67 2409  100 2391  866  100 1005  240 1697 -2.7031 8.7143 0.1545 0.6016 4.9167 0.8125 1.1204 0.0002 0.0095 69.0000 2.5990 0.1447 0.8502 3.5938 
68 2570  355 2440  871  100  862  348 1845 -2.8359 6.0122 0.1606 0.6328 7.5000 0.8232 1.1339 0.0001 0.0086 64.0000 2.8235 0.1554 0.8247 3.8036 
69 2591  376 2444  889  100  805  342 1846 -2.7109 6.1441 0.1678 0.4531 5.2308 0.8310 1.1507 0.0001 0.0095 54.0000 2.0572 0.1526 0.9219 3.1317 
70 2597  106 2471  935  100  647  248 1756 -2.6641 4.6185 0.1812 0.4688 3.9333 0.8398 1.1642 0.0001 0.0092 53.0000 2.2606 0.2761 1.1556 3.6923 
71 2660  420 2440  868  100  911  431 1932 -2.6562 6.5108 0.1356 0.5625 5.4167 0.8480 1.1779 0.0001 0.0085 60.0000 2.5666 0.1870 0.8963 3.6498 
72 2303  100 2402  891  100  894  351 1924 -2.9453 2.3671 0.1545 0.5391 5.6000 0.8566 1.1921 0.0001 0.0096 72.0000 3.0617 0.1464 0.9275 4.1356 
73 2259  100 2395  906  100  859  348 1947 -2.8359 3.1304 0.1572 0.4688 7.1111 0.8688 1.2162 0.0002 0.0097 64.0000 2.5073 0.2453 1.0953 3.8479 
74 2232  100 2391  917  100  833  346 1963 -2.6641 4.0201 0.1615 0.3672 5.6000 0.8760 1.2356 0.0002 0.0100 66.0000 2.9317 0.1712 0.8950 3.9980 
75 2245  100 2314  946  100  896  271 1792 -2.9609 1.8331 0.1645 0.4375 4.5000 0.8824 1.2452 0.0001 0.0097 77.0000 3.3331 0.1763 0.9357 4.4451 
76 2211  100 2291  968  100  870  243 1771 -2.7344 3.1572 0.1672 0.4922 5.5455 0.8906 1.2704 0.0002 0.0099 72.0000 2.9946 0.1424 1.0219 4.1588 
77 2188  100 2328  949  100  809  169 1796 -2.5469 4.7379 0.1648 0.4219 4.3846 0.8972 1.2833 0.0001 0.0098 70.0000 2.9057 0.1389 0.8194 3.8639 
78 2324  100 2323  968  100  963  535 1949 -2.6562 6.0699 0.1445 0.5078 6.4000 0.8899 1.2904 0.0001 0.0097 74.0000 3.0156 0.1507 0.9120 4.0782 
79 2354  100 2535  840  100  772  394 2072 -2.6406 6.4840 0.1419 0.4922 9.7143 0.8974 1.3023 0.0001 0.0092 91.0000 3.5310 0.1508 0.8538 4.5355 
80 2410  100 2252  931  100 1005  381 1639 -2.8516 2.0487 0.1581 0.5156 5.0000 0.9005 1.3187 0.0001 0.0099 86.0000 3.6260 0.1444 0.8901 4.6604 
81 2414  100 2226  944  100  982  391 1605 -2.3359 16.6343 0.1615 0.5547 6.2727 0.9062 1.3384 0.0001 0.0095 72.0000 2.7874 0.1442 0.9756 3.9072 
82 2310  100 2417  913  100 1069  213 2061 -2.6562 5.5187 0.1321 0.4297 8.5714 0.8923 1.3354 0.0002 0.0089 75.0000 3.1384 0.1505 0.8736 4.1625 
83 2331  100 2655  911  100  861  398 1801 -2.6172 5.7657 0.1717 0.4062 6.6667 0.8965 1.3512 0.0001 0.0086 80.0000 3.1406 0.1935 0.8814 4.2156 
84 2399  394 2339  846  100  905  202 1950 -2.9922 2.8267 0.1488 0.6016 5.0000 0.9002 1.3680 0.0001 0.0099 67.0000 2.8288 0.1534 0.8743 3.8565 
85 2384  457 2309  856  100  863  146 1980 -2.9609 2.3370 0.1529 0.5312 5.9091 0.8882 1.3875 0.0002 0.0093 60.0000 2.5091 0.1518 0.8906 3.5515 
86 2377  482 2297  860  100  847  123 1992 -2.6875 3.2874 0.1543 0.4688 4.2000 0.8797 1.4121 0.0002 0.0093 66.0000 2.7681 0.3338 1.0628 4.1647 
87 2384  480 2303  857  100  801  100 2007 -2.8203 2.3218 0.1571 0.5469 4.5714 0.8915 1.4202 0.0001 0.0095 68.0000 2.5581 0.1511 0.9242 3.6334 
88 2372  434 2200  845  100  821  204 2080 -3.0469 3.0214 0.1420 0.4844 6.2727 0.8952 1.4375 0.0001 0.0090 79.0000 3.6005 0.2314 0.9071 4.7390 
89 2363  441 2113  852  100  716  157 2185 -3.0547 2.2411 0.1426 0.5312 5.7000 0.8938 1.4624 0.0002 0.0093 61.0000 2.3772 0.2268 0.9054 3.5095 
90 2360  444 2080  854  100  677  139 2225 -3.0547 1.9261 0.1430 0.5469 11.6667 0.8989 1.4941 0.0002 0.0098 60.0000 2.3709 0.2367 1.0254 3.6330 
91 2358  446 2064  855  100  661  133 2243 -2.7969 4.5096 0.1431 0.5000 5.2500 0.8984 1.5197 0.0002 0.0095 56.0000 2.2439 0.1451 0.8247 3.2137 
92 2363  443 2047  858  100  620  106 2276 -3.1094 1.8935 0.1424 0.4141 6.2000 0.9110 1.5227 0.0001 0.0097 62.0000 2.5788 0.1443 0.8783 3.6014 
93 2367  433 1995  864  100  535  100 2354 -2.8047 2.0639 0.1417 0.5078 6.8182 0.9159 1.5465 0.0001 0.0085 69.0000 2.5935 0.1446 0.8373 3.5753 
94 2423  457 2045  901  100  447  100 2378 -3.2266 1.7987 0.1462 0.5000 5.2500 0.9209 1.5472 0.0001 0.0099 81.0000 3.4955 0.1446 0.8916 4.5317 
95 2481  435 2010  937  100  244  100 2517 -3.0938 1.1880 0.1436 0.4844 5.5714 0.9399 1.5781 0.0002 0.0097 66.0000 2.5021 0.1447 0.9395 3.5863 
96 2506  418 1996  950  100  162  100 2574 -3.1562 1.0305 0.1415 0.5312 6.0000 0.9567 1.5994 0.0002 0.0097 70.0000 2.7749 0.1447 0.9102 3.8299 
97 2523  406 1987  958  100  107  100 2613 -3.1250 1.3071 0.1399 0.5156 5.2308 0.9691 1.6202 0.0001 0.0095 72.0000 3.1180 0.1451 0.9470 4.2101 
98 2538  395 1980  965  100  100  100 2646 -2.9062 4.7628 0.1388 0.6328 8.1111 0.9797 1.6313 0.0002 0.0087 78.0000 3.3528 0.1712 0.9214 4.4453 
99 2605  534 2035  983  100  100  100 2510 -2.8281 3.2458 0.1513 0.4766 5.3636 0.9822 1.6244 0.0001 0.0098 87.0000 3.4097 0.1462 0.9098 4.4658 
100 2342  229 1914  886  100  204  100 2696 -2.9844 3.7005 0.1269 0.5078 7.3333 0.9839 1.6281 0.0002 0.0099 74.0000 3.1139 0.1885 0.8813 4.1836 
101 2391  145 1876  903  100  100  100 2788 -2.9688 1.7943 0.1274 0.5469 7.1000 0.9961 1.6358 0.0001 0.0098 108.0000 4.1425 0.1395 0.8694 5.1514 
102 2418  403 2064 1006  100  380  100 2791 -2.9688 3.2431 0.1359 0.5547 6.5000 1.0049 1.6447 0.0001 0.0098 100.0000 3.7921 0.1935 1.2373 5.2228 
103 2335  326 1942  715  100  100  100 2470 -2.7109 5.0260 0.1394 0.5078 5.6667 1.0171 1.6558 0.0001 0.0099 101.0000 3.9346 0.2095 0.8928 5.0369 
104 2560  357 1934 1227  100  360  100 2679 -2.5156 6.7714 0.1573 0.4453 6.3000 1.0073 1.6693 0.0002 0.0100 68.0000 2.5725 0.1520 0.8250 3.5495 
105 2454  483 2245  683  100  249  100 2674 -3.0078 2.1180 0.1613 0.5312 5.1538 0.9664 1.6456 0.0002 0.0099 84.0000 3.2203 0.1491 1.0068 4.3762 
106 2513  418 2272  643  100  100  100 2816 -3.0234 2.1491 0.1661 0.5859 6.0909 0.9803 1.6564 0.0001 0.0096 94.0000 3.8535 0.1465 0.9790 4.9790 
107 2605  380 2201  561  100  100  100 2928 -2.8672 3.0925 0.1757 0.5078 5.1429 0.9918 1.6681 0.0001 0.0097 85.0000 3.1662 0.1471 0.9203 4.2336 
108 2266  494 2327  841  100  144  100 2562 -2.5703 7.4281 0.1638 0.4453 6.8000 0.9973 1.6761 0.0002 0.0098 81.0000 3.3116 0.3092 1.1441 4.7649 
109 2683  403 1869  621  100  360  100 2630 -2.9844 2.1100 0.1628 0.5234 8.7500 0.9764 1.6792 0.0002 0.0091 71.0000 2.6973 0.1640 0.9911 3.8525 
110 2799  303 1803  582  100  178  100 2752 -3.0078 3.0944 0.1536 0.6250 6.7273 0.9906 1.6906 0.0001 0.0096 70.0000 2.7324 0.1420 0.8224 3.6968 
111 2821  181 1754  540  100  100  100 2951 -3.0391 4.4788 0.1322 0.5312 5.2143 1.0023 1.7035 0.0001 0.0097 85.0000 3.5439 0.1416 1.0257 4.7111 
112 2879  100 1705  486  100  100  100 3000 -2.6094 5.1061 0.1174 0.5156 7.8889 1.0151 1.7195 0.0001 0.0098 129.0000 4.9805 0.1412 1.0591 6.1808 
113 2644  616 1916  652  100  421  100 2549 -2.7812 3.5108 0.1871 0.5469 5.4167 0.9925 1.7136 0.0001 0.0098 75.0000 2.9693 0.1476 0.9069 4.0238 
114 2763  176 2084  746  100  100  100 2492 -2.8828 2.7814 0.1404 0.6250 5.3077 1.0034 1.7219 0.0002 0.0094 82.0000 3.4370 0.1416 0.8990 4.4776 
115 2367  216 1939  640  100  509  100 2717 -2.6016 7.5014 0.1068 0.4531 6.5000 1.0146 1.7385 0.0002 0.0098 66.0000 2.5020 0.1414 0.9138 3.5573 
116 2974  578 2102  792  100  100  100 2659 -2.5391 6.4709 0.1750 0.3906 2.9444 0.9943 1.7470 0.0002 0.0100 87.0000 3.5116 0.1529 0.9097 4.5743 
117 2472  291 1840  797  100  100  411 2543 -2.7344 6.2124 0.1268 0.5156 5.0769 0.9568 1.7477 0.0002 0.0093 66.0000 2.4942 0.1415 0.9363 3.5719 
118 2504  100 2176  852  100  100  100 3000 -3.1875 2.9567 0.1269 0.5078 4.6923 0.9587 1.7490 0.0006 0.0098 122.0000 5.1361 0.1465 0.8650 6.1476 
119 2510  100 2245  883  100  100  100 3000 -2.9297 3.1682 0.1317 0.5859 6.2727 0.9482 1.7571 0.0006 0.0099 115.0000 4.4769 0.1486 0.9186 5.5441 
120 2337  100 2141  858  100  100  100 3000 -3.0469 1.2734 0.1261 0.5625 11.0000 0.9592 1.7677 0.0002 0.0096 134.0000 5.1352 0.1443 0.8847 6.1643 
121 2546  100 2332  890  100  100  100 3000 -2.8906 4.4604 0.1347 0.6250 7.8000 0.9630 1.7815 0.0003 0.0097 125.0000 5.2232 0.1502 0.8943 6.2677 
122 2230  100 1955  836  100  100  100 3000 -2.9375 3.1299 0.1189 0.5469 6.6000 0.9685 1.7941 0.0004 0.0098 115.0000 4.2552 0.1421 0.9350 5.3324 
123 2482  100 2098  813  367  100  100 3000 -3.0859 2.2996 0.1308 0.5078 9.6250 0.9760 1.8061 0.0005 0.0099 90.0000 3.9442 0.1484 0.9330 5.0255 
124 2484  100 2109  811  446  100  100 3000 -2.8438 4.0699 0.1330 0.5156 8.5000 0.9686 1.8141 0.0006 0.0098 93.0000 3.7280 0.1770 0.9946 4.8996 
125 2337  100 2177  589  100  100  100 3000 -2.7109 3.5300 0.1052 0.4688 4.8333 0.9828 1.8201 0.0008 0.0100 112.0000 4.5481 0.1418 1.2177 5.9076 
126 2585  100 1947 1054  100  100  100 3000 -2.9219 2.8757 0.1408 0.6172 7.1000 0.9700 1.8314 0.0006 0.0090 122.0000 4.7357 0.1501 0.9486 5.8344 
127 2307  100 2091 1183  100  100  100 3000 -2.6484 5.5683 0.1935 0.4609 6.6667 0.9774 1.8437 0.0003 0.0099 149.0000 5.9215 0.1482 1.0258 7.0956 
128 2611  100 2084  810  331  100  100 2693 -2.8047 5.0088 0.1450 0.5469 5.2308 0.9446 1.8524 0.0005 0.0095 84.0000 3.5333 0.1455 0.9002 4.5790 
129 2490  429 1883  792  100  100  100 3000 -3.0000 2.4567 0.1377 0.5156 8.5000 0.9540 1.8650 0.0007 0.0098 82.0000 3.1044 0.1476 1.1366 4.3886 
130 2470  455 1845  790  100  100  100 3000 -2.8438 5.9754 0.1391 0.5703 5.8182 0.9524 1.8794 0.0005 0.0100 113.0000 4.3622 0.1459 0.9756 5.4837 
131 2677  191 2135  792  100  328  100 3000 -3.0234 4.7947 0.1073 0.6328 10.1429 0.9649 1.8898 0.0005 0.0093 82.0000 3.5106 0.1577 0.9583 4.6266 
132 2799  100 2192  803  100  100  100 3000 -3.0469 6.5805 0.1269 0.6016 11.4286 0.9671 1.8999 0.0007 0.0077 125.0000 4.6405 0.1513 0.9568 5.7486 
133 2770  100 2214  780  100  312  100 3000 -3.1484 5.3557 0.1085 0.7109 12.1429 0.9660 1.9106 0.0004 0.0099 108.0000 4.4538 0.1583 1.0796 5.6917 
134 2811  100 2271  770  100  350  100 3000 -3.1094 2.7753 0.1038 0.6328 9.2222 0.9624 1.9183 0.0004 0.0095 94.0000 3.7885 0.1587 1.0463 4.9936 
135 3000 3000 3000 3000 3000  100 3000  100 -1.1797 6.3218 0.1857 0.0469 0.0000 0.9618 1.9287 0.0010 0.0095 136.0000 5.8194 0.3126 1.3823 7.5143 
136 2851  100 2331  764  100  376  100 3000 -2.6875 6.8780 0.1017 0.6328 9.7500 1.0273 2.0352 0.0004 0.0095 100.0000 4.1015 0.1835 1.2527 5.5377 
137 2695  100 2109  805  100  100  345 3000 -2.8281 4.2694 0.1094 0.6562 7.2727 1.0248 2.0445 0.0007 0.0098 96.0000 3.7075 0.1517 1.2295 5.0887 
138 2642  100 1989  816  100  383  100 3000 -3.0625 5.3346 0.1065 0.5938 8.1111 1.0342 2.0617 0.0005 0.0094 107.0000 4.1208 0.3039 1.1218 5.5465 
139 2611  287 2071  803  100  441  100 3000 -2.8203 5.1879 0.0991 0.5703 15.0000 1.0349 2.0737 0.0005 0.0097 99.0000 3.9807 0.1580 1.1248 5.2635 
140 2633  100 2078  815  100  261  100 2706 -2.5625 15.3976 0.1275 0.6641 6.2500 1.0399 2.0882 0.0004 0.0097 99.0000 4.3477 0.1713 1.1209 5.6399 
141 2696  318 2101  815  386  100  100 3000 -2.5703 6.9714 0.1345 0.6094 4.0625 1.0436 2.1082 0.0003 0.0093 91.0000 4.1192 0.1861 1.1299 5.4352 
142 2362  540 1815  899  100  464  100 2119 -3.0312 1.2116 0.1655 0.4531 4.0833 1.0538 2.1224 0.0003 0.0099 85.0000 3.5214 0.1401 1.0632 4.7248 
143 2341  550 1758  908  100  432  100 2082 -2.6016 4.4620 0.1884 0.4688 3.6000 1.0553 2.1480 0.0002 0.0100 81.0000 3.5158 0.1608 1.0185 4.6951 
144 2436  346 2252  750  100  515  100 3000 -2.8594 5.5391 0.0949 0.5938 5.0769 1.0564 2.1405 0.0002 0.0100 99.0000 4.1076 0.1570 1.0661 5.3306 
145 2533  100 1653  856  100  100  100 3000 -2.8359 3.6815 0.1056 0.5391 6.0000 1.0593 2.1557 0.0006 0.0100 131.0000 5.5027 0.1650 1.1478 6.8155 
146 1080 3000  100 3000 3000 2966 3000  100 -2.2344 0.8580 0.1741 0.0938 0.0000 1.0635 2.1700 0.0000 0.0097 183.0000 7.7176 0.2547 1.4059 9.3783 
147  100 3000  100 3000 3000 3000 3000 1824 -1.3906 3.0273 0.1300 0.0078 0.0000 1.0591 2.0870 0.0002 0.0098 221.0000 9.0336 0.2667 1.4596 10.7598 
148 2723  100 2479  524  100  100  100 3000 -3.0234 2.5270 0.1635 0.6016 9.1250 1.0931 2.1189 0.0006 0.0096 138.0000 5.7178 0.1888 1.0863 6.9928 
149 2415  634 2164  871  100  716  100 2494 -2.5859 4.1185 0.1149 0.5859 5.3846 1.1060 2.1378 0.0003 0.0098 65.0000 2.6180 0.1544 1.1549 3.9274 
150 1678 3000  100 3000 1157 1297 3000  100 -1.6562 4.9203 0.0663 0.0234 0.0000 1.0776 2.1185 0.0001 0.0099 133.0000 5.3879 0.2309 1.2717 6.8905 
151 2807  100 2608  463  100  100  100 3000 -2.9141 1.6067 0.1826 0.5312 5.1538 1.0905 2.0945 0.0003 0.0097 134.0000 5.7222 0.1522 1.0507 6.9251 
152 2629  100 2241  361  100  100  100 3000 -2.7578 2.8149 0.1578 0.5000 4.1667 1.0993 2.1112 0.0007 0.0094 124.0000 4.9762 0.1419 1.1490 6.2671 
153 2819  100 2679  895  100  100  100 3000 -2.7500 3.5433 0.1695 0.4297 5.8182 1.0954 2.1216 0.0005 0.0099 151.0000 6.4478 0.1616 1.1274 7.7367 
154 2572  100 2196  734  100  100  439 3000 -2.7812 4.7549 0.1059 0.5703 8.6250 1.0918 2.1310 0.0006 0.0097 113.0000 4.6280 0.1525 1.3745 6.1551 
155 2480  150 2076  797  100  319  100 2291 -3.2422 1.0669 0.1297 0.5391 6.9000 1.0915 2.1429 0.0002 0.0098 83.0000 3.5146 0.1400 1.0890 4.7436 
156 2477  100 2061  781  100  250  100 2234 -2.5859 5.1422 0.1426 0.5312 3.9412 1.0940 2.1386 0.0004 0.0098 85.0000 3.4308 0.1351 1.1947 4.7606 
157 2326  100 2556  685  100  100  100 3000 -2.8984 2.9739 0.1267 0.4297 4.6667 1.0859 2.1558 0.0005 0.0098 133.0000 5.6251 0.1536 1.0915 6.8702 
158 2951  100 2039  904  100  100  100 3000 -3.1562 5.6132 0.1164 0.6328 7.4000 1.0974 2.1761 0.0007 0.0100 155.0000 6.6993 0.1534 1.1880 8.0407 
159 3000  100 1989  971  100  100  100 3000 -2.8750 7.1024 0.1092 0.6562 12.1429 1.0990 2.1849 0.0009 0.0075 155.0000 6.2107 0.2274 1.2822 7.7203 
160 3000  100 1830 1005  100  100  100 3000 -2.8359 5.0989 0.1028 0.6328 9.2222 1.1035 2.2004 0.0005 0.0099 164.0000 6.7758 0.1522 1.0147 7.9428 
161 2592  100 1890  905  100  492  100 2456 -3.0547 2.4458 0.1207 0.5703 7.0000 1.1046 2.2144 0.0003 0.0097 91.0000 3.8251 0.1824 1.2768 5.2843 
162 2604  100 1788  915  100  530  100 2434 -2.9219 5.7891 0.1142 0.5703 10.7143 1.1203 2.2341 0.0003 0.0097 100.0000 3.8320 0.1887 1.0583 5.0791 
163 2583  100 2186  882  100  408  100 2560 -2.9922 2.9842 0.1386 0.5703 5.7500 1.1263 2.2516 0.0003 0.0099 99.0000 4.3632 0.1469 1.0082 5.5183 
164 2877  100 1957  759  100  535  100 3000 -2.9453 3.8159 0.0958 0.5312 12.8333 1.1326 2.2692 0.0004 0.0096 136.0000 5.9651 0.1600 1.3977 7.5228 
165 2816  100 1971  855  100  444  100 2530 -3.1250 2.0945 0.1271 0.6172 5.3333 1.1414 2.2879 0.0001 0.0100 113.0000 4.6398 0.1504 1.0733 5.8636 
166 2888  100 1875  882  100  451  100 2474 -3.2422 3.4921 0.1239 0.5703 7.7000 1.1461 2.2976 0.0002 0.0100 96.0000 4.4532 0.2104 1.2443 5.9079 
167 2967  100 1811  897  100  463  100 2437 -2.9688 9.8573 0.1218 0.6484 10.7143 1.1312 2.2809 0.0004 0.0100 101.0000 3.8725 0.1488 1.2308 5.2521 
168 2979  100 1793  902  100  464  100 2433 -3.0703 3.2312 0.1224 0.5859 8.2500 1.1356 2.2959 0.0001 0.0097 104.0000 4.3061 0.1483 1.0537 5.5081 
169 3000  100 1716  938  100  416  100 2380 -3.1328 3.6121 0.1129 0.5469 9.5000 1.1303 2.2989 0.0001 0.0098 131.0000 5.6802 0.1458 1.2096 7.0356 
170 3000  100 1640  964  100  401  100 2346 -2.7344 5.6769 0.1040 0.6250 6.4545 1.1224 2.2980 0.0003 0.0099 119.0000 5.0011 0.2764 1.3905 6.6680 
171 3000  100 2009  782  100  507  100 2561 -2.8281 8.6474 0.1362 0.7031 12.4286 1.1300 2.3188 0.0004 0.0096 97.0000 3.7136 0.1535 1.0348 4.9018 
172 2770  100 1993 1046  100  391  100 2399 -3.0781 1.3639 0.1295 0.5078 6.0000 1.1362 2.3387 0.0005 0.0099 94.0000 3.9402 0.1469 1.0268 5.1140 
173 2792  100 1995 1070  100  359  100 2376 -2.9453 6.0049 0.1294 0.4766 6.9000 1.1370 2.3483 0.0002 0.0093 89.0000 3.8384 0.1466 1.2042 5.1892 
174 2756  100 1775  957  100  614  100 2587 -2.9453 5.2962 0.1094 0.5625 12.5000 1.1406 2.3646 0.0004 0.0097 96.0000 4.0090 0.1521 1.2062 5.3672 
175 2863  100 1873  975  100  100  100 2446 -2.6406 5.8541 0.1228 0.5234 5.4167 1.1442 2.3804 0.0003 0.0098 113.0000 4.6613 0.2493 1.3211 6.2317 
176 2720  100 1833  771  100  646  100 2420 -3.2891 2.0339 0.1198 0.5859 9.1250 1.1165 2.3731 0.0003 0.0098 96.0000 3.9633 0.1465 1.1066 5.2164 
177 2746  100 1716  735  100  742  100 2412 -2.9688 2.8967 0.1151 0.5234 9.7500 1.0966 2.3558 0.0005 0.0098 97.0000 4.2602 0.1732 1.3329 5.7662 
178 2891  100 1680  805  100  797  100 2613 -2.7734 9.8931 0.1159 0.6094 13.5000 1.1025 2.3722 0.0002 0.0097 102.0000 4.6619 0.1532 1.1063 5.9215 
179 2701  100 1899  692  100  563  100 2298 -2.8359 5.8233 0.1152 0.5781 7.1818 1.0933 2.3797 0.0005 0.0099 81.0000 3.5735 0.2922 1.4051 5.2709 
180 2587  100 1856 1048  100  669  100 2351 -2.9219 2.7498 0.1299 0.5156 8.2500 1.1077 2.4081 0.0005 0.0098 94.0000 4.1586 0.1473 1.2943 5.6003 
181 2772  325 1964  877  100  590  100 2319 -3.2578 1.7047 0.1389 0.6172 8.7778 1.1117 2.4244 0.0005 0.0099 77.0000 3.3290 0.1494 1.1444 4.6229 
182 3000 3000  100 2840 3000 3000 3000  100 -1.5547 2.0600 0.0682 0.0000 0.0000 1.0691 2.3957 0.0001 0.0095 184.0000 7.9539 0.2853 1.6100 9.8492 
183 2788  346 1949  883  100  601  100 2293 -3.1328 1.9586 0.1386 0.6797 9.8750 1.0760 2.4073 0.0007 0.0095 195.0000 8.6722 0.1499 1.1147 9.9368 
184 3000  100  100 3000 3000  100 3000 3000 -2.1484 4.5054 0.0241 0.1172 0.0000 1.0557 2.4005 0.0006 0.0075 174.0000 7.0355 0.5012 1.4930 9.0297 
185 2797  356 1940  886  100  608  100 2279 -3.2031 1.2340 0.1381 0.5547 7.3636 1.0454 2.2911 0.0007 0.0097 75.0000 3.5959 0.1489 1.1363 4.8811 
186 2805  367 1929  889  100  614  100 2262 -2.9453 3.7056 0.1413 0.5781 7.2000 1.0147 2.2795 0.0006 0.0085 78.0000 3.0313 0.1498 1.2854 4.4665 
187 2779  325 2011  870  100  579  100 2342 -2.9766 3.9758 0.1378 0.5078 9.2222 1.0334 2.3014 0.0004 0.0096 85.0000 3.8166 0.1496 1.3061 5.2723 
188 2791  369 1841  905  100  656  100 2212 -3.0312 2.2037 0.1370 0.6094 8.2000 1.0450 2.3204 0.0004 0.0100 86.0000 3.7781 0.1984 1.4174 5.3939 
189 2730  285 1940  874  100  586  286 2352 -3.0703 3.1525 0.1241 0.5938 17.6000 1.0449 2.3315 0.0006 0.0099 78.0000 3.0592 0.1537 1.3209 4.5339 
190 2775  324 1933  759  100  561  100 2233 -2.9375 6.7047 0.1536 0.5703 7.3000 1.0405 2.3391 0.0004 0.0104 92.0000 4.0299 0.1484 1.4787 5.6570 
191 2785  315 1958 1018  100  654  100 2368 -2.8750 13.3386 0.1114 0.5547 7.7000 1.0499 2.3584 0.0004 0.0092 91.0000 3.9946 0.2709 1.5707 5.8363 
192 3000 2482  100 3000 3000  100 3000 3000 -2.0000 5.3386 0.2990 0.0312 0.0000 1.0560 2.3757 0.0003 0.0095 152.0000 6.2328 0.3762 2.0133 8.6223 
193 2719  247 1930  853  100  574  335 2378 -3.0312 5.4163 0.1208 0.6406 11.6667 1.0691 2.3137 0.0004 0.0088 51.0000 2.0680 0.1542 1.2850 3.5072 
194 2734  238 2072  781  100  547  100 2424 -2.8594 7.5076 0.1418 0.6328 6.3636 1.0681 2.3238 0.0005 0.0099 88.0000 4.2004 0.1509 1.2013 5.5525 
195 2725  318 1715  875  100  677  100 2173 -3.0625 3.4764 0.1226 0.6172 8.3750 1.0784 2.3436 0.0005 0.0098 85.0000 3.3101 0.1469 1.3850 4.8420 
196 2811  367 1706  834  100  683  100 2151 -2.9766 3.3144 0.1421 0.5234 5.1538 1.0772 2.3546 0.0001 0.0095 111.0000 5.1156 0.1480 1.2288 6.4925 
197 2703  268 1834  896  100  611  356 2301 -3.0469 2.8167 0.1193 0.6250 9.7500 1.0795 2.3678 0.0006 0.0100 58.0000 2.3295 0.1524 1.3856 3.8674 
198 2711  266 1825  899  100  616  371 2300 -3.1016 1.8715 0.1179 0.6641 8.5000 1.0768 2.3779 0.0003 0.0094 76.0000 3.7864 0.1531 1.3382 5.2777 
199 2732  258 1808  900  100  623  397 2301 -2.8281 5.7340 0.1152 0.5156 7.2000 1.0697 2.3853 0.0002 0.0090 65.0000 2.5714 0.1542 1.2728 3.9985 
176 2720  100 1833  771  100  646  100 2420 -3.2891 2.0339 0.1198 0.5859 9.1250 1.1165 2.3731 0.0003 0.0098 96.0000 3.9633 0.1465 1.1066 5.2164 
