0  567 2446  325 2710 1607  817 1504  365 2769 2824  762  766 1666  669 -1.4844 5.8738 0.1034 0.0781 0.0000 0.0591 0.9116 0.0000 0.0000 0.0000 0.0000 0.0000 0.0000 0.0000 
1  242 1010 2294 2608 2955  287 1115 2765 2564  954  597 2268 1316  234 -0.8984 7.6353 0.0137 0.0078 0.0000 0.0591 0.9116 0.0000 0.0000 0.0000 0.0000 0.0000 0.0000 0.0000 
2  685 1619 1379 2410  629 1011  238 2630  665 1562 1244 2811 2372 1062 -1.5391 4.2819 0.2321 0.1719 0.0000 0.0591 0.9116 0.0000 0.0000 0.0000 0.0000 0.0000 0.0000 0.0000 
3 1484  304 2467  798 2696 2674 2350 2280 1941 1504 2724 1744  817 2174 -1.2109 8.7189 0.0633 0.1094 0.0000 0.0591 0.9116 0.0000 0.0000 0.0000 0.0000 0.0000 0.0000 0.0000 
4 1789  845  840 1927 2141 2991 1810 1068  836  429 1274 1842 1076 2107 -1.9766 3.5506 0.2018 0.0625 0.0000 0.0591 0.9116 0.0000 0.0000 0.0000 0.0000 0.0000 0.0000 0.0000 
5 2670 1915  461  425 1291 1949  590 1348  200 2351 1682  301 1859  963 -1.1719 12.0017 0.0202 0.0547 0.0000 0.0591 0.9116 0.0000 0.0000 0.0000 0.0000 0.0000 0.0000 0.0000 
6 2909 2792 2857 1058 1996 1409 2712 2051 1341 2691 1856 2640 2504 1313 -1.6641 6.9965 0.1216 0.0000 0.0000 0.0591 0.9116 0.0000 0.0000 0.0000 0.0000 0.0000 0.0000 0.0000 
7 1088 1441 2069 1301 1037 1725  683  626 1697  113 2661  644  649 2491 -0.6016 11.0762 0.1662 0.0391 0.0000 0.0591 0.9116 0.0000 0.0000 0.0000 0.0000 0.0000 0.0000 0.0000 
8 2245 2382 1648 1697  165 2286 2667  724 2313 2071  288 1522 2954 1722 -1.8594 4.8305 0.0308 0.0469 0.0000 0.0591 0.9116 0.0000 0.0000 0.0000 0.0000 0.0000 0.0000 0.0000 
9 2034  528 1200  160  684  621 2098 1793 1043 1247 2389  978  109 2973 -0.9844 7.4801 0.1511 0.1250 0.0000 0.0591 0.9116 0.0000 0.0000 0.0000 0.0000 0.0000 0.0000 0.0000 
10 2244 2381 1647 1696  164 2285 2666  723 2312 2070  287 1521 2954 1721 -1.6797 6.1564 0.0301 0.0938 0.0000 0.0591 0.9116 0.0008 0.0051 102.0000 10.4784 1.1412 3.3959 15.0155 
11 1764 2653  348 1850  854 2657  913 1715  557 2486 2871 2746 1509  541 -1.5625 5.1772 0.2043 0.0156 0.0000 0.0164 0.9122 0.0000 1.2540 700.0000 82.6184 0.9655 3.3758 86.9597 
12 1764 2454 2456 1920  854 2516 2043 1715  557 1307 2745  703 1509  541 -1.4844 3.8738 0.1353 0.0234 0.0000 0.0115 0.9129 0.0000 1.1287 700.0000 83.9046 1.1054 3.3467 88.3567 
13 2732 2425 2975 1920  564 2197 1512 1094 2350 1070 2336 1757 1703  401 -0.4922 12.3306 0.1526 0.0703 0.0000 0.0115 0.9104 0.0000 1.1855 700.0000 83.5389 0.8444 3.4572 87.8404 
14 1788  844  839 1926 2140 2990 1809 1067  836  428 1273 1841 1075 2106 -1.5859 6.3075 0.2024 0.0781 0.0000 0.1079 0.9073 0.0010 0.0078 89.0000 9.1976 0.8514 2.6369 12.6858 
15 2620 2425 2975 1920  854 2516 2110 2700 1977 2142 2745 1757 1703  390 -1.9453 2.5088 0.0421 0.0234 0.0000 0.1079 0.9198 0.0000 1.1705 700.0000 80.4923 1.1656 3.8193 85.4772 
16 2620 2424 2975 1920  853 2516 2109 2700 1976 2141 2744 1756 1702  389 -1.5469 5.9978 0.0421 0.0469 0.0000 0.1079 0.9461 0.0486 1.1705 700.0000 79.6585 1.1767 3.4629 84.2980 
17 2619 2426 2974 1919  855 2515 2111 2699 1978 2143 2746 1758 1704  391 -1.6016 4.2258 0.0412 0.0156 0.0000 0.1079 0.9785 0.0381 1.1705 700.0000 82.3391 1.1231 3.2493 86.7114 
18 2622 2426 2977 1922  855 2518 2111 2702 1978 2143 2746 1758 1704  391 -1.3906 9.2478 0.0448 0.0156 0.0000 0.1079 0.9729 0.0276 1.1705 700.0000 80.1844 1.7038 4.4032 86.2915 
19 2139 1258 2671 2254 1312 1366 2110 1967 1977 2374 2714 1350 1943  326 -1.7422 4.2401 0.0854 0.0938 0.0000 0.1079 1.0449 0.0000 1.0384 700.0000 80.9986 1.0714 3.1281 85.1980 
20 2140 1260 2671 2255 1314 1368 2110 1969 1977 2374 2715 1351 1943  328 -1.5234 4.9758 0.0869 0.0938 0.0000 0.1079 1.0523 0.0244 1.0384 700.0000 86.6441 0.7399 3.1932 90.5771 
21 2321 1258 1827 1971 1195 1071 2110 1967 1977 2374 2714 1977 1656  171 -1.3125 6.4213 0.1730 0.0078 0.0000 0.1079 1.0990 0.0000 1.0063 700.0000 80.5784 0.7115 3.3144 84.6044 
22 2413 2137 2329  812  604 1587 2110 2076 1870 2503 2582 1608 2131  393 -1.5469 7.1316 0.1797 0.0234 0.0000 0.1079 1.0774 0.0000 1.0468 700.0000 84.3175 1.0039 3.4251 88.7465 
23 2453 2137 2201 2816  856 1587 2110 2700 1977 2374 2049 1757 2100  393 -1.4141 0.8587 0.0559 0.0469 0.0000 0.1079 1.0709 0.0000 1.0412 700.0000 85.4457 1.1163 3.3348 89.8968 
24 1550 2735 1928 1225  500  849  364 1576  396 1854 2107 1755  738 1052 -0.6875 9.5394 0.1898 0.1328 0.0000 0.1079 1.0579 0.0000 1.3632 700.0000 86.1725 0.7772 2.4561 89.4057 
25 2272  492  577 1371  575  544  364 2360  771 2188 2107  779  356  179 -1.3750 2.3937 0.1862 0.0000 0.0000 0.1079 1.0250 0.0000 1.3440 700.0000 87.5957 0.6304 2.2940 90.5201 
26  896  191 2702 1013 1679  745  127  992  416 2188 2890  191  842  179 -1.3125 6.2480 0.1683 0.0156 0.0000 0.1079 1.0144 0.0000 1.3507 700.0000 81.2045 0.6476 2.3401 84.1922 
27 2272  492 1777 2816 1679  745 1238 2360 1734 2188 2107  955  745  179 -0.8516 6.1904 0.1143 0.0000 0.0000 0.1079 1.0023 0.0000 1.3001 700.0000 88.6389 0.9419 3.1580 92.7389 
28 1052 2004 2106 1699  830  745  954 2531 1657 1302 2267 1031 2168 2043 -1.5469 2.3915 0.1023 0.0781 0.0000 0.1079 0.9810 0.0000 1.2228 700.0000 87.6248 0.9366 3.3168 91.8782 
29 1832 2718 2174 2816  830  745  954 2531 1437 2684 2107  591  941  179 -1.2500 5.9370 0.1600 0.0391 1.0000 0.1079 0.9810 0.0000 1.2315 700.0000 88.3363 1.1806 4.2572 93.7741 
30  812 2479 2520  734  757 1456 1238 2560 1215 2186 2239  664  753  179 -1.4766 2.9286 0.2547 0.0156 0.0000 0.1079 0.9702 0.0000 1.1623 700.0000 91.3900 1.4943 5.3820 98.2663 
31  738 2479 1777 2816  830  745 1238 2360 1215 2374 2107 1284  941  179 -1.7969 1.1553 0.1476 0.0938 0.0000 0.1079 0.9677 0.0000 1.0906 700.0000 90.4297 0.8617 3.5425 94.8339 
32  738 2479 1778 2816  830  746 1238 2360 1216 2374 2107 1285  942  180 -0.8906 18.9171 0.1469 0.0938 0.0000 0.1079 0.9790 0.0324 1.0906 700.0000 87.2032 0.8582 2.9580 91.0193 
33 1221 1361  754 1886  276 1659 1546 1695 2096 1070 1594 1374 1916  107 -0.7812 9.9518 0.1785 0.1250 0.0000 0.1079 1.0310 0.0000 1.1124 700.0000 85.6791 1.1191 3.2744 90.0727 
34  154 1361  442 2329  276 1276 2012 2072  117 1203 1791  792  748  107 -1.5234 5.1333 0.0813 0.0469 0.0000 0.1079 1.0085 0.0000 1.0950 700.0000 96.6695 0.6109 2.2457 99.5261 
35  331  340  961 1954 1165  952 1932 1730  163 1009 1791  780 1679 1147 -1.4141 2.6855 0.1983 0.1172 0.0000 0.1079 1.0070 0.0000 0.9343 700.0000 88.7795 0.7161 3.3319 92.8274 
36  331 1033  561 1954  276  952 2012 1910  163 1203 1791  814 1679  167 -1.7500 2.5827 0.0480 0.1406 0.0000 0.1079 1.0016 0.0000 0.9426 700.0000 84.9932 0.6206 2.8115 88.4253 
37  332 1034  563 1955  278  953 2013 1911  165 1204 1792  815 1680  169 -1.7578 0.7834 0.0484 0.0703 0.0000 0.1079 1.0088 0.0286 0.9426 700.0000 85.6367 0.5821 2.0745 88.2934 
38  330 1035  561 1952  275  951 2013 1908  167 1201 1793  813 1682  171 -1.6250 2.3622 0.0458 0.0703 0.0000 0.1079 1.0064 0.0294 0.9426 700.0000 94.0336 0.6202 2.6912 97.3449 
39  333 1032  563 1957  279  954 2012 1913  161 1206 1790  816 1677  165 -1.8125 1.0827 0.0484 0.0781 0.0000 0.1079 1.0120 0.0306 0.9426 700.0000 89.2616 0.6050 2.1765 92.0431 
40  333 1031  563 1958  280  954 2011 1914  159 1207 1789  816 1675  163 -1.7422 2.2716 0.0488 0.0703 0.0000 0.1079 1.0049 0.0341 0.9426 700.0000 94.6579 0.6147 3.3572 98.6298 
41  335 1032  564 1957  278  956 2014 1913  161 1206 1790  818 1679  165 -1.5547 1.5245 0.0484 0.0781 0.0000 0.1079 1.0060 0.0309 0.9426 700.0000 90.2604 0.9785 3.1487 94.3876 
42  329 1032  561 1956  280  950 2008 1912  161 1205 1790  812 1674  165 -1.7891 1.0181 0.0494 0.0859 0.0000 0.1079 1.0423 0.0335 0.9426 700.0000 90.8797 0.6149 2.6090 94.1037 
43  328 1032  561 1957  282  949 2008 1913  162 1206 1790  811 1673  166 -1.4922 3.7165 0.0503 0.0703 0.0000 0.1079 1.0335 0.0319 0.9426 700.0000 98.6550 0.6535 1.7091 101.0176 
44  331 1032  561 1953  275  952 2007 1909  158 1202 1790  814 1675  162 -1.6719 0.9781 0.0485 0.0859 0.0000 0.1079 1.0791 0.0281 0.9426 700.0000 101.3616 0.6112 2.6981 104.6710 
45  332 1035  558 1957  275  953 2007 1913  160 1206 1793  815 1678  164 -1.6172 2.8838 0.0459 0.0625 0.0000 0.1079 1.0761 0.0222 0.9426 700.0000 103.1756 0.6291 2.9098 106.7145 
46  331 1029  566 1952  279  952 2013 1908  161 1201 1787  814 1675  165 -1.6797 1.6682 0.0505 0.1094 0.0000 0.1079 1.0840 0.0230 0.9426 700.0000 106.0629 0.9571 2.5652 109.5853 
47 1259 1700 1045 1297  469 1445 2012 2368 1939 1224 2528 1495  966 2659 -1.8359 5.0359 0.1191 0.0078 0.0000 0.1079 1.0863 0.0000 1.1613 700.0000 98.6320 0.9229 4.8939 104.4488 
48 1259 1700 1046 1297  469 1445 2012 2368 1939 1224 2528 1495  966 2659 -2.0234 3.2514 0.1191 0.0078 0.0000 0.1079 1.0978 0.0312 1.1613 700.0000 105.3925 1.6943 3.8192 110.9060 
49 1258 1699 1047 1296  468 1444 2011 2367 1938 1223 2527 1494  965 2658 -2.0391 3.4079 0.1188 0.0078 0.0000 0.1079 1.0963 0.0424 1.1613 700.0000 111.6475 1.1362 4.3958 117.1795 
50 1224 1744 1012 1325  448 1467 2073 2454 1956 1258 2535 1524 1018 2707 -1.4062 11.9754 0.0756 0.0078 0.0000 0.5221 1.1340 0.0001 0.0100 69.0000 8.6937 0.8754 5.5896 15.1587 
51 1257 1698 1048 1295  467 1443 2010 2366 1937 1222 2526 1493  964 2657 -2.0938 2.6211 0.1212 0.0078 0.0000 0.5221 1.0679 0.0474 1.1613 700.0000 100.4902 1.1497 4.5145 106.1543 
52 1256 1697 1049 1294  466 1442 2009 2365 1936 1221 2525 1492  963 2656 -2.0312 3.8888 0.1195 0.0000 0.0000 0.5221 1.0479 0.0550 1.1613 700.0000 100.1454 1.1052 4.1079 105.3586 
53 1256 1697 1049 1294  466 1442 2009 2365 1936 1221 2525 1492  963 2656 -2.0078 2.5432 0.1195 0.0000 0.0000 0.5221 1.0246 0.0533 1.1613 700.0000 102.4849 1.3647 4.2209 108.0706 
54 1256 1697 1049 1294  466 1442 2009 2365 1936 1221 2525 1492  963 2656 -2.0312 4.2195 0.1195 0.0156 0.0000 0.5221 1.0173 0.0513 1.1613 700.0000 102.4178 1.5100 3.8446 107.7724 
55 1255 1693 1053 1291  465 1439 2005 2360 1933 1218 2523 1489  959 2652 -1.7969 4.8088 0.1262 0.0078 0.0000 0.0478 1.0138 0.0009 0.0030 85.0000 10.3334 1.7041 5.7887 17.8262 
56 1256 1698 1048 1294  466 1442 2010 2366 1936 1221 2525 1492  964 2657 -2.0703 4.3808 0.1212 0.0078 0.0000 0.0478 1.0188 0.0492 1.1613 700.0000 92.9677 1.9356 4.7392 99.6425 
57 1256 1698 1048 1294  466 1442 2010 2366 1936 1221 2525 1492  964 2657 -1.9922 3.2047 0.1212 0.0078 0.0000 0.0478 1.0148 0.0487 1.1613 700.0000 100.7515 1.1315 4.4344 106.3174 
58 1256 1698 1048 1294  466 1442 2010 2366 1936 1221 2525 1492  964 2657 -1.5938 11.5974 0.1212 0.0156 0.0000 0.0478 1.0184 0.0470 1.1613 700.0000 104.0210 1.0068 3.0694 108.0973 
59 1264 1699 1049 1301  473 1450 2009 2365 1944 1227 2531 1499  964 2657 -2.0234 3.1884 0.1141 0.0078 0.0000 0.0437 1.0455 0.0008 0.0038 91.0000 11.7302 1.1307 4.3846 17.2455 
60 1267 1698 1049 1302  475 1452 2007 2363 1946 1228 2533 1500  963 2656 -2.1172 4.1673 0.1126 0.0156 0.0000 0.0495 1.0612 0.0010 0.0038 106.0000 11.9146 1.3738 4.1561 17.4446 
61 1272 1697 1050 1305  478 1455 2005 2360 1950 1230 2536 1503  962 2655 -2.0781 1.7891 0.1096 0.0000 0.0000 0.0485 1.0724 0.0009 0.0032 87.0000 10.6517 0.9154 3.2885 14.8556 
62 2581 2410 2936 1881  839 2477 2095 2661 1962 2127 2730 1742 1688  375 -1.8281 4.1907 0.0207 0.0156 0.0000 0.0520 1.0849 0.0005 0.0090 90.0000 12.6471 1.7524 5.3634 19.7630 
63 1806  862  857 1944 2158 3000 1827 1085  835  446 1291 1859 1093 2124 -1.7031 5.6592 0.1932 0.1094 0.0000 0.0581 1.1064 0.0008 0.0100 82.0000 9.1228 1.6915 4.7950 15.6094 
64 1284 1694 1053 1309  487 1461 1997 2350 1956 1232 2541 1506  957 2650 -2.0156 2.5982 0.1046 0.0000 0.0000 0.0672 1.1252 0.0010 0.0044 86.0000 10.7067 1.4610 4.5217 16.6894 
65 1280 1694 1052 1306  484 1458 1999 2352 1954 1231 2539 1505  958 2651 -2.3672 0.7381 0.1061 0.0000 0.0000 0.0733 1.1351 0.0010 0.0052 93.0000 11.5472 0.8261 2.7896 15.1629 
66 1300 1686 1055 1307  499 1466 1987 2334 1968 1237 2549 1515  950 2644 -2.1250 1.6220 0.0969 0.0000 0.0000 0.0682 1.1320 0.0008 0.0050 88.0000 11.2041 0.9247 3.7770 15.9058 
67 1309 1695 1071 1330  501 1472 1983 2335 1962 1228 2550 1502  946 2639 -1.8828 2.3720 0.0983 0.0000 0.0000 0.0733 1.1381 0.0006 0.0099 82.0000 10.8465 0.9164 3.5142 15.2771 
68 1281 1681 1037 1285  490 1458 1996 2342 1968 1244 2543 1524  958 2652 -2.0000 4.3150 0.1004 0.0156 0.0000 0.0605 1.1286 0.0010 0.0048 89.0000 10.1416 1.3823 4.2268 15.7506 
69 2533 2391 2888 1833  820 2429 2076 2613 1943 2108 2711 1723 1669  356 -1.9531 7.4309 0.0499 0.0234 0.0000 0.0643 1.1338 0.0003 0.0097 107.0000 11.3284 1.1258 4.0105 16.4646 
70 1751  807  802 1889 2103 3000 1772 1030  946  391 1236 1804 1038 2069 -1.6562 5.9124 0.1985 0.0469 0.0000 0.0723 1.1594 0.0000 0.0099 224.0000 25.8990 0.8696 5.1748 31.9434 
71 1769  825  820 1907 2121 2987 1790 1048  669  409 1254 1822 1056 2087 -1.8125 3.7598 0.2172 0.0547 0.0000 0.0768 1.1617 0.0001 0.0093 121.0000 14.6756 0.8298 3.4139 18.9193 
72 2483 2391 2841 1782  819 2383 2075 2566 1941 2107 2712 1722 1666  355 -1.5781 18.0096 0.1099 0.0391 0.0000 0.0842 1.1753 0.0000 0.0099 176.0000 24.6072 1.4966 5.0401 31.1438 
73 1303 1678 1061 1285  503 1447 2016 2340 1945 1242 2567 1508  957 2669 -2.1406 1.7911 0.1022 0.0000 0.0000 0.0745 1.1601 0.0006 0.0100 92.0000 11.0404 0.9956 3.7247 15.7607 
74 1312 1665 1038 1274  525 1452 2008 2321 1927 1243 2569 1504  954 2672 -2.2812 0.7707 0.1070 0.0000 0.0000 0.0820 1.1785 0.0002 0.0100 118.0000 17.8292 0.9346 3.8063 22.5701 
75 1774  830  825 1912 2126 2811 1795 1053  648  414 1259 1827 1061 2092 -1.9844 1.4013 0.2108 0.0625 0.0000 0.0901 1.2038 0.0000 0.0092 131.0000 19.0492 0.8477 3.2648 23.1617 
76 1774  830  825 1912 2126 2711 1795 1053  599  414 1259 1827 1061 2092 -1.6953 5.8513 0.2001 0.0547 0.0000 0.0969 1.2265 0.0001 0.0095 85.0000 10.8606 1.0404 4.3754 16.2765 
77 1319 1656 1032 1265  535 1451 2007 2310 1919 1244 2574 1502  951 2674 -2.0234 3.2042 0.1103 0.0000 0.0000 0.0933 1.2218 0.0009 0.0062 87.0000 11.2760 0.6072 3.7766 15.6599 
78 1311 1675 1069 1272  533 1433 1991 2329 1935 1250 2561 1523  964 2688 -2.1016 1.6353 0.1045 0.0000 0.0000 0.0921 1.2170 0.0005 0.0095 111.0000 15.9055 1.4394 4.9353 22.2803 
79 1321 1654 1057 1260  500 1445 2033 2315 1954 1243 2591 1505  939 2655 -1.9531 5.4151 0.1050 0.0078 0.0000 0.0991 1.2350 0.0004 0.0099 107.0000 12.6936 0.9325 4.1317 17.7578 
80 1299 1675 1024 1297  542 1466 1977 2329 1913 1246 2545 1508  967 2681 -2.2188 1.5423 0.1102 0.0000 0.0000 0.0969 1.2424 0.0009 0.0095 91.0000 12.6151 0.8967 3.9741 17.4858 
81 1299 1669 1017 1299  556 1470 1959 2322 1904 1249 2538 1510  968 2684 -2.1953 0.9301 0.1114 0.0000 0.0000 0.1021 1.2606 0.0009 0.0098 94.0000 12.4690 2.1175 5.9524 20.5390 
82 1304 1684 1012 1288  570 1471 1952 2306 1905 1237 2533 1515  974 2683 -2.2734 0.8302 0.1129 0.0000 0.0000 0.1075 1.2780 0.0002 0.0095 90.0000 10.4531 1.1112 4.1779 15.7422 
83 1306 1683 1008 1285  580 1472 1940 2296 1901 1235 2528 1517  974 2683 -1.8438 6.5896 0.1145 0.0000 0.0000 0.1161 1.3004 0.0008 0.0076 62.0000 10.4270 0.7360 3.2064 14.3695 
84 2304 2441 1707 1756  224 2345 2726  783 2372 2130  347 1581 2954 1781 -1.6875 6.2953 0.0039 0.0469 0.0000 0.0966 1.2733 0.0000 0.0096 94.0000 15.2726 1.8965 2.7838 19.9529 
85 1756  826  785 1899 2082 2844 1811 1022  700  397 1300 1842 1131 2114 -2.2344 0.8580 0.1949 0.0547 0.0000 0.0995 1.2719 0.0000 0.0252 700.0000 91.7087 0.8621 3.8046 96.3754 
86 1751  824  774 1895 2070 2842 1815 1013  706  392 1310 1845 1149 2119 -1.9453 2.6190 0.1904 0.0234 0.0000 0.0972 1.2934 0.0010 0.0081 77.0000 12.7834 0.9900 3.1869 16.9603 
87 1744  853  794 1906 2089 2839 1785 1051  715  402 1302 1863 1100 2122 -1.5156 7.8580 0.2048 0.0547 0.0000 0.0975 1.2921 0.0002 0.0096 102.0000 14.1641 0.8470 3.7637 18.7748 
88 1777  797  791 1896 2092 2851 1835 1001  675  398 1282 1812 1140 2097 -1.9844 1.6218 0.1949 0.0547 0.0000 0.0762 1.2758 0.0008 0.0050 82.0000 11.4427 0.8910 4.2073 16.5409 
89 1796  797  776 1922 2070 2862 1855 1007  664  417 1304 1839 1156 2092 -1.9297 2.9793 0.1877 0.0391 0.0000 0.0791 1.2713 0.0003 0.0099 110.0000 14.4711 0.8402 4.6218 19.9331 
90 1752  799  802 1862 2111 2848 1821  986  688  372 1272 1785 1151 2116 -1.8047 8.8041 0.2031 0.0703 0.0000 0.0820 1.2865 0.0006 0.0099 91.0000 13.4543 1.4336 4.9943 19.8823 
91 1789  783  778 1918 2072 2840 1826 1011  684  413 1263 1820 1086 2056 -1.8438 7.0148 0.1943 0.0312 0.0000 0.0787 1.2821 0.0007 0.0099 98.0000 14.4722 1.0204 4.2685 19.7610 
92 2215 2389 1678 1706  251 2199 2630  687 2251 1991  279 1520 2971 1608 -2.0547 4.1308 0.0319 0.0781 0.0000 0.0819 1.2977 0.0000 0.0677 700.0000 96.3118 0.6052 3.4090 100.3260 
93 2204 2391 1688 1709  281 2168 2616  673 2228 1962  275 1519 2977 1567 -1.8906 3.8462 0.0280 0.0703 0.0000 0.0846 1.3168 0.0003 0.0098 91.0000 13.8469 1.3820 4.5023 19.7312 
94 2206 2391 1693 1684  254 2173 2664  721 2295 2004  307 1506 2973 1616 -1.5547 6.5167 0.0332 0.0781 0.0000 0.0857 1.3238 0.0000 0.0099 176.0000 23.7871 1.1502 4.7372 29.6745 
95 2228 2386 1660 1728  239 2235 2599  656 2212 1986  251 1535 2967 1612 -1.4375 5.3976 0.0296 0.0312 0.0000 0.0770 1.3098 0.0009 0.0071 73.0000 9.7617 1.3180 4.1349 15.2146 
96 1298 1682 1029 1295  532 1464 1991 2334 1919 1241 2550 1506  968 2678 -2.1641 1.6185 0.1096 0.0000 0.0000 0.0562 1.2144 0.0010 0.0041 137.0000 22.4509 0.9403 3.5915 26.9828 
97 1305 1676 1026 1297  537 1464 1988 2342 1921 1255 2545 1500  964 2684 -2.0938 4.3061 0.1047 0.0078 0.0000 0.0596 1.2350 0.0010 0.0082 109.0000 16.1790 1.1910 3.5109 20.8808 
98 1289 1678 1033 1295  530 1463 1985 2322 1912 1231 2558 1520  971 2674 -2.0000 5.9843 0.1128 0.0000 0.0000 0.0608 1.2483 0.0000 0.0000 283.0000 42.3283 1.9570 3.4359 47.7211 
99 1312 1683 1031 1280  538 1456 1988 2333 1935 1249 2532 1489  958 2677 -1.8828 7.1909 0.1071 0.0000 0.0000 0.0622 1.2660 0.0000 0.0008 133.0000 18.1830 0.9273 3.8014 22.9117 
100 1302 1662 1021 1307  547 1470 1973 2333 1902 1258 2562 1522  968 2689 -2.2656 1.3462 0.1062 0.0000 0.0000 0.0582 1.2640 0.0009 0.0048 119.0000 16.4637 0.9235 4.8743 22.2616 
101 1302 1657 1021 1311  545 1471 1973 2336 1899 1262 2568 1526  967 2691 -2.2422 0.9094 0.1044 0.0000 0.0000 0.0618 1.2896 0.0009 0.0042 106.0000 15.5580 0.8726 3.5606 19.9913 
102 1302 1653 1022 1314  544 1471 1973 2338 1897 1266 2573 1529  967 2692 -1.9922 6.9842 0.1035 0.0000 0.0000 0.0646 1.3082 0.0007 0.0043 94.0000 14.3242 0.9982 3.4052 18.7275 
103 2166 2410 1685 1699  323 2120 2609  666 2228 1935  291 1502 2993 1509 -1.7344 6.0864 0.0357 0.0391 0.0000 0.0612 1.2954 0.0001 0.0099 270.0000 36.4592 0.9734 4.9723 42.4048 
104 1305 1669 1015 1305  558 1480 1983 2332 1907 1241 2555 1525  972 2698 -2.0234 3.6136 0.1015 0.0078 0.0000 0.0629 1.3029 0.0000 0.0006 295.0000 41.5444 1.1910 5.2267 47.9621 
105 1293 1669 1028 1302  529 1455 1962 2327 1900 1270 2563 1511  967 2669 -2.0547 2.3828 0.1123 0.0000 0.0000 0.0666 1.3318 0.0005 0.0038 154.0000 20.4265 1.1590 5.2966 26.8821 
106  314 2542 1830  277 2617  183  263  278 1469 2758  232 2984 2784 2969 -1.7969 4.2419 0.1465 0.1406 0.0000 0.0699 1.3541 0.0000 0.7516 700.0000 102.9795 0.8865 4.9261 108.7921 
107  362 2559 1833  265 2619  211  291  303 1431 2712  338 2986 2807 2904 -1.4375 10.8150 0.1686 0.1094 0.0000 0.0674 1.3280 0.0000 0.0609 700.0000 99.9657 0.9372 5.8172 106.7201 
108  269 2526 1827  288 2615  157  237  254 1504 2800  133 2982 2762 3000 -1.5781 13.8364 0.1283 0.1328 1.5000 0.0661 1.3108 0.0004 0.0090 259.0000 40.2765 0.9203 4.4382 45.6351 
109 1300 1648 1044 1304  513 1456 1992 2346 1921 1238 2559 1522  949 2682 -2.1250 2.2362 0.1062 0.0000 0.0000 0.0649 1.2959 0.0000 0.0001 453.0000 72.2663 1.1840 5.2512 78.7016 
110 1281 1645 1048 1299  545 1478 1981 2329 1916 1257 2555 1510  971 2683 -2.1406 1.6966 0.1088 0.0000 0.0000 0.0700 1.3267 0.0001 0.0019 451.0000 64.1926 1.5020 4.5548 70.2494 
111  361  221 2883 2107 2952 2291  135  123 2984 2771  729  187 2932 2850 -1.7188 6.0463 0.1629 0.0781 0.0000 0.0751 1.3554 0.0000 0.4970 700.0000 100.6661 1.2039 4.6330 106.5030 
112 2733 2717  579  267 2993  106 2958 2700 1376  174  230  279 2721 2541 -1.5391 3.7780 0.1375 0.1406 0.0000 0.0723 1.3254 0.0000 0.4247 700.0000 85.9764 1.1509 4.5277 91.6549 
113 1283 1665 1041 1310  541 1462 1999 2320 1910 1263 2551 1527  942 2684 -2.1484 1.6865 0.1070 0.0078 0.0000 0.0698 1.2940 0.0002 0.0045 357.0000 50.4675 1.1711 4.3236 55.9622 
114 1285 1647 1032 1321  551 1440 1994 2328 1924 1251 2558 1519  968 2673 -2.2812 1.5896 0.1068 0.0000 0.0000 0.0749 1.3205 0.0001 0.0035 273.0000 44.0608 0.6856 4.0333 48.7797 
115 1281 1641 1031 1328  556 1432 1996 2327 1926 1250 2558 1520  970 2670 -1.9844 3.1336 0.1071 0.0000 0.0000 0.0788 1.3422 0.0010 0.0056 120.0000 17.2667 1.0041 4.7321 23.0030 
116 1846  658  589 1926 1996 2943 2063  835  401  355 1346 1855 1426 2167 -1.8516 3.4345 0.1381 0.0078 0.0000 0.5119 1.6558 0.0001 0.0099 80.0000 13.7409 1.1755 4.7810 19.6974 
117 1793  739  363 1941 1757 2816 2194 1114  496  536 1520 1819 1265 2544 -1.6250 5.9055 0.1184 0.0703 0.0000 0.5135 1.6308 0.0000 0.0099 104.0000 16.5497 1.2654 4.5311 22.3461 
118 2226 2068 3000 1491  703 2413 2473 3000 1569 2530 2971 1348 1745  100 -1.2500 7.0866 0.1413 0.2109 1.7647 0.5090 1.6261 0.0000 0.0091 147.0000 21.7488 1.5216 5.3876 28.6580 
119 1820  720  646 1927 2026 2939 1990  890  469  364 1347 1879 1366 2159 -1.6797 4.1407 0.1637 0.0078 0.0000 0.0748 1.2824 0.0000 0.0050 127.0000 18.1960 0.9074 4.2458 23.3492 
120 1870  601  541 1925 1973 2950 2126  780  337  343 1342 1835 1484 2167 -1.8906 4.7124 0.1221 0.0391 0.0000 0.0756 1.2811 0.0001 0.0099 153.0000 21.5103 1.0653 4.7715 27.3472 
121 1931  582  602 1950 1998 2955 2175  760  381  378 1382 1841 1520 2165 -1.5938 4.6526 0.1477 0.0234 0.0000 0.0794 1.2976 0.0000 0.0100 479.0000 72.5022 0.8283 4.0696 77.4002 
122  185 2922 2871  273 2973 2955 2959  148  112 2571  100  205  115 2901 -1.3281 3.4505 0.1106 0.0000 0.0000 0.0779 1.2885 0.0000 0.0976 700.0000 112.6140 0.9776 4.9836 118.5751 
123 2956  269  182  944 2991 2919  125 2835 2944 2999  146 2999 2991 2897 -1.3672 2.3759 0.0543 0.0156 0.0000 0.0768 1.2659 0.0000 0.2452 700.0000 106.4926 1.3636 6.2058 114.0621 
124 1810  623  487 1901 1951 2944 2074  803  301  311 1304 1831 1445 2168 -1.9609 3.4867 0.1217 0.1094 0.0000 0.0753 1.2421 0.0003 0.0085 174.0000 26.2200 0.8153 3.7159 30.7512 
125  110  112 2976 2724  225  887 2568  128 2690 2986  123 2996  101 2813 -2.3438 1.5344 0.2078 0.2031 0.0000 0.0807 1.2681 0.0000 0.1899 700.0000 111.7649 0.6919 5.1367 117.5935 
126 1281 1654 1039 1317  518 1464 1980 2306 1928 1255 2564 1515  957 2711 -2.3203 0.7549 0.1083 0.0000 0.0000 0.0870 1.3138 0.0010 0.0072 234.0000 35.0420 1.5014 5.8338 42.3772 
127 1278 1651 1039 1320  513 1465 1977 2299 1930 1255 2565 1514  955 2719 -2.1016 2.3282 0.1085 0.0000 0.0000 0.0910 1.3332 0.0009 0.0051 114.0000 15.6468 0.9529 5.7490 22.3487 
128  105  107 2979 2727  220  885 2572  122 2693 2992  117 3000  100 2820 -2.3281 1.7183 0.2138 0.1562 0.0000 0.4651 1.6619 0.0001 0.0096 148.0000 21.0154 1.5202 5.2485 27.7841 
129  104  106 2980 2728  218  885 2573  121 2694 2993  116 3000  100 2821 -2.4609 0.8961 0.2103 0.1875 0.0000 0.4737 1.6522 0.0001 0.0089 132.0000 18.9202 1.1082 5.2311 25.2595 
130  100  100 2992 2741  196  880 2590  101 2707 3000  100 3000  100 2846 -1.9609 6.1008 0.2144 0.1719 0.0000 0.4853 1.6380 0.0001 0.0099 179.0000 26.9819 0.8571 4.0651 31.9041 
131 1258 1666 1041 1310  539 1463 1969 2321 1938 1251 2594 1507  935 2717 -2.2891 0.9000 0.1045 0.0000 0.0000 0.0838 1.3191 0.0000 0.0000 269.0000 46.2718 1.3065 4.9730 52.5512 
132 1244 1662 1045 1311  547 1466 1956 2318 1940 1251 2610 1505  919 2730 -2.1953 1.5757 0.1036 0.0000 0.0000 0.0900 1.3476 0.0008 0.0067 132.0000 22.5206 1.1467 5.2217 28.8891 
133  122  133 2929 2673  312  906 2502  206 2639 2962  184 3000  100 2716 -2.1016 5.4620 0.2041 0.1328 0.0000 0.4708 1.6722 0.0001 0.0096 94.0000 15.9165 1.6394 6.5382 24.0941 
134  245  184 3000 2801  175  886 2655  100 2784 2969  154 3000  100 2958 -2.0469 4.1553 0.1603 0.2422 1.8750 0.4859 1.6466 0.0000 0.0099 255.0000 43.6848 1.7187 6.3022 51.7058 
135  100  100 3000 2640  111  828 2500  100 2552 3000  100 3000  100 2662 -1.9766 4.0703 0.2043 0.1641 0.0000 0.4818 1.6534 0.0001 0.0096 251.0000 42.2679 0.8372 4.3984 47.5035 
136  100  100 2923 2763  455  976 2571  171 2792 3000  100 2997  100 2878 -2.3125 3.9803 0.2197 0.2031 0.0000 0.4694 1.6717 0.0002 0.0099 150.0000 27.9678 0.9482 5.2748 34.1909 
137  100  100 2904 2778  552 1013 2571  179 2833 3000  100 3000  100 2903 -2.3828 2.1279 0.2159 0.1875 1.0000 0.4846 1.6595 0.0002 0.0099 155.0000 22.7698 1.0224 4.4643 28.2565 
138  100  100 2893 2787  610 1035 2571  182 2858 3000  100 3000  100 2918 -2.1562 6.9203 0.2138 0.1641 0.0000 0.4966 1.6528 0.0002 0.0098 161.0000 23.4097 1.4637 7.2443 32.1177 
139  100  100 2891 2790  433  992 2599  353 2802 3000  100 3000  100 2919 -2.0859 4.5674 0.2156 0.1016 0.0000 0.4966 1.6446 0.0000 0.0100 262.0000 38.5935 1.5209 5.4766 45.5910 
140  100  100 3000 2706  565  911 2513  100 2849 3000  100 3000  100 2818 -2.2031 5.7537 0.2169 0.2109 1.2609 0.4976 1.6498 0.0002 0.0098 231.0000 35.3183 1.1868 3.6164 40.1215 
141  100  100 2902 2805  491 1140 2578  100 2676 3000  100 3000  100 2874 -1.8984 15.9817 0.2111 0.1641 0.0000 0.5093 1.6366 0.0001 0.0098 212.0000 33.6365 0.9005 4.8701 39.4071 
142  100  100 2931 2691  439  745 2545  151 2959 3000  110 2996  100 2866 -1.7891 7.0654 0.2507 0.1406 0.0000 0.4891 1.6765 0.0002 0.0094 167.0000 23.5021 0.9003 4.4988 28.9012 
143  115  116 2969 2721  259  900 2558  144 2690 2982  134 2998  100 2805 -2.5156 1.7950 0.2021 0.1484 0.0000 0.1223 1.4179 0.0008 0.0066 130.0000 15.7445 0.8691 4.9316 21.5451 
144  118  118 2968 2721  271  905 2556  148 2692 2980  137 2998  100 2805 -2.2969 2.6041 0.2002 0.1953 1.2857 0.1159 1.3988 0.0009 0.0055 128.0000 20.6088 1.0545 5.4818 27.1450 
145 1234 1606 1071 1335  537 1481 1918 2279 1924 1263 2623 1520  889 2757 -1.9766 2.4955 0.1081 0.0000 0.0000 0.1318 1.4437 0.0001 0.0030 177.0000 21.4692 0.5557 3.0603 25.0852 
146  121  125 2983 2729  275  907 2558  152 2695 2984  146 3000  100 2803 -2.0156 5.7163 0.1959 0.1875 1.1500 0.1213 1.4193 0.0007 0.0096 146.0000 18.3756 0.7724 3.9201 23.0681 
147  105  100 2933 2702  239  889 2554  135 2680 2975  115 2994  100 2805 -1.8906 5.4525 0.2268 0.1562 0.0000 0.1119 1.4039 0.0009 0.0047 123.0000 17.9642 0.9291 4.1398 23.0331 
148  104  108 2950 2769  518  984 2565  178 2822 3000  107 3000  100 2879 -2.1875 6.5787 0.2122 0.1797 1.0952 0.1061 1.3903 0.0009 0.0074 113.0000 13.9222 0.8985 3.7952 18.6160 
149 1585  573  234 1765 1925 2975 1859  721  100  100  963 1712 1316 1985 -1.5547 6.0600 0.1762 0.0781 0.0000 0.4629 1.7092 0.0001 0.0098 127.0000 15.7056 0.5355 4.2141 20.4553 
150  100  100 2865 2752  516  985 2559  159 2824 3000  100 3000  102 2892 -2.2500 4.5512 0.2269 0.1562 0.0000 0.1126 1.3972 0.0009 0.0088 159.0000 20.0785 0.8999 3.5999 24.5783 
151  100  100 3000 2976  398  983 2558  210 2758 3000  286 3000  104 2740 -2.0312 5.8573 0.1859 0.1875 1.1304 0.4503 1.7139 0.0001 0.0099 245.0000 31.7849 0.6956 2.1548 34.6352 
152  100  173 3000 2497  473 1064 2603  227 2702 3000  100 3000  100 3000 -2.1797 3.6446 0.2320 0.0781 0.0000 0.4555 1.7086 0.0002 0.0100 235.0000 32.1406 1.0823 3.8898 37.1127 
153  100  100 3000 2684  560  861 2690  203 2522 3000  100 3000  100 3000 -1.9922 8.8267 0.2024 0.0625 0.0000 0.4755 1.6837 0.0002 0.0092 344.0000 43.1927 0.5456 2.7690 46.5073 
154  100  142 3000 2582  309 1232 2450  192 2928 3000  100 3000  100 2861 -2.0156 6.2990 0.2284 0.1094 1.2105 0.4753 1.6889 0.0002 0.0097 190.0000 24.9025 1.0476 4.5011 30.4511 
155  100  315 3000 2662  421 1030 2782  155 2786 3000  100 3000  100 2724 -2.2578 4.5236 0.1801 0.2344 1.4737 0.4699 1.6944 0.0002 0.0100 203.0000 25.5581 0.5524 2.4148 28.5252 
156  100  270 3000 2590  481 1113 2998  151 2851 3000  100 3000  100 2644 -2.2734 4.0900 0.1343 0.1797 0.0000 0.4849 1.6779 0.0001 0.0098 242.0000 30.7210 0.9230 3.9113 35.5554 
157  100  524 3000 2579  596 1161 3000  124 2886 3000  100 3000  100 2611 -1.9062 11.5817 0.1020 0.1406 1.2609 0.4999 1.6643 0.0001 0.0098 220.0000 27.1714 0.5524 2.7801 30.5039 
158  100  100 3000 2611  292 1061 2958  208 2787 3000  100 3000  100 2702 -2.1328 3.8956 0.1800 0.1797 1.6429 0.4797 1.6993 0.0003 0.0099 245.0000 30.8809 0.5794 3.0300 34.4904 
159 3000 3000  100 3000 3000  100 3000  100 3000 3000 3000 3000 3000 3000 -1.4922 8.7086 0.1651 0.0469 0.0000 0.4922 1.6820 0.0001 0.0099 566.0000 70.7985 1.3334 6.4403 78.5722 
143  115  116 2969 2721  259  900 2558  144 2690 2982  134 2998  100 2805 -2.5156 1.7950 0.2021 0.1484 0.0000 0.1223 1.4179 0.0008 0.0066 130.0000 15.7445 0.8691 4.9316 21.5451 
