  0   1351   2681   1102    295   2063    101 -1.8125 0.5787 0.0000 0.0000 0.0000 0.4133 0.9210 0.0000 0.0000 0.0000 0.0000 0.0000 0.0000 0.0000 
  1    991    558    962   1614    591    382 -1.2969 1.1080 0.0312 0.0000 0.0000 0.4133 0.9210 0.0000 0.0000 0.0000 0.0000 0.0000 0.0000 0.0000 
  2   2205    487   1663   2014   2648    810 -1.2969 0.6671 0.0000 0.0000 0.0000 0.4133 0.9210 0.0000 0.0000 0.0000 0.0000 0.0000 0.0000 0.0000 
  3   1931   2142   2943   1087   1830   2200 -1.4922 0.7716 0.0000 0.0000 0.0000 0.4133 0.9210 0.0000 0.0000 0.0000 0.0000 0.0000 0.0000 0.0000 
  4   1163   1780    121   1183   1869   1468 -1.9609 0.9670 0.0703 0.0000 0.0000 0.4133 0.9210 0.0000 0.0000 0.0000 0.0000 0.0000 0.0000 0.0000 
  5   1464   1200   1389   2752    990    574 -1.3125 1.4291 0.0469 0.0000 0.0000 0.4133 0.9210 0.0000 0.0000 0.0000 0.0000 0.0000 0.0000 0.0000 
  6    764   1102   1958    600   2179   1401 -2.0625 0.9567 0.0547 0.0000 0.0000 0.4133 0.9210 0.0000 0.0000 0.0000 0.0000 0.0000 0.0000 0.0000 
  7    398   1446   1445   2276   2329   2493 -1.6328 1.0846 0.0625 0.0000 0.0000 0.4133 0.9210 0.0000 0.0000 0.0000 0.0000 0.0000 0.0000 0.0000 
  8   2387    145   1158   2571    834   1768 -1.3047 0.9222 0.0312 0.0000 0.0000 0.4133 0.9210 0.0000 0.0000 0.0000 0.0000 0.0000 0.0000 0.0000 
  9   2586   2281    474    737   1463   2350 -1.9062 1.0620 0.0156 0.0000 0.0000 0.4133 0.9210 0.0000 0.0000 0.0000 0.0000 0.0000 0.0000 0.0000 
 10   1626   2097   2827    925    304   2614 -1.7734 1.4207 0.1172 0.0000 0.0000 0.4133 0.9210 0.0000 0.0000 0.0000 0.0000 0.0000 0.0000 0.0000 
 11    561   2523   2490   1484   1380   2712 -1.7734 1.1057 0.0312 0.0000 0.0000 0.4133 0.9210 0.0000 0.0000 0.0000 0.0000 0.0000 0.0000 0.0000 
 12    921   1884    289   2888   2879   1992 -1.6719 0.9624 0.0312 0.0000 0.0000 0.4133 0.9210 0.0000 0.0000 0.0000 0.0000 0.0000 0.0000 0.0000 
 13   2518   2758   1794   1941   2740    426 -1.7344 1.4092 0.0391 0.0000 0.0000 0.4133 0.9210 0.0000 0.0000 0.0000 0.0000 0.0000 0.0000 0.0000 
 14   2893   1387   2279   2183   1192   1852 -1.7812 0.6919 0.0312 0.0000 0.0000 0.4133 0.9210 0.0000 0.0000 0.0000 0.0000 0.0000 0.0000 0.0000 
 15   2838    926   2254    197    710    948 -1.8906 1.3580 0.0625 0.0000 0.0000 0.4133 0.9210 0.0000 0.0000 0.0000 0.0000 0.0000 0.0000 0.0000 
 16    134    303   2662   2441    238   1224 -1.4453 0.9104 0.0391 0.0000 0.0000 0.4133 0.9210 0.0000 0.0000 0.0000 0.0000 0.0000 0.0000 0.0000 
 17   1767   1636    624   1260   2485   1599 -1.7109 1.0103 0.0000 0.0000 0.0000 0.4133 0.9210 0.0000 0.0000 0.0000 0.0000 0.0000 0.0000 0.0000 
 18   2063   2971    809    425    430    971 -1.6406 1.5706 0.1016 0.0000 0.0000 0.4133 0.9210 0.0000 0.0000 0.0000 0.0000 0.0000 0.0000 0.0000 
 19    353    767   2075   1756   1688   2884 -1.8438 1.5187 0.1094 0.0000 0.0000 0.4133 0.9210 0.0000 0.0000 0.0000 0.0000 0.0000 0.0000 0.0000 
 20    665   1172   1873    434   2154   1483 -1.9453 0.8710 0.0391 0.0000 0.0000 0.4133 0.9210 0.0003 0.0097 28.0000 0.7425 18.5682 0.1513 19.4620 
 21    686    986   2190    570   2279   1341 -1.9531 0.6907 0.0156 0.0000 0.0000 0.3984 0.8599 0.0002 0.0100 36.0000 1.0613 18.7230 0.1324 19.9167 
 22    950   1958    306    556   1852   1745 -1.8047 0.9301 0.0000 0.0000 0.0000 0.4329 0.8447 0.0001 0.0089 38.0000 0.9830 17.0112 0.1525 18.1467 
 23    976   1210   1909    340   2142   1155 -1.8125 1.5079 0.0312 0.0000 0.0000 0.4069 0.8309 0.0001 0.0096 52.0000 1.4045 18.3015 0.1278 19.8338 
 24    518   1013   1964    743   2193   1709 -2.1484 0.6628 0.0391 0.0000 0.0000 0.3926 0.8447 0.0003 0.0093 32.0000 0.8377 18.8914 0.1488 19.8778 
 25    381    950   1963    762   2207   1868 -1.6641 0.5398 0.0000 0.0000 0.0000 0.4109 0.8360 0.0005 0.0100 31.0000 0.8126 21.2910 0.2252 22.3288 
 26    581   1037   1968    721   2189   1629 -1.8281 0.8049 0.0156 0.0000 0.0000 0.1095 0.8704 0.0010 0.0069 38.0000 1.3109 27.6897 0.2537 29.2543 
 27    732   1112   1954    548   2180   1415 -1.9531 1.3206 0.0625 0.0000 0.0000 0.0423 0.9011 0.0003 0.0021 41.0000 1.4302 27.2473 0.2462 28.9237 
 28    509   1011   1962    748   2192   1721 -1.9844 0.7084 0.0703 0.0000 0.0000 0.0453 0.8804 0.0009 0.0022 42.0000 1.4513 28.9807 0.2084 30.6404 
 29    770   1070   2014    619   2201   1372 -2.1328 1.1555 0.0938 0.0000 0.0000 0.0486 0.8500 0.0009 0.0038 33.0000 1.1869 28.9212 0.3118 30.4199 
 30    785   1065   2023    626   2205   1355 -1.9531 0.8639 0.0234 0.0000 0.0000 0.0593 0.8309 0.0009 0.0034 46.0000 1.6060 27.7284 0.2516 29.5860 
 31    739   1071   2007    619   2196   1405 -1.9453 1.4064 0.0781 0.0000 0.0000 0.0474 0.8247 0.0009 0.0019 40.0000 1.3960 28.6309 0.2406 30.2675 
 32   2431   2298    428    713   1386   2293 -2.0391 0.7150 0.0000 0.0000 0.0000 0.0552 0.8312 0.0000 0.0814 300.0000 10.5806 32.7243 0.2483 43.5532 
 33   1110   1821    158   1041   1860   1529 -1.7578 1.3661 0.0547 0.0000 0.0000 0.0646 0.8550 0.0001 0.0095 59.0000 1.9821 25.3209 0.2039 27.5069 
 34    831   1122   1946    597   2186   1359 -2.2422 0.8621 0.0156 0.0000 0.0000 0.0613 0.8543 0.0008 0.0059 44.0000 1.4948 26.9244 0.3079 28.7271 
 35    851   1132   1934    596   2186   1351 -1.7812 0.6919 0.0000 0.0000 0.0000 0.0597 0.8542 0.0009 0.0021 41.0000 1.4010 29.0418 0.2037 30.6465 
 36    820   1117   1951    597   2186   1363 -2.0938 1.1565 0.0391 0.0000 0.0000 0.0154 0.8954 0.0008 0.0007 55.0000 1.8643 28.0285 0.4034 30.2962 
 37    772   1082   1995    611   2194   1377 -2.1328 0.9822 0.0781 0.0000 0.0000 0.0127 0.8573 0.0007 0.0008 55.0000 1.8956 28.7451 0.9462 31.5869 
 38    796   1099   1977    604   2192   1375 -2.1797 0.7470 0.0078 0.0000 0.0000 0.0164 0.8320 0.0009 0.0015 47.0000 1.7320 28.2175 0.7075 30.6570 
 39    802   1110   1980    590   2181   1367 -2.1172 0.6555 0.0000 0.0000 0.0000 0.0227 0.8109 0.0009 0.0022 55.0000 1.9189 27.4576 0.2315 29.6079 
 40   2849    974   2165    189    702   1028 -1.9219 1.3009 0.0391 0.0000 0.0000 0.0247 0.8064 0.0000 0.0482 300.0000 9.8095 26.1998 0.2160 36.2253 
 41   2910    922   2158    210    661    967 -1.6953 1.3316 0.0469 0.0000 0.0000 0.0246 0.8097 0.0000 0.0121 300.0000 10.0838 27.2984 0.3186 37.7007 
 42    801   1095   1959    607   2205   1371 -1.8984 0.8006 0.0156 0.0000 0.0000 0.0236 0.8029 0.0010 0.0019 52.0000 1.8589 27.4647 0.2368 29.5604 
 43    788   1100   1990    605   2181   1381 -2.0234 1.1097 0.0234 0.0000 0.0000 0.0153 0.8196 0.0010 0.0009 57.0000 1.9325 27.7579 0.2813 29.9717 
 44    828   1122   1963    596   2179   1363 -2.0625 0.7205 0.0156 0.0000 0.0000 0.0145 0.8203 0.0009 0.0009 56.0000 2.1825 27.4181 0.2536 29.8543 
 45   1991   2493    100    407    999   2951 -1.8516 0.5841 0.0000 0.0000 0.0000 0.3830 1.1061 0.0001 0.0095 50.0000 1.7182 30.2867 0.2437 32.2486 
 46    777   1090   1989    589   2197   1367 -1.8203 0.8257 0.0078 0.0000 0.0000 0.0145 0.8169 0.0010 0.0013 55.0000 2.4772 27.4426 0.2484 30.1682 
 47    313    801   2061   1741   1606   2911 -1.8359 1.3666 0.0547 0.0000 0.0000 0.0116 0.8331 0.0000 0.0341 300.0000 9.8301 32.2614 0.3046 42.3961 
 48    775   1077   1999    626   2195   1381 -2.1797 0.7312 0.0312 0.0000 0.0000 0.0114 0.8308 0.0010 0.0006 68.0000 2.7748 27.6077 0.2997 30.6822 
 49    769   1084   1998    630   2193   1375 -1.8516 1.1195 0.0234 0.0000 0.0000 0.0122 0.8231 0.0008 0.0008 62.0000 2.1542 29.7070 0.2800 32.1413 
 50    778   1071   2000    617   2197   1384 -1.9609 0.7622 0.0312 0.0000 0.0000 0.0100 0.8517 0.0007 0.0004 86.0000 3.9552 31.5309 0.2947 35.7808 
 51    829   1121   1947    602   2188   1359 -1.9531 0.6907 0.0391 0.0000 0.0000 0.0100 0.8640 0.0007 0.0007 88.0000 3.1556 27.9879 0.3749 31.5184 
 52    828   1120   1946    586   2182   1361 -1.8203 0.7942 0.0078 0.0000 0.0000 0.0100 0.8800 0.0010 0.0004 80.0000 3.9335 27.3328 0.2819 31.5482 
 53    525   1014   1965    738   2193   1698 -1.8047 0.9616 0.0312 0.0000 0.0000 0.0100 0.9066 0.0009 0.0009 71.0000 2.7646 28.0761 0.3389 31.1797 
 54    804   1108   1974    603   2184   1375 -2.2344 0.8580 0.0156 0.0000 0.0000 0.0100 0.9449 0.0009 0.0005 76.0000 4.0222 28.0932 0.2336 32.3490 
 55    804   1109   1973    604   2184   1375 -1.8594 0.9250 0.0000 0.0000 0.0000 0.0100 0.9185 0.0007 0.0005 76.0000 3.3999 28.0870 0.3107 31.7976 
 56    806   1096   1981    597   2187   1374 -1.8359 0.9256 0.0234 0.0000 0.0000 0.0100 0.9484 0.0010 0.0005 82.0000 4.1526 27.7650 0.3320 32.2496 
 57    785   1107   1974    604   2191   1377 -1.8828 0.5767 0.0000 0.0000 0.0000 0.0100 0.9936 0.0007 0.0004 77.0000 3.0064 28.2924 0.3458 31.6446 
 58    771   1081   2019    614   2197   1381 -2.0391 0.7465 0.0078 0.0000 0.0000 0.0100 1.0306 0.0008 0.0007 80.0000 3.8134 28.4248 1.9962 34.2345 
 59    772   1081   1978    612   2180   1397 -2.0625 0.7992 0.0000 0.0000 0.0000 0.0100 1.0253 0.0007 0.0009 78.0000 3.3187 29.0771 1.2992 33.6949 
 60    757   1089   1971    598   2170   1413 -2.1094 0.9171 0.0391 0.0000 0.0000 0.0100 1.0186 0.0008 0.0012 76.0000 3.8172 27.6963 0.3491 31.8626 
 61    766   1091   1968    606   2181   1420 -2.0625 0.9252 0.0391 0.0000 0.0000 0.0100 1.0122 0.0007 0.0018 87.0000 3.6336 27.8537 0.3142 31.8014 
 62    770   1091   1965    601   2159   1407 -2.1875 1.2874 0.1250 0.0000 1.0000 0.0100 1.0064 0.0006 0.0010 91.0000 4.2706 26.1358 0.2622 30.6686 
 63    765   1085   1958    603   2160   1407 -2.2344 0.9368 0.1016 0.0000 0.0000 0.0100 0.9950 0.0008 0.0008 77.0000 3.2406 26.2962 0.3150 29.8518 
 64    764   1085   1958    605   2159   1407 -2.0547 0.7450 0.0312 0.0000 0.0000 0.0100 0.9779 0.0009 0.0008 74.0000 3.2129 25.9761 0.2451 29.4341 
 65    770   1086   1960    594   2163   1407 -2.2500 1.1496 0.0781 0.0000 0.0000 0.0100 0.9863 0.0009 0.0004 72.0000 2.6165 25.7461 0.3850 28.7477 
 66    770   1086   1960    593   2163   1407 -2.0078 0.8425 0.0312 0.0000 0.0000 0.0100 0.9727 0.0009 0.0004 72.0000 2.6660 26.2168 0.3042 29.1869 
 67   2457   2296    435    717   1394   2303 -2.0938 0.9833 0.0391 0.0000 0.0000 0.0100 0.9765 0.0001 0.0100 102.0000 4.1325 32.1912 0.3163 36.6401 
 68   2450   2280    434    701   1395   2299 -1.9453 1.2332 0.0000 0.0000 0.0000 0.0100 0.9801 0.0010 0.0064 92.0000 4.2354 31.8360 0.4059 36.4773 
 69   2450   2312    432    730   1388   2301 -2.0156 1.3226 0.0078 0.0000 0.0000 0.0100 0.9829 0.0008 0.0017 80.0000 3.3216 31.4984 0.4382 35.2582 
 70   2443   2304    438    718   1410   2311 -2.1719 1.4348 0.0703 0.0000 0.0000 0.0100 0.9833 0.0009 0.0023 83.0000 3.9711 30.4497 0.4013 34.8221 
 71   1185   1770    108   1222   1878   1460 -2.0469 1.3049 0.1250 0.0000 0.0000 0.0100 0.9844 0.0000 0.0099 133.0000 5.8443 24.1430 0.3133 30.3007 
 72   2447   2308    432    711   1405   2317 -2.0078 0.8740 0.0078 0.0000 0.0000 0.0100 0.9893 0.0009 0.0019 106.0000 4.4958 28.7244 0.4236 33.6438 
 73   2442   2298    443    725   1411   2302 -2.2500 1.0709 0.0625 0.0000 0.0000 0.0100 0.9971 0.0009 0.0007 77.0000 2.7591 31.4293 0.5052 34.6936 
 74   2441   2298    443    725   1411   2302 -2.0938 1.2195 0.0234 0.0000 0.0000 0.0100 0.9910 0.0008 0.0005 93.0000 3.7988 28.1513 0.3356 32.2856 
 75   2452   2300    443    725   1414   2304 -2.0234 0.9680 0.0000 0.0000 0.0000 0.0100 0.9925 0.0009 0.0006 76.0000 2.6112 27.4529 0.4232 30.4872 
 76   1166   1764    121   1229   1865   1445 -1.6875 1.6024 0.1016 0.0000 0.0000 0.0100 1.0038 0.0006 0.0100 98.0000 3.9336 20.7985 0.3365 25.0685 
 77   2433   2298    442    722   1403   2308 -1.9297 1.3257 0.0469 0.0000 0.0000 0.0100 1.0057 0.0010 0.0006 64.0000 2.7648 26.7122 0.4081 29.8851 
 78   2441   2303    433    719   1414   2295 -2.0078 1.1889 0.0312 0.0000 0.0000 0.0100 1.0393 0.0010 0.0005 89.0000 3.2683 25.1558 0.4986 28.9227 
 79   2446   2306    454    715   1405   2298 -2.0547 0.9812 0.0000 0.0000 0.0000 0.0100 1.0463 0.0010 0.0008 104.0000 3.5041 28.8500 0.3932 32.7474 
 80    777   1089   1962    605   2163   1410 -2.1172 1.0649 0.0000 0.0000 0.0000 0.0100 1.0451 0.0008 0.0006 82.0000 3.2779 22.1203 0.4321 25.8304 
 81    766   1089   1971    600   2157   1398 -2.1328 1.0925 0.0938 0.0000 0.0000 0.0100 1.0431 0.0009 0.0007 93.0000 3.3796 22.7965 0.4649 26.6409 
 82    764   1099   1962    598   2155   1411 -1.7344 0.7950 0.0312 0.0000 0.0000 0.0100 1.0395 0.0009 0.0006 80.0000 3.3224 22.1140 0.2572 25.6936 
 83    525   1022   1973    754   2204   1722 -2.0938 0.9833 0.0312 0.0000 0.0000 0.0100 1.1375 0.0008 0.0013 103.0000 3.9627 22.5826 0.3108 26.8561 
 84    516   1010   1973    744   2217   1720 -1.8828 0.9862 0.0234 0.0000 0.0000 0.0100 1.1384 0.0009 0.0040 115.0000 4.7001 22.3221 0.3615 27.3837 
 85    704   1006   2144    583   2258   1350 -2.1406 0.7202 0.0156 0.0000 0.0000 0.0100 1.1449 0.0001 0.0098 136.0000 5.1669 22.2632 0.6031 28.0332 
 86    695   1015   2140    573   2263   1353 -1.8672 0.8562 0.0234 0.0000 0.0000 0.0100 1.1512 0.0009 0.0065 111.0000 4.2607 21.7473 0.2895 26.2976 
 87    769   1081   1964    601   2165   1403 -2.0703 0.8690 0.0547 0.0000 0.0000 0.0100 1.1675 0.0007 0.0003 130.0000 4.6349 20.9646 0.3137 25.9132 
 88    712    997   2147    592   2253   1347 -2.2812 0.8809 0.0469 0.0000 0.0000 0.0100 1.1789 0.0009 0.0008 117.0000 3.8272 19.7919 0.3090 23.9281 
 89    713    996   2147    593   2252   1346 -1.8359 1.1304 0.0391 0.0000 0.0000 0.0100 1.1712 0.0006 0.0005 139.0000 4.3259 19.6884 0.3646 24.3789 
 90    774   1078   1981    604   2155   1408 -2.0781 0.9702 0.0469 0.0000 0.0000 0.0100 1.1968 0.0008 0.0007 137.0000 4.4012 19.4984 0.3825 24.2822 
 91    708   1000   2152    589   2261   1358 -1.9766 0.9365 0.0469 0.0000 0.0000 0.0100 1.1938 0.0008 0.0006 146.0000 4.3888 21.3013 0.3118 26.0019 
 92   2448   2285    446    738   1400   2285 -1.9844 1.3856 0.0391 0.0000 0.0000 0.0100 1.1955 0.0009 0.0011 121.0000 3.8545 22.8450 0.3486 27.0481 
 93   2437   2304    448    723   1429   2315 -2.0078 1.0157 0.0234 0.0000 0.0000 0.0100 1.1956 0.0010 0.0010 120.0000 4.0123 23.6395 0.3239 27.9758 
 94    759   1076   1947    601   2179   1410 -1.7031 1.4072 0.0078 0.0000 0.0000 0.0100 1.1958 0.0008 0.0011 159.0000 4.8443 18.8467 0.3407 24.0317 
 95    754   1056   2020    613   2192   1368 -1.7891 1.0339 0.0156 0.0000 0.0000 0.0100 1.2349 0.0009 0.0018 173.0000 5.6292 19.1873 0.4843 25.3009 
 96    772   1091   1979    600   2171   1406 -2.0938 0.7156 0.0391 0.0000 0.0000 0.0100 1.2425 0.0008 0.0005 186.0000 5.6390 19.3562 0.5599 25.5550 
 97    708   1011   2141    589   2259   1335 -2.1641 0.9099 0.0547 0.0000 0.0000 0.0100 1.2406 0.0009 0.0017 178.0000 5.1673 19.5063 0.5671 25.2407 
 98    776   1077   2011    626   2219   1380 -2.3672 0.7066 0.0625 0.0000 0.0000 0.0100 1.2374 0.0009 0.0009 173.0000 5.1066 19.5012 0.2891 24.8969 
 99    776   1077   2011    626   2221   1380 -1.8281 0.7104 0.0078 0.0000 0.0000 0.0100 1.2406 0.0006 0.0003 106.0000 3.2175 20.1858 0.3450 23.7483 
100    715   1023   2151    581   2244   1331 -2.0312 1.0226 0.0547 0.0000 0.0000 0.0100 1.2451 0.0009 0.0027 179.0000 5.4542 19.4890 0.2786 25.2218 
101    719   1000   2128    579   2269   1329 -1.7578 1.1299 0.0312 0.0000 0.0000 0.0100 1.2438 0.0009 0.0016 165.0000 5.7968 19.3466 0.4283 25.5716 
102    782   1077   2015    633   2205   1384 -1.8359 1.2878 0.0391 0.0000 0.0000 0.0100 1.2576 0.0009 0.0005 169.0000 4.9567 19.8643 0.3666 25.1876 
103    695   1014   2146    600   2250   1339 -2.0391 0.8725 0.0547 0.0000 0.0000 0.0100 1.2777 0.0009 0.0005 177.0000 5.2044 19.7648 0.4677 25.4370 
104    696   1132   1966    502   2203   1431 -1.7969 1.3915 0.0312 0.0000 0.0000 0.0100 1.2775 0.0005 0.0091 131.0000 3.9625 19.1346 0.3942 23.4912 
105    646   1190   1821    398   2123   1513 -1.8359 0.9099 0.0234 0.0000 0.0000 0.0100 1.2679 0.0000 0.0090 197.0000 6.1836 20.3563 0.4331 26.9730 
106    530   1034   1968    765   2180   1724 -2.1172 0.8759 0.0703 0.0000 0.0000 0.0100 1.2606 0.0006 0.0014 293.0000 9.0892 19.1775 0.3823 28.6491 
107    544   1013   1962    769   2188   1731 -1.9453 0.9812 0.0234 0.0000 0.0000 0.0100 1.2577 0.0009 0.0028 104.0000 3.1158 19.7344 0.3780 23.2282 
108   2456   2307    426    707   1357   2275 -1.8906 1.0746 0.0078 0.0000 0.0000 0.0100 1.2595 0.0010 0.0030 161.0000 5.3670 22.0015 0.3091 27.6776 
109    512   1047   1977    756   2188   1719 -1.8906 0.7596 0.0391 0.0000 0.0000 0.0100 1.2566 0.0008 0.0016 165.0000 4.8208 19.5353 0.4366 24.7928 
110    532   1021   1981    745   2167   1733 -1.9062 1.4872 0.0781 0.0000 0.0000 0.0100 1.2628 0.0009 0.0029 165.0000 4.6452 19.5214 0.3678 24.5344 
111    718   1026   2139    600   2255   1349 -1.9844 1.0549 0.0156 0.0000 0.0000 0.0100 1.2628 0.0010 0.0011 284.0000 8.6192 19.1640 0.3456 28.1288 
112   1239    609    834    958   2249    790 -1.4844 1.1494 0.0391 0.0000 0.0000 0.0100 1.2632 0.0000 0.8234 300.0000 9.6731 14.9706 0.3069 24.9506 
113   1204   1777    100   1210   1892   1478 -1.7812 0.5659 0.0156 0.0000 0.0000 0.0100 1.2309 0.0009 0.0013 124.0000 3.5906 17.8589 0.4215 21.8710 
114   1280   2171    505   1980   1818   1668 -2.2344 0.8265 0.0312 0.0000 0.0000 0.0100 1.2304 0.0000 0.8335 300.0000 9.6808 22.0002 0.5289 32.2099 
115   1268   2168    501   1969   1812   1671 -2.0547 0.9497 0.0312 0.0000 0.0000 0.0100 1.2360 0.0005 0.0065 85.0000 2.4992 22.5724 0.3737 25.4452 
116   1291   2173    508   1990   1823   1665 -1.9297 1.1525 0.0000 0.0000 0.0000 0.0100 1.2363 0.0009 0.0015 73.0000 2.1829 21.9214 0.4220 24.5262 
117   1271   2183    515   1973   1823   1674 -1.9922 0.9842 0.0234 0.0000 0.0000 0.0100 1.2563 0.0007 0.0012 87.0000 2.5682 22.0760 0.5659 25.2101 
118   1281   2157    490   1983   1809   1672 -1.8906 1.3738 0.0469 0.0000 0.0000 0.0100 1.2588 0.0009 0.0027 97.0000 2.8672 22.4493 0.4180 25.7345 
119   1277   2169    509   1969   1816   1649 -1.7891 1.3489 0.0391 0.0000 0.0000 0.0100 1.2688 0.0008 0.0007 121.0000 3.4469 21.5015 0.4768 25.4252 
120    703   1014   2165    592   2267   1325 -2.0234 1.0309 0.0156 0.0000 0.0000 0.0100 1.2850 0.0251 0.0351 300.0000 9.7439 18.8264 0.4704 29.0407 
121    688    996   2157    574   2237   1330 -2.2266 0.8065 0.0312 0.0000 0.0000 0.0100 1.2841 0.0120 0.0181 300.0000 9.5065 18.5991 0.5657 28.6713 
122    681    999   2166    572   2228   1318 -2.0859 0.9611 0.0625 0.0000 0.0000 0.0100 1.2825 0.0009 0.0020 133.0000 3.9255 18.6529 0.4620 23.0405 
123    692    995   2151    572   2228   1342 -1.8828 1.2539 0.0859 0.0000 0.0000 0.0100 1.2792 0.0008 0.0009 141.0000 4.7681 20.9187 0.4969 26.1838 
124    686    996   2157    578   2249   1322 -2.0703 1.0108 0.0703 0.0000 0.0000 0.0100 1.3055 0.0007 0.0004 147.0000 4.2866 18.8430 0.5114 23.6411 
125    655   1132   1864   1007   2207   1658 -1.8906 0.7438 0.0312 0.0000 0.0000 0.0100 1.3066 0.0000 0.7564 300.0000 10.1830 19.7763 0.4470 30.4063 
126    696   1002   2173    571   2242   1330 -2.1250 0.9291 0.0703 0.0000 0.0000 0.0100 1.3028 0.0007 0.0006 106.0000 3.1197 18.7835 0.4720 22.3752 
127    676    993   2175    585   2239   1334 -1.9766 1.0467 0.0547 0.0000 0.0000 0.0100 1.2970 0.0004 0.0006 129.0000 4.0672 19.4770 0.5313 24.0755 
128   1276   2184    496   1984   1813   1685 -2.0156 1.2753 0.0234 0.0000 0.0000 0.0100 1.2998 0.0283 0.5528 300.0000 9.6827 22.7803 0.5289 32.9918 
129    419   1465   1303    556   1546    631 -1.8047 0.5364 0.0156 0.0000 0.0000 0.0100 1.2996 0.0000 0.7970 300.0000 9.9564 14.3373 0.5005 24.7942 
130   1807   1565    679   2465    189   1497 -1.8672 1.1397 0.1094 0.0000 0.0000 0.0100 1.2917 0.0000 0.8553 300.0000 10.1606 19.3268 0.4601 29.9475 
131    693    992   2162    552   2240   1316 -2.1094 0.9013 0.0312 0.0000 0.0000 0.0100 1.2871 0.0009 0.0010 231.0000 6.9062 18.6859 0.5132 26.1053 
132    506    933   2279    204   1929   1340 -2.3359 2.1146 0.3125 0.0000 2.6667 0.0100 1.2833 0.0000 0.7304 300.0000 9.4417 17.4106 0.4772 27.3295 
133    509    930   2277    202   1926   1343 -2.0625 1.1929 0.0938 0.0000 0.0000 0.0100 1.2858 0.0010 0.0025 142.0000 4.3532 16.5414 0.4076 21.3021 
134    501    937   2282    207   1933   1335 -2.2188 2.1565 0.2109 0.0000 1.8000 0.0100 1.3111 0.0008 0.0003 151.0000 5.0010 17.5017 0.4878 22.9905 
135    508    942   2281    206   1938   1342 -2.3594 1.9643 0.2344 0.0000 1.4286 0.0100 1.2877 0.0010 0.0008 185.0000 6.0875 16.7930 0.5511 23.4316 
136    508    943   2281    206   1939   1342 -2.1172 1.4429 0.1328 0.0000 0.0000 0.0100 1.2648 0.0009 0.0007 186.0000 5.7520 16.5634 0.4608 22.7762 
137    507    935   2287    212   1931   1341 -2.0000 1.6220 0.1406 0.0000 0.0000 0.0100 1.2619 0.0007 0.0005 188.0000 5.7448 16.8802 0.5694 23.1943 
138    502    939   2273    198   1935   1336 -2.2578 1.4999 0.1719 0.0000 1.4667 0.0100 1.2938 0.0008 0.0003 194.0000 5.9331 16.0538 0.5635 22.5504 
139    497    935   2275    201   1938   1343 -2.1875 1.8701 0.1953 0.0000 1.0870 0.0100 1.2733 0.0010 0.0019 223.0000 7.5209 16.1900 0.5371 24.2481 
140    509    941   2278    197   1932   1331 -1.8359 1.7288 0.1406 0.0000 0.0000 0.0100 1.2654 0.0008 0.0007 141.0000 4.2348 16.1406 0.5701 20.9456 
141    501    938   2271    208   1933   1341 -2.1250 1.6063 0.1562 0.0000 1.1111 0.0100 1.3593 0.0009 0.0003 247.0000 7.6715 16.1906 0.5394 24.4015 
142    527    788   2474    216   2168   1465 -1.8750 1.7165 0.0938 0.0000 0.0000 0.0100 1.3604 0.0000 0.8838 300.0000 9.4346 17.7905 0.6049 27.8300 
143   2336   2880    256   1571    244   2171 -1.5469 0.6750 0.0234 0.0000 0.0000 0.0100 1.3552 0.0000 0.6969 300.0000 9.5166 21.2936 0.4950 31.3052 
144    497    941   2283    198   1933   1348 -2.2188 1.6683 0.2266 0.0000 1.7059 0.0100 1.3280 0.0007 0.0003 235.0000 7.0013 16.2902 0.5087 23.8001 
145    504    933   2282    198   1946   1347 -1.8438 1.7234 0.1250 0.0000 0.0000 0.0100 1.3151 0.0006 0.0004 202.0000 6.1220 16.0825 0.5585 22.7630 
146    688   1016   2158    561   2240   1318 -1.9062 0.9045 0.0312 0.0000 0.0000 0.0100 1.3799 0.0007 0.0008 266.0000 7.9603 18.3653 0.6430 26.9686 
147    491    941   2277    201   1926   1341 -1.9453 1.8001 0.1562 0.0000 0.0000 0.0100 1.3885 0.0009 0.0003 241.0000 7.1956 16.5983 0.6935 24.4874 
148    889    179   2319    534    919   1141 -2.1953 1.5600 0.1484 0.0000 0.0000 0.0100 1.4396 0.0000 0.6209 300.0000 9.7029 13.7841 0.6606 24.1476 
149    896    183   2328    538    925   1156 -1.8594 1.8383 0.1641 0.0000 1.4000 0.0100 1.4405 0.0009 0.0080 168.0000 5.1943 13.8921 0.7001 19.7864 
150    882    175   2310    530    913   1127 -2.4219 1.4427 0.2422 0.0000 1.4762 0.0100 1.4548 0.0007 0.0007 178.0000 5.7007 13.6870 0.5373 19.9249 
151    881    174   2309    529    912   1125 -2.1328 1.9429 0.2031 0.0000 1.4444 0.0100 1.4294 0.0009 0.0004 189.0000 5.8254 13.6837 0.6079 20.1170 
152    883    181   2309    536    916   1130 -2.4688 1.8573 0.3047 0.0000 3.2500 0.0100 1.4356 0.0008 0.0004 154.0000 4.6769 14.0460 0.5782 19.3011 
153    883    183   2307    538    916   1130 -2.3203 2.3769 0.2891 0.0000 3.3636 0.0100 1.4072 0.0009 0.0003 180.0000 5.4744 13.7303 0.5211 19.7258 
154    881    180   2313    535    920   1128 -2.0391 1.4079 0.1484 0.0000 0.0000 0.0100 1.3789 0.0008 0.0003 185.0000 5.6227 14.0912 0.4737 20.1877 
155    886    179   2305    534    909   1133 -2.2578 1.6574 0.2422 0.0000 2.8182 0.0100 1.4406 0.0007 0.0003 155.0000 4.7317 13.8268 0.5864 19.1449 
156    895    182   2308    537    911   1126 -1.9766 1.8498 0.1328 0.0000 1.0625 0.0100 1.4086 0.0009 0.0006 101.0000 3.0278 13.9558 0.4240 17.4076 
157    877    178   2305    533    913   1138 -2.2500 1.2283 0.1875 0.0000 1.6000 0.0100 1.4570 0.0010 0.0003 119.0000 3.5912 14.1439 0.5008 18.2359 
158   1595    673    984   1343   1215   2720 -1.6094 1.3108 0.0781 0.0000 0.0000 0.0100 1.4418 0.0000 0.8307 300.0000 9.6686 19.3837 0.6611 29.7134 
159    877    182   2313    537    905   1134 -1.7812 1.3061 0.1328 0.0000 0.0000 0.0100 1.4185 0.0007 0.0004 134.0000 4.2880 15.9594 0.5725 20.8200 
160    885    176   2302    531    919   1134 -2.2656 1.6297 0.2031 0.0000 1.2381 0.0100 1.5347 0.0006 0.0002 133.0000 3.9460 13.7033 0.7613 18.4105 
161    884    170   2303    540    918   1134 -2.0703 1.4832 0.1562 0.0000 0.0000 0.0100 1.5144 0.0010 0.0004 174.0000 5.0788 13.8491 0.5811 19.5089 
162    884    184   2304    525    917   1133 -2.4141 1.3154 0.1875 0.0000 1.0435 0.0100 1.5383 0.0009 0.0002 240.0000 8.0690 15.9018 0.7702 24.7410 
163    883    187   2301    527    919   1134 -2.0234 1.3617 0.1094 0.0000 0.0000 0.0100 1.4986 0.0008 0.0002 241.0000 8.3892 16.0132 0.7168 25.1191 
164   2319    422   1418   2510   2570   2309 -1.2188 1.1644 0.0078 0.0000 0.0000 0.0100 1.5827 0.0000 0.7553 300.0000 9.5133 31.5413 0.9445 41.9992 
165   1062   1632   2309   1077    680    370 -2.0391 0.9827 0.0625 0.0000 0.0000 0.0100 1.5032 0.0000 0.5196 300.0000 16.9387 25.3797 1.0099 43.3283 
166   1046   1601   2343   1073    665    387 -1.8984 1.1786 0.0547 0.0000 0.0000 0.0100 1.5029 0.0000 0.0186 300.0000 15.2582 24.0453 0.8784 40.1819 
167   1077   1662   2276   1080    694    353 -1.8047 0.8356 0.0156 0.0000 0.0000 0.0100 1.4988 0.0010 0.0095 62.0000 3.4966 25.9990 0.7476 30.2431 
168    297   2570    362   1362   2654   1781 -2.3906 1.2793 0.1641 0.0000 0.0000 0.0100 1.4910 0.0000 0.7958 300.0000 16.8601 29.9107 0.6556 47.4264 
169    301   2562    362   1357   2658   1780 -2.0312 1.2431 0.0938 0.0000 0.0000 0.0100 1.4870 0.0005 0.0034 112.0000 5.8322 30.5992 0.7723 37.2036 
170    293   2577    361   1366   2650   1781 -2.1484 1.0880 0.0781 0.0000 0.0000 0.0100 1.5191 0.0010 0.0005 103.0000 5.4775 32.0990 0.6509 38.2274 
171    300   2574    373   1368   2657   1791 -1.6328 1.3838 0.0234 0.0000 0.0000 0.0100 1.5186 0.0009 0.0008 106.0000 5.7172 30.1248 1.1406 36.9827 
172    213   2525    356   1259   2366   1681 -2.0625 0.8937 0.0469 0.0000 0.0000 0.0100 1.5823 0.0000 0.5697 300.0000 17.5922 28.7581 0.7880 47.1383 
173    231   2535    352   1273   2405   1689 -2.0781 1.0490 0.0703 0.0000 0.0000 0.0100 1.5820 0.0000 0.0160 300.0000 15.8917 29.6886 1.0653 46.6456 
174    292   2570    352   1359   2649   1772 -2.0547 1.0127 0.0078 0.0000 0.0000 0.0100 1.5812 0.0007 0.0004 122.0000 6.7881 32.4272 1.0776 40.2929 
175    196   2535    367   1269   2403   1664 -2.1016 1.4463 0.1172 0.0000 1.0000 0.0100 1.5976 0.0001 0.0119 300.0000 15.6102 28.0609 0.8737 44.5448 
176    196   2558    343   1272   2390   1684 -2.0781 0.9230 0.1016 0.0000 0.0000 0.0100 1.5959 0.0010 0.0081 189.0000 10.8322 32.8831 0.9963 44.7116 
177    190   2515    345   1271   2403   1692 -2.1562 1.0148 0.0547 0.0000 0.0000 0.0100 1.5939 0.0009 0.0061 195.0000 10.7915 29.2931 0.8626 40.9471 
178    200   2519    339   1292   2393   1672 -2.2891 0.9473 0.1094 0.0000 0.0000 0.0100 1.5901 0.0010 0.0031 196.0000 10.7837 29.9678 0.9329 41.6844 
179    202   2519    329   1277   2398   1665 -2.0234 0.7317 0.0703 0.0000 0.0000 0.0100 1.5789 0.0009 0.0013 188.0000 10.5176 27.9546 0.8825 39.3546 
180    197   2520    351   1299   2390   1682 -2.2266 0.8223 0.0625 0.0000 0.0000 0.0100 1.5859 0.0010 0.0008 181.0000 9.8979 28.0430 0.9690 38.9100 
181    197   2524    340   1304   2407   1676 -2.1094 1.3580 0.1016 0.0000 0.0000 0.0100 1.5731 0.0008 0.0015 158.0000 8.5712 28.2020 0.8624 37.6356 
182    190   2511    343   1292   2376   1671 -1.7500 1.5276 0.0859 0.0000 0.0000 0.0100 1.5716 0.0010 0.0018 147.0000 8.3751 32.2685 0.9820 41.6256 
183    210   2523    347   1290   2396   1681 -1.9844 1.1179 0.0859 0.0000 0.0000 0.0100 1.6057 0.0010 0.0006 206.0000 11.4373 28.0246 0.6992 40.1611 
184    177   2531    358   1291   2402   1690 -1.8750 1.1654 0.0469 0.0000 0.0000 0.0100 1.6355 0.0009 0.0010 182.0000 9.9754 30.3106 0.9433 41.2293 
185    204   2529    354   1239   2404   1693 -2.0547 1.4222 0.0938 0.0000 0.0000 0.0100 1.6445 0.0007 0.0013 191.0000 11.3986 31.1044 0.9759 43.4789 
186    225   2559    369   1250   2389   1670 -2.2578 1.0905 0.1172 0.0000 0.0000 0.0100 1.6428 0.0008 0.0019 190.0000 10.5321 29.9414 5.1747 45.6482 
187    225   2556    380   1254   2385   1687 -2.2500 1.4961 0.1875 0.0000 1.8462 0.0100 1.6354 0.0007 0.0020 143.0000 7.8064 30.2905 1.0086 39.1055 
188    233   2564    360   1248   2382   1687 -2.0859 1.3705 0.1094 0.0000 1.1667 0.0100 1.6221 0.0007 0.0014 145.0000 8.1156 32.0172 1.1782 41.3110 
189    224   2548    387   1252   2393   1668 -2.1094 0.9171 0.0547 0.0000 0.0000 0.0100 1.6223 0.0008 0.0014 151.0000 8.3885 29.2034 1.5503 39.1421 
190    209   2568    376   1257   2383   1675 -2.0469 1.3836 0.1094 0.0000 0.0000 0.0100 1.6215 0.0008 0.0011 228.0000 12.5715 28.4405 0.8844 41.8964 
191    230   2558    372   1252   2408   1683 -2.1016 1.3676 0.1094 0.0000 0.0000 0.0100 1.6252 0.0009 0.0007 232.0000 12.9764 28.5300 1.6296 43.1360 
192    238   2549    373   1263   2377   1672 -1.9297 1.1367 0.0547 0.0000 0.0000 0.0100 1.6233 0.0007 0.0007 158.0000 8.6897 28.6628 0.9663 38.3187 
193    218   2551    375   1232   2386   1681 -1.7578 1.6023 0.1094 0.0000 0.0000 0.0100 1.6343 0.0010 0.0007 254.0000 14.0267 28.8362 0.9322 43.7951 
194    225   2560    385   1269   2391   1701 -2.0859 1.1973 0.0625 0.0000 0.0000 0.0100 1.6616 0.0007 0.0008 283.0000 15.8316 32.0892 0.9964 48.9172 
195    223   2565    357   1259   2402   1657 -2.1250 0.9134 0.0547 0.0000 0.0000 0.0100 1.6602 0.0009 0.0008 265.0000 14.8270 29.8465 0.8910 45.5645 
196    200   2503    331   1258   2414   1714 -2.1094 1.4053 0.1719 0.0000 1.2222 0.0100 1.6563 0.0009 0.0020 289.0000 16.3221 29.8007 1.1218 47.2446 
197    198   2494    354   1260   2427   1687 -1.7656 1.1100 0.0391 0.0000 0.0000 0.0100 1.6539 0.0008 0.0016 288.0000 16.0350 29.6197 0.9606 46.6153 
198    381   2393    513   1312   2299   1988 -2.0000 1.6850 0.0703 0.0000 0.0000 0.0100 1.6524 0.0000 0.7433 300.0000 17.2761 29.4159 1.5955 48.2876 
199    366   2399    524   1273   2353   1957 -2.2344 1.1100 0.0625 0.0000 0.0000 0.0100 1.6512 0.0000 0.0295 300.0000 16.6001 29.4714 1.5062 47.5777 
152    883    181   2309    536    916   1130 -2.4688 1.8573 0.3047 0.0000 3.2500 0.0100 1.4356 0.0008 0.0004 154.0000 4.6769 14.0460 0.5782 19.3011 
