0 2838 1409 1529 1159 2219 1783  854 2158 2665  945  963  246 -1.4141 4.8430 0.1077 0.0078 0.0000 0.0544 0.9116 0.0000 0.0000 0.0000 0.0000 0.0000 0.0000 0.0000 
1  578 1535 1871 2466 1151  481 1288 1170 2346 2187  576  134 -0.8359 9.7603 0.0908 0.0391 0.0000 0.0544 0.9116 0.0000 0.0000 0.0000 0.0000 0.0000 0.0000 0.0000 
2  167 1206  965 2048 1949 2611 2175  906   57  179 1972 1498 -1.4531 5.3994 0.1717 0.0078 0.0000 0.0544 0.9116 0.0000 0.0000 0.0000 0.0000 0.0000 0.0000 0.0000 
3 2216  393 2949 2407 1708 2024 1734 1514 1668 1541 1881 2629 -1.6094 5.5785 0.2115 0.0703 0.0000 0.0544 0.9116 0.0000 0.0000 0.0000 0.0000 0.0000 0.0000 0.0000 
4  990 2123  226  677 2494 1192  303 2396  548 2961 2552 1263 -0.7812 9.9360 0.1835 0.0156 0.0000 0.0544 0.9116 0.0000 0.0000 0.0000 0.0000 0.0000 0.0000 0.0000 
5 2455 1912 2243  393 1293  701 2024 1264  743  610 1393  406 -1.9297 2.6801 0.0642 0.0000 0.0000 0.0544 0.9116 0.0000 0.0000 0.0000 0.0000 0.0000 0.0000 0.0000 
6  255  928 1696 1576 2826  328 1933 1756  468 2514  719 2311 -1.6641 4.5870 0.0924 0.0234 0.0000 0.0544 0.9116 0.0000 0.0000 0.0000 0.0000 0.0000 0.0000 0.0000 
7  418  202 2633  220 1991 1906  680 2652 1521 1932 2356 1659 -0.6172 9.6082 0.1141 0.0156 0.0000 0.0544 0.9116 0.0000 0.0000 0.0000 0.0000 0.0000 0.0000 0.0000 
8 1125 2268 1252  894  663 1333 2952  991 1732  719  811  993 -1.3828 5.0728 0.2270 0.0078 0.0000 0.0544 0.9116 0.0000 0.0000 0.0000 0.0000 0.0000 0.0000 0.0000 
9 2673 2445 2055 1466 2385  171 1381  754 1242  359 2122  705 -1.5156 5.9683 0.2263 0.0000 0.0000 0.0544 0.9116 0.0000 0.0000 0.0000 0.0000 0.0000 0.0000 0.0000 
10 1378  601  394 1734  466 1613  639  490 1154 1775 2972 2705 -1.3047 2.8277 0.1054 0.0000 0.0000 0.0544 0.9116 0.0000 0.0000 0.0000 0.0000 0.0000 0.0000 0.0000 
11 1663 2595 2726 2200  832  818 1034  274 2429 1517 1743 2876 -1.1562 8.8100 0.3141 0.1094 0.0000 0.0544 0.9116 0.0000 0.0000 0.0000 0.0000 0.0000 0.0000 0.0000 
12 1776   93  886 1318 1454  532 2433 2786 2746 1344  290  627 -1.8125 2.1693 0.1238 0.0156 0.0000 0.0544 0.9116 0.0000 0.0000 0.0000 0.0000 0.0000 0.0000 0.0000 
13  917  716  130 2872  963  955   78  110  923 2389 2614 2554 -2.0703 5.7352 0.0424 0.1406 1.2500 0.0544 0.9116 0.0000 0.0000 0.0000 0.0000 0.0000 0.0000 0.0000 
14 1875 2879 1421  107 1589 1398  358 1845 2188 1175 1530 1777 -0.9922 13.8818 0.2042 0.0547 0.0000 0.0544 0.9116 0.0000 0.0000 0.0000 0.0000 0.0000 0.0000 0.0000 
15  729 1738 1126  974  186 2743 1170 1624 1894 2664  155 1854 -1.1953 8.6781 0.1421 0.1250 0.0000 0.0544 0.9116 0.0000 0.0000 0.0000 0.0000 0.0000 0.0000 0.0000 
16 1242 1006 2331 2580 2878 2944 2389  619 2023 2012 1199  819 -1.8047 3.1033 0.1225 0.0625 0.0000 0.0544 0.9116 0.0000 0.0000 0.0000 0.0000 0.0000 0.0000 0.0000 
17 2081 1311  596 1935 2681 2124 2633 2527 1028  934 1333 2201 -1.8125 4.5000 0.0519 0.1562 0.0000 0.0544 0.9116 0.0000 0.0000 0.0000 0.0000 0.0000 0.0000 0.0000 
18 2338 2018  739  528  499 2286 1530 2975  236 2840  357 1995 -1.4688 3.6368 0.0782 0.0000 0.0000 0.0544 0.9116 0.0000 0.0000 0.0000 0.0000 0.0000 0.0000 0.0000 
19 2893 2709 2478 2710  311 2451 2819 2007 2946  272 2841 1195 -1.5000 5.7953 0.1421 0.0078 0.0000 0.0544 0.9116 0.0000 0.0000 0.0000 0.0000 0.0000 0.0000 0.0000 
20 2095 1370  596 2010 2663 2117 2671 2513 1029  943 1345 2231 -1.8750 3.1181 0.0297 0.0938 0.0000 0.0544 0.9116 0.0000 0.0381 600.0000 59.8996 0.5359 1.8761 62.3116 
21 2131 1487  774 2343 2574 2056 2828 2337 1081 1027 1355 2267 -2.1484 2.2376 0.0218 0.0703 0.0000 0.2847 0.9059 0.0000 0.0094 76.0000 7.7487 0.5506 1.8542 10.1535 
22 2159 1517  865 2505 2547 2027 2920 2251 1103 1063 1346 2276 -1.4297 6.9084 0.0655 0.0547 0.0000 0.4297 0.9034 0.0002 0.0099 63.0000 6.5472 0.5510 1.8950 8.9932 
23 2124 1476  751 2300 2582 2063 2805 2359 1075 1017 1356 2263 -1.4844 11.1809 0.0149 0.1172 0.0000 0.0923 0.9169 0.0009 0.0049 65.0000 6.8121 0.4262 1.7494 8.9877 
24 2430 1382 2486 2132   78  164 2640 1721 1164  415 1028 1299 -1.7891 5.4906 0.0746 0.0859 0.0000 0.0100 0.9117 0.0000 1.2583 600.0000 66.8160 0.4461 1.2491 68.5112 
25 2306 1107 2543 1976 2417  164 1788 1759 1144 1174 1137 2904 -1.8047 1.9379 0.0804 0.0078 0.0000 0.0100 0.9122 0.0000 1.2497 600.0000 67.9375 0.3985 1.6236 69.9596 
26 2123 1107  738 2351 2618  633 1562 2125  946 1174  302 1215 -1.8984 4.2967 0.0855 0.0703 0.0000 0.0100 0.9126 0.0000 1.2021 600.0000 61.7994 0.3861 1.4279 63.6134 
27 1858 1107  149 1976 2618  633 2422 2125  946 1174  750 2581 -1.7031 9.1868 0.2192 0.0469 0.0000 0.0100 0.9131 0.0000 1.1969 600.0000 61.0364 0.4690 1.5074 63.0129 
28   78 1299 1361   88 2367  596 1097 1153 2425 1549 1865 2004 -1.4688 8.6919 0.1673 0.0156 0.0000 0.0100 0.9133 0.0000 1.2628 600.0000 60.3899 0.3297 1.2238 61.9435 
29  571  888  585 2341 2396  596 1883 1617 2247  238 2822 2225 -1.5781 6.1198 0.1334 0.1094 0.0000 0.0100 0.9132 0.0000 1.2398 600.0000 60.1457 0.3935 1.3557 61.8949 
30 1913  897 1501   78  711  627 1679 1181 2377 1039 1557 1299 -1.4922 4.8188 0.1010 0.0078 0.0000 0.0100 0.9133 0.0000 1.1479 600.0000 60.1848 0.4200 1.1393 61.7441 
31 2008  897 1242  783 2219  627 2376 1219 1610  366 2822 2581 -1.1016 4.7849 0.0721 0.0547 0.0000 0.0100 0.9132 0.0000 1.0876 600.0000 59.1930 0.4466 1.5372 61.1768 
32 1967  832 1632 1200  521 1268 2238 2558 1051  559  718  913 -1.2266 4.8065 0.0995 0.0234 0.0000 0.0100 0.9128 0.0000 0.8477 600.0000 60.4425 0.4109 1.1238 61.9771 
33 1967 1337 1632  712  521 1268 2238  591 1051  559 1113  913 -1.3281 9.2458 0.1881 0.0000 0.0000 0.0100 0.9125 0.0000 0.7732 600.0000 61.1330 0.2991 1.0478 62.4799 
34 1359 2488 1703  874 1110  858 2238  498 1132  563  438 1558 -1.4375 3.6654 0.1356 0.0078 0.0000 0.0100 0.9124 0.0000 1.0252 600.0000 60.0614 0.4484 1.1271 61.6369 
35 2349 1826 1703  712 1110 1268 2238  498 1132  366  438 1558 -1.2422 4.8149 0.1199 0.0000 0.0000 0.0100 0.9123 0.0000 0.9848 600.0000 60.7512 0.4613 0.9818 62.1943 
36 1860  689 1320 1287 1925  890 2146  828 2963 2994  186 2694 -1.5391 3.0378 0.2231 0.1016 0.0000 0.0100 0.9121 0.0000 0.9680 600.0000 58.1144 0.3756 1.1751 59.6651 
37 1860 1514  856 1287 1925 1019 2146  839 2643 2994  186 2694 -1.3438 9.0305 0.1868 0.1797 1.0588 0.0100 0.9121 0.0000 0.8839 600.0000 56.6070 0.3859 1.5208 58.5136 
38 1997 1453 2101  916  943  597 2111 1030  385  825  105 2503 -1.9766 4.0703 0.0459 0.0391 0.0000 0.0100 0.9120 0.0000 1.0391 600.0000 56.5406 0.2692 1.3675 58.1773 
39 2008 1514  856 1048 1925 1019 2376  839 2643  366  186 2503 -1.3828 2.6161 0.1011 0.2109 1.3750 0.0100 0.9124 0.0000 0.9843 600.0000 57.3028 0.3273 1.3542 58.9844 
40 2028 1862 2482 1465 2774 1008 2040 1499 2407  854 1951 2436 -1.6562 6.5266 0.0692 0.0391 0.0000 0.0100 0.9123 0.0000 0.9683 600.0000 56.6249 0.4376 1.5124 58.5748 
41  572 1758 2482 1193 2646 1465 2040 1499 2407  854 1847 2611 -1.6172 2.8051 0.1488 0.0391 0.0000 0.0100 0.9124 0.0000 0.8819 600.0000 57.1145 0.5438 1.3264 58.9848 
42 1040 1579 2482  902 2619 2540 2970 1877 2338  964 2386 2611 -1.5234 4.0152 0.0836 0.0781 0.0000 0.0100 0.9125 0.0000 1.0591 600.0000 57.3740 0.4720 1.5476 59.3936 
43  643 1310 2482  595 2619 1852 2970 1877 2407  725 2386 2611 -1.4609 8.3764 0.1208 0.2031 1.8125 0.0100 0.9125 0.0000 1.0305 600.0000 56.6589 0.5563 1.5781 58.7933 
44  660  852 1999 1724 2090 1827 2343 2081  994  838 1119 2409 -1.9531 2.8009 0.2606 0.2109 1.2500 0.0100 0.9125 0.0000 1.0736 600.0000 57.5451 0.5279 1.2840 59.3571 
45  341  626 1999 1001 2090 1643 2343 2081  994 2111 1119 2409 -1.4062 7.3297 0.1815 0.0469 0.0000 0.0100 0.9127 0.0000 1.0831 600.0000 56.7600 0.3599 1.2160 58.3359 
46  673  488 1154 1112 2213 1643 2119 1749 2045  164  430 2409 -1.5781 5.7734 0.1014 0.1406 0.0000 0.0100 0.9126 0.0000 1.0036 600.0000 63.3351 0.3085 1.2501 64.8938 
47  673  938 1999  835 2213 1643 2343 1877 2086  366  430 2409 -1.3047 5.3631 0.1039 0.1172 0.0000 0.0100 0.9127 0.0000 0.9329 600.0000 57.1802 0.3233 1.2854 58.7888 
48 1203 1627  393 1194 2730 1881 2167 1135 2156  697 1881 1735 -1.9688 1.9518 0.1804 0.1484 0.0000 0.0100 0.9126 0.0000 0.9393 600.0000 58.8103 0.3809 1.5938 60.7850 
49 1203 1825  343 1194 2008 1700 2513  849 2206  923 1881 2625 -1.5078 5.0078 0.3639 0.1328 0.0000 0.0100 0.9128 0.0000 0.9207 600.0000 58.7044 0.5704 1.7424 61.0172 
50 1203 1774 2711 1595 2008 1700 2558 2194 2689  923 1873 2625 -1.7344 2.3383 0.1826 0.0391 0.0000 0.0100 0.9128 0.0000 1.1293 600.0000 60.8084 0.5991 1.5352 62.9427 
51 1203 1808 2711 1194 2008 1700 2697 1371 2689  923 1307 2625 -1.0781 5.8836 0.1904 0.0547 0.0000 0.0100 0.9128 0.0000 1.1565 600.0000 60.1066 0.4732 1.3081 61.8880 
52 2041 2073 2597  864 2404 1294 1778 2403 2818  505 2558 2206 -1.4688 3.2746 0.1130 0.0000 0.0000 0.0100 0.9126 0.0000 1.0491 600.0000 67.1816 0.3970 1.6362 69.2148 
53 2041 1810 2597 1041 2404 1294 2343 1371 2818  505 2788 2206 -1.5547 5.7450 0.1419 0.0078 0.0000 0.0100 0.9126 0.0000 1.0365 600.0000 60.5988 0.4937 1.5526 62.6451 
54  673 1440 2597 1015 1889 1294 2343 1612 2643  366  347 2206 -1.1875 4.1378 0.1683 0.0625 0.0000 0.0100 0.9126 0.0000 0.6928 600.0000 67.6393 0.3120 1.2134 69.1647 
55 2655 1071 1390  653   89 1868 1080 1298 1234   76  398 2940 -1.0703 6.4911 0.2195 0.0000 0.0000 0.0100 0.9125 0.0000 1.1654 600.0000 61.8181 0.2584 1.0155 63.0920 
56 2554 1605 1390  653   89   69 2994 1298 1234   76  540 2890 -1.0156 10.0627 0.1609 0.0078 0.0000 0.0100 0.9123 0.0000 1.1746 600.0000 60.0322 0.3056 1.3376 61.6754 
57 1516 1667 1198  918   89  634 2665 1764  610  262  540  935 -1.9219 1.6631 0.2090 0.0312 0.0000 0.0100 0.9120 0.0000 1.0776 600.0000 58.4131 0.2307 0.9732 59.6170 
58 1881 1605 1390  845   89  634 2665 1298 1234  262  540  935 -1.7812 2.3770 0.2139 0.0391 0.0000 0.0100 0.9122 0.0000 1.0677 600.0000 64.8324 0.2227 0.9759 66.0310 
59  842  433 2362  788  430 1450 1626 1271 1500  779  975 2668 -1.9297 3.9556 0.2259 0.0859 0.0000 0.0100 0.9123 0.0000 1.1268 600.0000 59.9828 0.3558 1.2053 61.5439 
60  842 1017  959 1244 1103 1450  299 1271 2920  779  964  166 -1.4531 3.9978 0.0970 0.0469 0.0000 0.0100 0.9124 0.0000 1.0733 600.0000 65.9424 0.2343 0.8969 67.0736 
61 1751 1238 1371 1762 1128 1804 2799 1298 1894  322  964  166 -1.2734 6.2947 0.2043 0.0703 0.0000 0.0100 0.9124 0.0000 1.1899 600.0000 59.6144 0.3073 0.9932 60.9149 
62  842 1196 1371 1340 1128 1191 2799 1298 1894  779  964  166 -1.9766 0.5585 0.2254 0.0234 0.0000 0.0100 0.9123 0.0000 1.1883 600.0000 61.3762 0.2649 0.9794 62.6206 
63  648 1247 1288 1148 2228 1916 2523 1651  840   89  925 2121 -1.8516 2.4424 0.1508 0.0078 0.0000 0.0100 0.9124 0.0000 1.1693 600.0000 58.5837 0.3181 0.9964 59.8981 
64  491  905 1017 1619 2228 1032 1463  858  116   89  896 2121 -1.2031 3.7064 0.2380 0.0078 0.0000 0.0100 0.9125 0.0000 1.1591 600.0000 58.0277 0.3063 1.0368 59.3708 
65  451  756 2915  631 1389 1064 2534 1815 1768 1454 1810  885 -1.2812 7.5896 0.2026 0.2031 0.0000 0.0100 0.9124 0.0000 1.2459 600.0000 58.7683 0.2980 1.1222 60.1885 
66  451  905 2942 1098 2228 1608 1463 1764 1768   89  391 2352 -1.3984 4.0683 0.1228 0.0000 0.0000 0.0100 0.9124 0.0000 1.1523 600.0000 60.9320 0.3026 1.0950 62.3296 
67 1051  935 2828 1778 2041 1294 2166 1470 2638  317 1172 1999 -1.3906 7.9407 0.2001 0.0234 0.0000 0.0100 0.9123 0.0000 1.1233 600.0000 58.9768 0.3550 1.4170 60.7488 
68 1051  863 2828  873 2041 1294 1450 1764 2638  317  654 1999 -1.7188 4.0620 0.1528 0.0938 0.0000 0.0100 0.9123 0.0000 1.0803 600.0000 65.0131 0.3908 1.0393 66.4432 
69  673  851 1731 1837 2007 1294 1801 1234 1722  850  538 1999 -2.1172 1.7421 0.2499 0.0078 0.0000 0.0100 0.9123 0.0000 1.0020 600.0000 63.0693 0.3142 1.0336 64.4171 
70  674  852 1731 1838 2007 1295 1802 1235 1723  851  540 1999 -1.7891 3.8843 0.2481 0.0078 0.0000 0.0100 0.9125 0.4383 1.0020 600.0000 62.0087 0.2687 1.0288 63.3062 
71  673 1196 2083 1340 2007 1294 1450 1764 2241  536  538 1999 -1.2734 8.7672 0.1968 0.0078 0.0000 0.0100 0.9051 0.0000 0.9482 600.0000 65.5746 0.3543 1.1523 67.0811 
72  644   71 2194 2021 1206 2253 2705 2552  640  516 1219  783 -2.2656 3.9761 0.0901 0.2578 4.2000 0.0100 0.9047 0.0000 1.1991 600.0000 60.0923 0.3208 1.0802 61.4933 
73  643   70 2194 2021 1206 2253 2705 2552  639  515 1219  782 -1.8906 5.3895 0.0948 0.2344 2.8333 0.0100 0.9070 1.0341 1.1991 600.0000 60.8352 0.3301 1.2712 62.4364 
74  649   76 2193 2020 1205 2252 2704 2551  645  521 1218  788 -2.0156 3.5903 0.0945 0.3125 3.4444 0.0100 0.8838 0.5765 1.1991 600.0000 65.4354 0.3639 1.3840 67.1833 
75  644 1301 2194 2021 1230 1547 2705 1371  640  516 1219  783 -1.6953 10.2293 0.2722 0.0000 0.0000 0.0100 0.8597 0.0000 1.1721 600.0000 59.5905 0.3183 1.2141 61.1228 
76 1366 1870  837 2146 1934 1498 2705 1371 2068  391 1436 1728 -1.8438 6.2431 0.0451 0.1797 0.0000 0.0100 0.8603 0.0000 0.9285 600.0000 64.3158 0.3656 1.4908 66.1722 
77  644 1301  595 1527 1828 1544 2705 1371 1838  391  904 1728 -1.8594 3.4289 0.1426 0.0234 0.0000 0.0100 0.8621 0.0000 0.9084 600.0000 62.5926 0.3165 0.9978 63.9069 
78   50 2955 2484  854 2277 1121 2147  827  409  420 1751 2171 -1.8516 0.7573 0.2423 0.0625 0.0000 0.0100 0.8640 0.0000 1.0091 600.0000 64.3184 0.2976 1.1462 65.7622 
79  765 2219 2175 1041 2370 1294 2147  827 1900  420 1050 2171 -1.3359 5.5477 0.0435 0.0312 0.0000 0.0100 0.8657 0.0000 0.8867 600.0000 62.1819 0.4694 1.3321 63.9834 
80  739 2351 1237 1093 2265 1006 2246 1371 1314  519   51 2463 -1.6719 3.0726 0.2155 0.0000 0.0000 0.0100 0.8649 0.0000 0.8142 600.0000 62.7757 0.2786 0.9606 64.0149 
81  673 1801  741 1014 2370 1294 2246 1371 1900  519  186 2463 -1.6562 3.5187 0.1666 0.0391 0.0000 0.0100 0.8652 0.0000 0.7412 600.0000 59.3945 0.3239 1.0883 60.8067 
82  883 1089 2276  883 1087  619 2546 2052 2716 1465 2373  325 -1.4688 5.1644 0.0636 0.0234 0.0000 0.0100 0.8654 0.0000 1.0757 600.0000 61.7320 0.3492 1.2700 63.3513 
83  344 1961 2311  883 1087  855 2546 2052 2107 1557 1865 1880 -2.1328 1.7696 0.0918 0.1953 1.4737 0.0100 0.8649 0.0000 1.0082 600.0000 62.2723 0.3358 1.2542 63.8623 
84  348 1964 2314  888 1090  860 2546 2054 2107 1559 1867 1883 -1.8516 6.5211 0.0934 0.2188 1.1739 0.0100 0.8693 0.3455 1.0082 600.0000 65.2063 0.3664 1.3239 66.8966 
85 1021 2030 1968 1006 1592 1855 1669 1106 1883  244 1342 2206 -1.7188 4.6447 0.1230 0.0938 0.0000 0.0100 0.8657 0.0000 1.0625 600.0000 63.1724 0.2975 1.1225 64.5924 
86 1021 1790 2311 1006 1592 1466 2546 1590 1628  244 1342 2206 -1.4062 3.7392 0.1837 0.0781 0.0000 0.0100 0.8662 0.0000 1.1006 600.0000 63.8372 0.3167 1.2157 65.3696 
87  475 1997 2944 1575 1789 2602 1533  876 2223  552 1676 1038 -1.2422 8.1692 0.2391 0.0156 0.0000 0.0100 0.8655 0.0000 1.2140 600.0000 63.2212 0.3687 1.2262 64.8161 
88  475 1801 2639  494 2085  730 1942 1862 2241  499  821 1116 -1.7109 5.7189 0.1094 0.0781 0.0000 0.0100 0.8646 0.0000 1.2175 600.0000 63.4212 0.2789 1.0059 64.7060 
89  758 2046 1916 1339 2085  701 2409 1851 2298  536  256 2206 -1.6484 2.6865 0.1760 0.0078 0.0000 0.0100 0.8652 0.0000 0.9323 600.0000 62.1890 0.3102 1.1626 63.6617 
90  673 1801 2597 1152 2085 1294 2546 1371 2241  536  186 2206 -1.7734 1.4522 0.1464 0.0547 0.0000 0.0100 0.8653 0.0000 0.9643 600.0000 63.2039 0.4493 1.1559 64.8091 
91  608 1847 2673 1135 1879 1574 2308 1058 2333  817  329 2398 -1.0156 7.4328 0.2216 0.0078 0.0000 0.0100 0.8663 0.0000 1.0155 600.0000 62.5319 0.3388 1.4338 64.3045 
92  705  441 2514 2707 1687 1938 1454  665   72 1085 1223 1972 -1.8516 2.0644 0.1772 0.1094 0.0000 0.0100 0.8661 0.0000 1.1479 600.0000 63.9386 0.2806 1.2067 65.4259 
93  442 1179 2514 2021 1144 2325 1454  390  104 1000 2335 1972 -1.3906 1.9722 0.1556 0.0078 0.0000 0.0100 0.8676 0.0000 1.1699 600.0000 62.7561 0.3159 1.2391 64.3111 
94 1907 1179 2052  515  886 2034 2622  258 2742 1190 1733 1972 -1.5312 3.7313 0.1273 0.0391 0.0000 0.0100 0.8669 0.0000 1.0845 600.0000 62.7312 0.3723 1.5781 64.6817 
95  737 1179 1792  263  488 2325 2156  258 2742 1000 2335 1972 -1.2734 6.0585 0.1645 0.0312 0.0000 0.0100 0.8666 0.0000 1.0822 600.0000 63.5019 0.2969 1.0945 64.8933 
96 2903 1423 1130  183  996  959 1949  626 1090  785 1510 2113 -1.5547 5.6505 0.0559 0.0625 0.0000 0.0100 0.8658 0.0000 1.1507 600.0000 63.3951 0.2998 1.0980 64.7929 
97  149 2144 1130  352  996  959 1949  421 2522 1422 1510 2928 -1.7266 7.6963 0.0813 0.0156 0.0000 0.0100 0.8656 0.0000 1.1578 600.0000 63.0775 0.2767 1.1948 64.5490 
98 1077  884 1577 2903  743 1370 2156  372 1357  845 1510 2642 -1.8750 3.4173 0.0712 0.0547 0.0000 0.0100 0.8662 0.0000 1.0443 600.0000 63.4130 0.3314 1.2340 64.9784 
99  737 1667 1577  352  743 1370 2156  258 2522  884 1510 2135 -2.1719 3.0568 0.0505 0.1719 0.0000 0.0100 0.8678 0.0000 0.9726 600.0000 65.5798 0.2683 1.0925 66.9406 
100  740 1667 1579  354  746 1370 2158  262 2524  887 1512 2137 -1.5234 5.2435 0.0586 0.1484 1.1667 0.0100 0.8720 0.4671 0.9726 600.0000 63.5336 0.3172 1.3571 65.2079 
101 1471 2030  342 1311 1236 1473 2289 1301 1357 2610 2330 2072 -1.3047 5.7096 0.2337 0.0781 0.0000 0.0100 0.9133 0.0000 1.2376 600.0000 64.3993 0.4490 1.2172 66.0655 
102 1345  736  962  177 1085 1473 1353 1939 1357 1986 1840  654 -1.8750 2.3465 0.0902 0.0000 0.0000 0.0100 0.9121 0.0000 1.2044 600.0000 64.3435 0.2923 1.0708 65.7065 
103 1340 2122 2338  542 2644 1420 2304 1782 2671 1388  705 1781 -1.3984 4.0054 0.2148 0.0156 0.0000 0.0100 0.9133 0.0000 1.1422 600.0000 63.5034 0.3948 1.3100 65.2082 
104 1345 2042 2338  177 1500 1473 2304 1939 2522 1088 2969 1781 -2.1719 7.6395 0.1641 0.2188 1.9333 0.0100 0.9125 0.0000 1.1349 600.0000 64.7649 0.3603 1.2947 66.4199 
105 1348 2044 2340  180 1503 1476 2305 1941 2524 1091 2970 1784 -2.3203 3.4163 0.1594 0.1797 1.3333 0.0100 0.9153 0.4152 1.1349 600.0000 63.5162 0.4456 1.3517 65.3135 
106 1349 2044 2340  181 1504 1477 2305 1941 2524 1092 2970 1785 -2.4141 2.6382 0.1622 0.1641 1.2632 0.0100 0.8885 1.0925 1.1349 600.0000 65.3147 0.3633 1.4647 67.1427 
107 1350 2044 2340  182 1505 1478 2305 1941 2524 1093 2970 1786 -2.6016 1.4857 0.1622 0.2188 1.0909 0.0100 0.8537 1.8437 1.1349 600.0000 64.9427 0.3970 1.5840 66.9236 
108 1173  989 1577 2185  295 1121 2665 2832 1201  395 1607 2482 -2.1953 6.1112 0.0526 0.2969 1.8333 0.0100 0.8118 0.0000 1.2140 600.0000 64.1417 0.3035 1.1774 65.6226 
109  327 1995 1577 2520  696 1968 2156  648 1666  483  492 1966 -0.8594 9.8698 0.2535 0.0703 0.0000 0.0100 0.8191 0.0000 1.1860 600.0000 64.4006 0.3170 1.1241 65.8417 
110  261 2743 1577  829  113 2317 1582 1939 2352  310  119  156 -1.6250 3.2126 0.1540 0.0703 0.0000 0.0100 0.8202 0.0000 1.2581 600.0000 63.9140 0.3066 0.9230 65.1436 
111  239 2042 1577  684  696 2317 2156 1939 2522  483  119 2330 -0.7266 1.5388 0.1060 0.0078 0.0000 0.0100 0.8200 0.0000 1.2218 600.0000 64.0632 0.3252 1.1624 65.5508 
112 2332 2406 2565  929  609 2025  520 1370  983  756 1221  521 -2.3281 2.0175 0.0505 0.0000 0.0000 0.0100 0.8222 0.0000 0.9433 600.0000 63.8466 0.2975 1.0901 65.2343 
113 1850 2406 2088  929  813 2025  995 1370  983 1311 1221  400 -1.7500 2.9606 0.1320 0.0781 0.0000 0.0100 0.8306 0.0000 0.9478 600.0000 64.3858 0.2997 1.2560 65.9415 
114 2109 2208 1943 1004  593 1975  959 1113  972 1298 1489  579 -1.8359 5.2091 0.1143 0.1328 0.0000 0.0100 0.8312 0.0000 0.9169 600.0000 64.1978 0.3478 1.1064 65.6520 
115 1725 2843 1363 2558  813 2168 1270 2435 1622 1311 1342 1004 -1.2891 4.3016 0.1583 0.0078 0.0000 0.0100 0.8325 0.0000 0.8645 600.0000 65.3614 0.3405 1.2323 66.9343 
116 1725 2406 1363  164  813 2168 1270 2044 1622 1311 1221 1004 -0.7266 10.3262 0.2748 0.0000 0.0000 0.0100 0.8315 0.0000 0.7697 600.0000 64.6663 0.2918 1.4916 66.4497 
117  817 1695  839  200 1230 1342 1990 2870  523 1950  322 2134 -1.6094 1.2793 0.0907 0.0156 0.0000 0.0100 0.8330 0.0000 0.8745 600.0000 63.0797 0.2757 1.4304 64.7858 
118  817 2041  949  705 1230 1342 1569 1963  807 1947  322 2134 -1.0547 5.4064 0.2871 0.0234 0.0000 0.0100 0.8328 0.0000 0.7798 600.0000 61.3108 0.3131 1.1228 62.7467 
119 2111 1877  949  310 1435  737 1569 1771  881 2039  780 2134 -1.1875 5.5079 0.1737 0.0781 0.0000 0.0100 0.8322 0.0000 0.9927 600.0000 58.1823 0.2675 1.0739 59.5236 
120  731 2536  949  833 1435 1342 1569 1771  881 1311  780 2134 -1.4766 8.3774 0.1782 0.0469 0.0000 0.0100 0.8313 0.0000 0.9477 600.0000 57.4617 0.3146 1.0639 58.8402 
121 1269 2880 2349 2621 2602 1238  789 1555 1061  268 1858 1216 -1.7422 2.3188 0.1566 0.0000 0.0000 0.0100 0.8307 0.0000 1.2208 600.0000 57.3249 0.3072 1.0998 58.7319 
122 1269 2161 2828 1777  160 1932 1272 1524 2790  793 1725 1010 -1.0781 8.8600 0.1865 0.0078 0.0000 0.0100 0.8313 0.0000 1.1835 600.0000 57.5535 0.3492 1.0776 58.9802 
123 2602  544 1183 2811  343 1551 2589 2462 1061  919 1130 1081 -1.7500 1.7795 0.1220 0.0547 0.0000 0.0100 0.8307 0.0000 1.1909 600.0000 57.0905 0.2964 1.0434 58.4303 
124  382 2161 2828 1825  160 1932 1862 1524 2790  972 1725 1596 -1.4141 10.7485 0.1448 0.0078 0.0000 0.0100 0.8313 0.0000 1.1205 600.0000 57.4319 0.3141 1.1967 58.9427 
125  529 1849 2729  631  210 1069 1440 1277 2515 1437 2334 2335 -0.9062 7.3927 0.1137 0.0078 0.0000 0.0100 0.8305 0.0000 0.8468 600.0000 57.0839 0.2939 1.0860 58.4639 
126  404 1849 2364  187 1418 1069 1440 1185 2522  927 2756 2335 -1.3984 3.4542 0.1682 0.0000 0.0000 0.0100 0.8307 0.0000 0.7904 600.0000 57.4642 0.2963 1.0949 58.8555 
127  551 2101 2277  503  722 1294 1792 1142 2871 1148  257 2206 -1.0703 6.0974 0.1598 0.0000 0.0000 0.0100 0.8300 0.0000 0.7755 600.0000 57.3229 0.3107 0.9892 58.6229 
128  573 2101 2244  833 1216 1294 1792 1231 2522  972  248 2206 -1.3516 1.0644 0.1783 0.0156 0.0000 0.0100 0.8294 0.0000 0.7394 600.0000 57.3526 0.2841 0.9767 58.6134 
129 1440 1774 1636  988 1943 1916 1069 2975 2701  946 2551 2856 -1.2344 2.8423 0.2198 0.0000 0.0000 0.0100 0.8286 0.0000 0.9784 600.0000 57.6981 0.3647 1.3011 59.3639 
130 1123 1441 1780  513 1943 2762  798 1895 2255  946  851 2856 -1.3203 8.2509 0.0452 0.0078 0.0000 0.0100 0.8278 0.0000 0.9179 600.0000 57.4613 0.3106 1.1291 58.9009 
131  570  870 2399  513 1372 2008  798  511 2831 2182 1399 2517 -2.3750 1.6220 0.0833 0.1875 0.0000 0.0100 0.8270 0.0000 1.1884 600.0000 57.6401 0.2910 1.0839 59.0151 
132  575  870 2402  517 1376 2011  801  516 2833 2185 1404 2520 -1.7578 13.2873 0.0879 0.1562 0.0000 0.0100 0.8343 0.9384 1.1884 600.0000 58.0796 0.3363 1.1209 59.5368 
133 1123 1505 1780  513 1372 2762  798 1647 2255  946 1174 2856 -1.1484 8.8361 0.2740 0.0547 0.0000 0.0100 0.8446 0.0000 1.1993 600.0000 58.3379 0.3070 1.1105 59.7554 
134  847 2123 1829  244 1173 1406 1552 2558 1622 1394 1784 2259 -1.2734 5.7278 0.1887 0.0391 0.0000 0.0100 0.8437 0.0000 1.1566 600.0000 58.1780 0.3027 1.0928 59.5736 
135  847 1654 1829 1344 1173 1406 2717 2610 1622 1394  696 2259 -1.1953 4.7883 0.0942 0.0000 0.0000 0.0100 0.8428 0.0000 1.1554 600.0000 59.3347 0.3194 1.2014 60.8556 
136 1792  260 1952 1662 1550 2101 1659 2621 2353   77 1607 2856 -2.1484 1.7494 0.3016 0.1094 0.0000 0.0100 0.8419 0.0000 1.2068 600.0000 57.3994 0.3339 1.2078 58.9410 
137 1300 1654 1829 1211 1774 2754 1906 2179 1622 1178  248 2856 -1.7891 3.7111 0.1462 0.1484 1.4375 0.0100 0.8459 0.0000 1.1379 600.0000 57.6591 0.3307 1.1839 59.1737 
138 1011 1920 2167 1607 1287 1735  984  895 1611  504  665 2219 -1.3125 6.5157 0.3226 0.0156 0.0000 0.0100 0.8467 0.0000 1.2087 600.0000 58.1554 0.2708 0.9919 59.4182 
139 1011  667 1889 1607 1866 2832 1193 2549  355  813  665 1674 -1.4375 4.7047 0.1742 0.0156 0.0000 0.0100 0.8459 0.0000 1.1789 600.0000 58.1383 0.2743 1.1276 59.5401 
140 1887  914 2090 1473 1534 2057 2386 1391 1509 2341  642 1674 -2.1406 2.2793 0.0717 0.1562 0.0000 0.0100 0.8453 0.0000 1.1186 600.0000 58.3134 0.3153 1.2073 59.8360 
141 1295  662 1889  585 2016 2057 2386 2179  355  701  765 1674 -1.5625 2.9724 0.1126 0.0000 0.0000 0.0100 0.8489 0.0000 1.0440 600.0000 57.9502 0.2730 1.0122 59.2354 
142 1571 1284 2273 1662 2783 1880 2467 1304 1838  625  248 2499 -1.2656 10.0076 0.0566 0.0859 0.0000 0.0100 0.8486 0.0000 0.9661 600.0000 58.6458 0.3660 1.2087 60.2206 
143 1271 2465 2001  567 2783 1880 1610 1453 1664  274  248 2065 -1.7734 1.8931 0.2295 0.0078 0.0000 0.0100 0.8478 0.0000 0.9431 600.0000 57.9064 0.2921 1.0236 59.2221 
144 1300 1576 1889 1500 2331 1880 2025 2179 1022  785 2668 1667 -1.8672 3.0925 0.0456 0.0078 0.0000 0.0100 0.8485 0.0000 1.0796 600.0000 58.0327 0.3320 1.2325 59.5972 
145 1300 1654 2244  567 2001 1880 2025 2179 1689  785  248 2206 -1.9453 4.0049 0.2362 0.0859 0.0000 0.0100 0.8498 0.0000 1.0426 600.0000 57.6123 0.3006 1.0647 58.9777 
146  536 2602 1277 1109 2510  808 2724 1326  179 1061 1356  663 -1.0469 10.7852 0.0976 0.0078 0.0000 0.0100 0.8515 0.0000 1.2116 600.0000 57.8660 0.2606 0.9647 59.0913 
147 1794 1962 1669 1146 2142 1994 2426 1536  913  141 1876  618 -0.6562 14.2116 0.0720 0.0000 0.0000 0.0100 0.8509 0.0000 1.1761 600.0000 58.5119 0.2907 1.0854 59.8881 
148  632 1166 2300   78 2574  100 2729 1029 2887 1031  481 2161 -1.4297 3.6013 0.1149 0.0547 0.0000 0.0100 0.8517 0.0000 1.1872 600.0000 57.7049 0.2760 1.0714 59.0523 
149 1794 1166 2607 2186 2408  100 2347 1536  913 1009  248 2381 -1.4531 7.2104 0.1489 0.1328 1.2000 0.0100 0.8511 0.0000 1.1035 600.0000 58.2890 0.2984 1.1833 59.7707 
150 1654 2381 1492 2614 2144 1424 1601  213  238 2709  231 1312 -1.2969 2.2261 0.0421 0.0703 0.0000 0.0100 0.8506 0.0000 1.1134 600.0000 58.9325 0.2866 1.0383 60.2574 
151 2341 2381  596 1712 2144 1424 1804  213  238 2709  248 1584 -1.4766 2.4561 0.1547 0.0469 0.0000 0.0100 0.8499 0.0000 1.1155 600.0000 58.5439 0.2819 1.0403 59.8660 
152  470 2981 1292 1458 1500  760 2347 1634  913 2382  450 2993 -2.0000 2.4882 0.1465 0.1328 0.0000 0.0100 0.8495 0.0000 1.2229 600.0000 58.3136 0.3508 1.0874 59.7518 
153  470 1406 2651  583 2408 1218 2347 1031  913 1948  248 2381 -1.1406 8.5785 0.1015 0.0078 0.0000 0.0100 0.8515 0.0000 1.2167 600.0000 58.5016 0.2856 1.1259 59.9131 
154 2097  124 2540  559 1607 1821 1251  896 2805  882 1353 1477 -1.5156 3.9368 0.1803 0.1328 0.0000 0.0100 0.8508 0.0000 1.2357 600.0000 58.6438 0.2853 1.1877 60.1167 
155 2314  124 2543  559 1137  994 1251 1647 2790 1174 1353 2116 -1.0547 4.3513 0.1654 0.0156 0.0000 0.0100 0.8505 0.0000 1.2576 600.0000 58.8783 0.3094 1.1367 60.3244 
156 1517  292  946  624 1654 2871 2262 1263 2352 1174 2137 2138 -2.1094 6.4131 0.2576 0.2812 2.3750 0.0100 0.8499 0.0000 1.0295 600.0000 57.5539 0.3138 1.0983 58.9659 
157 1214  124  946  559 1042 1533 2262 1526 2095 1174 2137 2206 -1.4219 3.5372 0.1400 0.0078 0.0000 0.0100 0.8527 0.0000 1.0088 600.0000 58.2730 0.3200 1.0675 59.6605 
158  573 1077 2066  527 2495 2364 2233 1815 1142 1476  464 2886 -1.8047 0.7411 0.1159 0.0078 0.0000 0.0100 0.8522 0.0000 1.1315 600.0000 58.5271 0.3061 1.2008 60.0340 
159  573 1844 2193  527 2495 1374 2233 1772  949 1476  464 2886 -1.5234 5.9050 0.1101 0.0938 0.0000 0.0100 0.8530 0.0000 1.1070 600.0000 58.5271 0.2993 1.1964 60.0229 
160  573 1717 1659  547 2030 1655 1345 2017 2241  167  534 1569 -1.6172 9.3720 0.0762 0.2656 3.1818 0.0100 0.8527 0.0000 1.2040 600.0000 58.6751 0.2565 1.0286 59.9602 
161  573 1602 2244  567 2060 1294 2347 1231 2241  536  248 2206 -1.3125 3.8858 0.1475 0.0312 0.0000 0.0100 0.8527 0.0000 1.1444 600.0000 58.5624 0.2743 1.1102 59.9469 
162 2475 2618 1124  603   70 2628 1348 2293  503 2061  795  172 -1.7891 3.3961 0.2835 0.0625 0.0000 0.0100 0.8520 0.0000 0.9904 600.0000 58.0728 0.2683 1.0650 59.4061 
163 1831 2344 1124  603  323 2438 1733 1535 1550 2061  713  180 -1.5938 5.2037 0.2219 0.0625 0.0000 0.0100 0.8527 0.0000 0.9103 600.0000 58.6060 0.2646 1.0231 59.8937 
164  272 1890 1116  723 2468 2254 1203 2013 1253 2036 1007  506 -2.0469 2.6907 0.1725 0.0703 0.0000 0.0100 0.8526 0.0000 1.1273 600.0000 59.7361 0.2746 1.0522 61.0629 
165  272 2344 1116  723 1503 2000 1203  230 1253 2036 1007  506 -1.4219 6.1513 0.2381 0.0000 0.0000 0.0100 0.8547 0.0000 1.1132 600.0000 60.3781 0.2327 0.9699 61.5808 
166 2756 2429  742 1263 2484 1705 1135 1657 1563 1674 1301  801 -1.7109 2.4591 0.1336 0.0000 0.0000 0.0100 0.8543 0.0000 0.8999 600.0000 58.9265 0.3107 1.2134 60.4505 
167   86 2523  801 1148 2484 1705  894 1118 1563 1460 1301  801 -1.8359 3.3351 0.1964 0.0391 0.0000 0.0100 0.8546 0.0000 0.8562 600.0000 58.1421 0.2573 1.0578 59.4573 
168 2978 2344 1151  723 2124 2027 1351  932 1253  809 1353 1014 -1.1953 4.7883 0.1460 0.0078 0.0000 0.0100 0.8554 0.0000 1.0092 600.0000 59.3172 0.3318 1.1128 60.7618 
169  527 2344 1116  723 2425 1705 1351  230 1253 1712 1170  801 -1.3516 5.7731 0.2406 0.0859 0.0000 0.0100 0.8548 0.0000 0.9795 600.0000 58.6732 0.2516 0.9811 59.9058 
170 1035 2782 1473  939 1758 1574 1206 1083  698 1698 1234  682 -1.1719 7.6238 0.3393 0.0859 0.0000 0.0100 0.8543 0.0000 1.0488 600.0000 58.6061 0.2593 1.0693 59.9346 
171  864 2782  908  939 2361 1292 1206 1163  698 2098  599 1289 -1.5078 7.8110 0.2122 0.0391 0.0000 0.0100 0.8537 0.0000 1.0137 600.0000 58.5715 0.2578 0.9817 59.8111 
172 1164 2100 1127 1178 2795 1801 1364 2978  789 2127 1127 1751 -1.5859 2.8115 0.1580 0.0469 0.0000 0.0100 0.8534 0.0000 1.0343 600.0000 58.8499 0.3283 1.2381 60.4163 
173  990 2100  908 1178 2426 1292 1364  982  789 1637  633 1289 -1.4922 2.6456 0.2372 0.0000 0.0000 0.0100 0.8534 0.0000 0.9716 600.0000 58.3595 0.2541 1.0047 59.6183 
174 1299 1262  908 1493  193 2781 1724 2525  638 1603  491 1353 -1.6016 3.2809 0.0725 0.0078 0.0000 0.0100 0.8530 0.0000 1.1931 600.0000 58.4226 0.2655 1.0208 59.7089 
175 1299 2344  908 1493 2786 1705 1724  230  638 1603  491 1353 -1.6562 2.4163 0.1178 0.0000 0.0000 0.0100 0.8530 0.0000 1.1245 600.0000 58.8980 0.2701 1.0536 60.2217 
176 1351 2097 1250 2102 1925 1705 1122  185 2048  218  504  906 -1.9766 1.7868 0.1319 0.0547 0.0000 0.0100 0.8531 0.0000 1.1399 600.0000 59.0297 0.2534 1.0046 60.2877 
177 1299 2344  908  988 2425 1705 1351  230  638 1282  504  906 -1.5391 5.2111 0.2542 0.0156 0.0000 0.0100 0.8547 0.0000 1.0925 600.0000 58.5346 0.2375 1.0054 59.7775 
178 1751 1019 1322 2169  852 1415  575  482 1878 1193 1162  890 -1.7578 6.8464 0.1549 0.2266 2.5385 0.0100 0.8544 0.0000 1.0439 600.0000 58.7399 0.2391 0.9685 59.9475 
179  754  927 1322 2601  852 1151  575  482 1878 1041 1162  890 -1.9844 3.6061 0.1120 0.1875 1.4762 0.0100 0.8549 0.0000 1.0370 600.0000 58.9746 0.2235 0.9017 60.0998 
180 1296 1624 1510 2558 1102 1151  575 1705 1353  882 1484 1345 -1.3516 6.9227 0.3371 0.0703 0.0000 0.0100 0.8564 0.0000 0.7165 600.0000 58.6150 0.3097 1.0174 59.9421 
181 1296 1725 1510 2601 1102 1151  575 1004 1353  882 1433 1345 -1.8359 1.9335 0.3043 0.0156 0.0000 0.0100 0.8559 0.0000 0.7328 600.0000 59.0476 0.2578 1.0919 60.3973 
182 2858 1205 1124 1629 1413  856 2097  914 1483  187 2625 2615 -1.4141 7.1894 0.2323 0.0000 0.0000 0.0100 0.8567 0.0000 1.1547 600.0000 59.8020 0.3110 1.2697 61.3827 
183 2319 1949  746 1645  733  856  400  387  548  882 2625 2615 -1.9922 4.1023 0.2482 0.1172 0.0000 0.0100 0.8563 0.0000 1.0866 600.0000 59.3392 0.2575 1.0224 60.6191 
184 1448 1979 1007 1830  733  995  602  213 2033  882 2891 2177 -1.5391 5.5418 0.0963 0.1953 1.3684 0.0100 0.8578 0.0000 0.7905 600.0000 59.6039 0.2687 1.0914 60.9640 
185  993 1829 1067 1353 1950 2190 1569 1692  832 1038  605 2183 -1.4609 6.6914 0.1512 0.1172 0.0000 0.0100 0.8576 0.0000 1.0588 600.0000 59.7433 0.2794 1.0832 61.1059 
186 1207 2243 1301  709 1687 2190  966  932  978 1630  231 2183 -1.5312 2.0148 0.2776 0.0234 0.0000 0.0100 0.8572 0.0000 1.0379 600.0000 59.8837 0.2637 1.0776 61.2249 
187  914 2441 1207  846 2230 1445 2047 2051 1283 1347   57 1052 -1.8750 3.5433 0.2030 0.0000 0.0000 0.0100 0.8570 0.0000 0.8912 600.0000 59.3774 0.3170 1.0634 60.7578 
188  882 2243 1301 1156 2230 1445 1309  968  978 1124   57 1348 -1.5703 2.4517 0.2822 0.0391 0.0000 0.0100 0.8579 0.0000 0.8381 600.0000 59.5417 0.2425 1.0491 60.8332 
189 2104 1916 1177 1006  455 1037 1906 2551  197 1346  499 1762 -2.3203 2.2667 0.2726 0.1172 0.0000 0.0100 0.8578 0.0000 1.1858 600.0000 59.2446 0.2570 0.9820 60.4836 
190 1656 2766 1506 2130  455 1117 2037  727 2004 1346  405 1762 -1.7891 2.4197 0.0254 0.0391 0.0000 0.0100 0.8611 0.0000 1.1812 600.0000 60.3698 0.2829 1.3077 61.9604 
191 1110 2101 1447 1219 2945 1294  996  337 1640 2135  577 1751 -1.1641 6.0752 0.1390 0.0078 0.0000 0.0100 0.8616 0.0000 1.1162 600.0000 59.4229 0.2814 1.0647 60.7690 
192  877 1949 1121 1481 2632 1294  450  727 1562 1124  504 1751 -1.0547 9.1387 0.1430 0.0547 0.0000 0.0100 0.8612 0.0000 1.0709 600.0000 58.9003 0.2507 1.1148 60.2657 
193 2073 2046 1263 2188 1832 1146  690 1559  583  103  986 1323 -1.7578 7.1929 0.1137 0.0625 0.0000 0.0100 0.8608 0.0000 1.1950 600.0000 59.3222 0.2533 0.9427 60.5182 
194 2073 1827  211 1762 2081  790  953 2267  583 1062  982 1859 -1.4688 6.4400 0.1055 0.0078 0.0000 0.0100 0.8612 0.0000 1.2110 600.0000 58.9914 0.2689 1.0712 60.3315 
195  820 2282 2963 1263 2283 1430 1767 1854 1914  636 1026 1381 -1.5000 8.2992 0.1730 0.0703 0.0000 0.0100 0.8609 0.0000 1.1067 600.0000 60.3812 0.3101 1.2472 61.9386 
196  820 2424  128 1263 2283 1177 1967 2267 1001  636 1026 1381 -1.0938 8.2116 0.0640 0.0625 0.0000 0.0100 0.8607 0.0000 1.1103 600.0000 59.1495 0.2639 1.0331 60.4466 
197  540 1764 1916  752 2438  712 2551 2421 2082  258 1069 1381 -1.1562 6.0856 0.1214 0.0000 0.0000 0.0100 0.8603 0.0000 1.1683 600.0000 59.4622 0.2909 1.2529 61.0061 
198  733 1743 2647 1435 2438  583 2609 2994 2633  258  222 1381 -1.1875 12.4213 0.1316 0.1953 1.6471 0.0100 0.8599 0.0000 1.1717 600.0000 59.5541 0.3166 1.2643 61.1350 
199 1349 2944 2249 1907 2892  772 1963 1940 2636  858  744 1361 -1.4844 5.5273 0.0686 0.0547 0.0000 0.0100 0.8595 0.0000 0.9504 600.0000 59.5461 0.4943 1.6569 61.6973 
200  733 2625 2647 1435 2283  583 2609 2453 2633  258  657 1381 -2.1875 4.2953 0.1224 0.2031 1.1579 0.0100 0.8592 0.0000 0.9623 600.0000 59.5970 0.3718 1.3428 61.3117 
201 1898 2454 2801 2288  234 1177 1734 1302 1383  819 1083 2734 -1.9375 4.7835 0.1763 0.1641 2.2727 0.0100 0.8615 0.0000 0.9874 600.0000 59.2740 0.3147 1.2141 60.8028 
202 1099 2039 2223 2666  234  802 1831 1503 1725  819  697 2734 -1.7188 2.2195 0.1686 0.0234 0.0000 0.0100 0.8625 0.0000 0.9619 600.0000 59.1644 0.2963 1.3486 60.8093 
203  168 1917 1064  813 1584 1781 1485  669 1670 1030 2344 2402 -2.5781 1.8679 0.1150 0.2578 1.4583 0.0100 0.8627 0.0000 1.0753 600.0000 59.7355 0.2776 1.0523 61.0654 
204  168 1917 1065  813 1584 1781 1485  669 1670 1031 2344 2403 -2.6250 2.1260 0.1150 0.2734 2.5000 0.0100 0.8673 3.7282 1.0753 600.0000 59.3922 0.3797 1.3070 61.0789 
205  167 1916 1066  812 1583 1780 1484  668 1669 1032 2344 2404 -2.4453 5.6033 0.1140 0.3203 2.7143 0.0100 0.8407 4.8553 1.0753 600.0000 59.6603 0.2756 1.0311 60.9670 
206  169 1918 1063  814 1585 1782 1486  670 1671 1029 2344 2401 -2.3984 2.7140 0.1146 0.2656 0.0000 0.0100 0.8194 4.4527 1.0753 600.0000 59.3884 0.3194 1.0479 60.7556 
207  169 1918 1068  814 1585 1782 1486  670 1671 1034 2343 2406 -2.3438 5.6132 0.1159 0.2500 2.0588 0.0100 0.8013 3.0528 1.0753 600.0000 61.0972 0.2759 1.0758 62.4489 
208  165 1914 1061  810 1581 1778 1482  666 1667 1027 2345 2399 -2.4062 2.0384 0.1098 0.2422 1.1600 0.0100 0.7878 3.1929 1.0753 600.0000 59.5567 0.2734 1.1735 61.0036 
209  167 1916 1064  812 1583 1780 1484  668 1669 1030 2352 2402 -2.7500 1.2441 0.1127 0.2734 1.1538 0.0100 0.7721 2.6193 1.0753 600.0000 60.4798 0.2758 1.2492 62.0048 
210  168 2039 2300 1781 1369  802 1952 1725 1670  819  203 2299 -1.3359 8.3351 0.2166 0.0547 0.0000 0.0100 0.7509 0.0000 1.0073 600.0000 59.8008 0.3829 1.3390 61.5227 
211 1170 2445 1849 1435 2809  571 2753 2274  122  990 2951 1326 -1.5859 3.6618 0.2674 0.0312 0.0000 0.0100 0.7504 0.0000 1.1519 600.0000 59.8991 0.3303 1.4035 61.6329 
212 1402 2038 1543 1435 1940  571 2655 2278 1540  819 2675 2158 -1.6094 6.3187 0.2023 0.0078 0.0000 0.0100 0.7502 0.0000 1.1228 600.0000 59.7174 0.3392 1.2646 61.3211 
213  781 2085 2268 1574 2398 1323 2655 1719 1831  819  565 1338 -1.5781 3.9781 0.0344 0.0000 0.0000 0.0100 0.7500 0.0000 0.9226 600.0000 59.4722 0.3083 1.2024 60.9829 
214  877 2059 1771 1435 2413 1294 2655 1719 1540  819 1074 1338 -1.9922 3.3621 0.2634 0.1484 0.0000 0.0100 0.7498 0.0000 0.9097 600.0000 60.4546 0.3043 1.2223 61.9811 
215  634 1346 2041 1417 1873 1129 1024  727 2046 1367 2788  867 -1.5859 7.3311 0.3011 0.0547 0.0000 0.0100 0.7518 0.0000 1.0814 600.0000 59.8306 0.2808 1.3415 61.4529 
216 2265 2127 2041  962 1873 1662 1024  727 2046  402 2788  867 -1.5703 5.9005 0.2935 0.0234 0.0000 0.0100 0.7516 0.0000 1.0503 600.0000 60.2482 0.3433 1.1859 61.7773 
217 1484 2409 2127  800 1172 1662 1024  391 1328  174 2558  867 -1.3984 4.3361 0.0476 0.0078 0.0000 0.0100 0.7514 0.0000 0.8542 600.0000 60.3830 0.2558 1.0976 61.7364 
218 1484 1886 2127 1610 1172 1662 1024  727 1328  174  258  867 -1.9766 1.0782 0.1332 0.0859 0.0000 0.0100 0.7509 0.0000 0.7619 600.0000 59.9022 0.2337 1.0406 61.1765 
219 1507 2167 2963  937 2515 1294 1825  238 1685 1465 2172 1160 -1.7969 6.5883 0.0377 0.1406 0.0000 0.0100 0.7527 0.0000 0.8264 600.0000 60.8496 0.3592 1.2736 62.4824 
220 1573 2167 2274 1005 2221 1294 1825  727 1198 1643 2041 1160 -1.1484 4.7888 0.0514 0.0156 0.0000 0.0100 0.7534 0.0000 0.7278 600.0000 60.8545 0.3114 1.2996 62.4655 
221  877 2721 2828 1522 2065 1294 1832 2763 1197 1210  504 1160 -1.3203 2.7549 0.2717 0.0000 0.0000 0.0100 0.7532 0.0000 0.9176 600.0000 60.3316 0.3185 1.4144 62.0644 
222  877 2450 2274 1490 2065 1294 1825  727 1316  793  504 1160 -1.2734 3.0506 0.2468 0.0156 0.0000 0.0100 0.7528 0.0000 0.8401 600.0000 61.1785 0.2706 1.1520 62.6011 
223  476 2547 1404 1818   51 1378 1138  934 2201 1625 2738  512 -1.8906 2.1297 0.3184 0.0391 0.0000 0.0100 0.7524 0.0000 0.8665 600.0000 60.6445 0.2696 1.0260 61.9401 
224  400 2386 1243 1831  180 1206 1138  934 1738 1625 2517  512 -1.7344 3.4092 0.3553 0.0938 0.0000 0.0100 0.7535 0.0000 0.8687 600.0000 61.6802 0.2516 1.0817 63.0135 
225 1416 1968  753 1294 1222 1644 1242  727 2321  991 1065 1245 -1.2969 7.5647 0.1404 0.1016 0.0000 0.0100 0.7539 0.0000 0.9595 600.0000 61.0811 0.2554 1.0549 62.3914 
226  860 2386  813  909 2721 1299 1242  727 1708 1625 1065 1245 -1.8672 1.3129 0.2070 0.0312 0.0000 0.0100 0.7535 0.0000 0.9415 600.0000 60.0905 0.2632 1.0901 61.4438 
227 1242 2174  935 1753   51  552 1362  277 1225  819 2704 2939 -0.6406 12.1061 0.0671 0.1328 0.0000 0.0100 0.7545 0.0000 0.9358 600.0000 61.7795 0.2545 1.1802 63.2142 
228  877 2450 1121 1852 2626  645 1362  277 1540  819  639 2681 -1.5391 2.7701 0.2362 0.0625 0.0000 0.0100 0.7572 0.0000 0.7844 600.0000 59.8439 0.2710 1.1328 61.2477 
229  968 2244 1237 1813 2366 1515 1512  951 1823  819  608  980 -1.1641 6.2485 0.2191 0.0000 0.0000 0.0100 0.7570 0.0000 0.6867 600.0000 60.9667 0.2687 0.9934 62.2289 
230  877 2450 1121 1192 2366 1294 1362  727 1540  819  504 1751 -1.6875 4.1535 0.2131 0.0234 0.0000 0.0100 0.7568 0.0000 0.6594 600.0000 60.0309 0.2574 1.0747 61.3630 
231 1913 2510 1332 1223 1535 1375 2071 1260 2149 1002 1276  781 -0.9141 7.3863 0.1432 0.0547 0.0000 0.0100 0.7569 0.0000 0.8965 600.0000 60.1445 0.2913 1.1400 61.5758 
232 2192 2586 1275 1330 2045 1375 2071 1260 2513 1569 1206  781 -1.3516 2.9227 0.1173 0.0312 0.0000 0.0100 0.7577 0.0000 0.8603 600.0000 60.0994 0.3193 1.4123 61.8310 
233 1913 1416 1332  961 1344 1207 2242 1732 2149  909 1276 1316 -1.7734 3.4050 0.1692 0.0469 0.0000 0.0100 0.7572 0.0000 0.8818 600.0000 60.6385 0.2885 1.1332 62.0603 
234 1982 1399 1167  968 1734 1319 2188 1753 2186  883 1192 1312 -1.8359 1.3981 0.2492 0.0234 0.0000 0.0100 0.7578 0.0000 0.6356 600.0000 59.9360 0.2931 1.2103 61.4395 
235 2153 2826 1275  987 1796 1207 2242 1732 2513 1328 1206 1316 -1.7969 2.8403 0.1548 0.0312 0.0000 0.0100 0.7586 0.0000 0.8673 600.0000 60.0122 0.3270 1.3014 61.6406 
236 2100 2615 1275 1150 1719  920 2379 1748 2755 1363 1184 1171 -1.6250 1.3543 0.1471 0.0000 0.0000 0.0100 0.7592 0.0000 0.9241 600.0000 60.0775 0.3229 1.2962 61.6966 
237 1496  645 1239  831 1537 1894 2885 1155 1774  989 1439 1527 -2.1562 3.3612 0.1381 0.2344 1.1500 0.0100 0.7592 0.0000 0.9372 600.0000 59.8620 0.2833 1.1553 61.3007 
238 1429 2668 1279 1051 1476 1956 2723 1155 2195  989 2022 1527 -1.9219 3.5687 0.0282 0.2031 2.6923 0.0100 0.7622 0.0000 0.9237 600.0000 61.0235 0.3279 1.2620 62.6134 
239 1542 2345 1292  930 1285 1930 2652 1284 2094  968 2154 1514 -1.3672 4.9901 0.0543 0.0391 0.0000 0.0100 0.7634 0.0000 0.6785 600.0000 59.8794 0.3153 1.4525 61.6472 
240 1463 2330 1823 1138 1295 1910 2760  798 2662 1081 2137 1807 -1.6328 3.0058 0.0728 0.0859 0.0000 0.0100 0.7630 0.0000 0.9401 600.0000 60.7650 0.3781 1.2910 62.4341 
241 1406 2703 1549  839 1748 1958 2970 1233 1888  935 2056 1587 -2.1875 3.4606 0.1654 0.2891 2.1111 0.0100 0.7630 0.0000 0.9429 600.0000 60.3601 0.3290 1.3977 62.0867 
242 1429 2767 1279 1138 1541 1956 2290 1383 2698 1081 1852 1778 -1.9453 1.5324 0.0840 0.2969 4.1000 0.0100 0.7661 0.0000 0.8905 600.0000 61.0177 0.3300 1.3057 62.6535 
243 2434 1416 1711 1120 1461 1771 2062 1000 1222 2038  969 1372 -1.6953 2.2765 0.1725 0.0312 0.0000 0.0100 0.7674 0.0000 1.0267 600.0000 60.0616 0.3002 1.4182 61.7800 
244 1497 2381 1279  889 1719 1730 2062 1000 2667 1529  969 1372 -1.5156 0.8501 0.0731 0.0078 0.0000 0.0100 0.7675 0.0000 1.0109 600.0000 60.6262 0.3067 1.3079 62.2407 
245 2760 1663 1908 1230 1769 1960 2659  819  866  737  378  729 -1.2969 3.4702 0.1617 0.0547 0.0000 0.0100 0.7673 0.0000 1.1247 600.0000 61.6815 0.2877 1.2020 63.1713 
246 2031 2762 1675 1127 2052 1705 2012  819 2213  737  166  729 -1.5078 3.1653 0.0993 0.0000 0.0000 0.0100 0.7669 0.0000 1.0534 600.0000 60.4572 0.2853 1.2236 61.9661 
247 2084 1416  476 1199  965 1705 1883  717 1222 1729  350  850 -1.9141 2.7091 0.1781 0.0312 0.0000 0.0100 0.7666 0.0000 1.1133 600.0000 61.1697 0.2407 0.9920 62.4023 
248 2031 2684 1675 1707 1960 1705 1883  717  834 1747  720  850 -1.1797 4.0541 0.0730 0.0234 0.0000 0.0100 0.7677 0.0000 1.0649 600.0000 60.6733 0.2967 1.1662 62.1362 
249 1499 2499 2440 1113 1393  836 2062  834 2585  432  193 2531 -1.0469 3.3049 0.2059 0.1094 0.0000 0.0100 0.7676 0.0000 1.1327 600.0000 60.1365 0.2968 1.1366 61.5699 
250 1499 2499 2440 1113 1719 1294 2062  773 2585  432  720 2531 -1.1172 7.8680 0.3597 0.0469 0.0000 0.0100 0.7677 0.0000 1.0815 600.0000 60.5420 0.3124 1.3410 62.1953 
251 2350 2775 1385  722 1625 1337 2160  778 2699  614  720 1583 -1.3281 3.2301 0.1027 0.0156 0.0000 0.0100 0.7677 0.0000 1.0078 600.0000 61.2622 0.2996 1.1675 62.7293 
252 1497 2615 1279  889 1719 1294 2062  773 2667 1192  720 1171 -1.3125 1.3661 0.0341 0.0000 0.0000 0.0100 0.7673 0.0000 0.9711 600.0000 60.4902 0.3413 1.2969 62.1285 
253 1714 2541  633 1432  175 1172 2212 2926 2832 1875 1418 1793 -2.3828 0.8366 0.3132 0.1094 0.0000 0.0100 0.7670 0.0000 0.9826 600.0000 61.5211 0.3306 1.3455 63.1973 
254 1657 2541  633 1432 1107 1172 2212 1789 2832 1875 2071 1793 -0.5000 3.3386 0.1671 0.0156 0.0000 0.0100 0.7716 0.0000 0.9127 600.0000 60.1696 0.3322 1.3821 61.8840 
255 1657 1669  633 1212 1107 1438 2099 1619 1188  577 2811 1725 -1.1016 8.1392 0.1132 0.0156 0.0000 0.0100 0.7747 0.0000 0.7931 600.0000 60.5028 0.2863 1.3128 62.1019 
256 1657 1725  633 1432 1107 1438 2099 1789 1188  577 2071 1725 -1.3516 5.8676 0.2097 0.0000 0.0000 0.0100 0.7747 0.0000 0.7560 600.0000 60.9045 0.2876 1.1940 62.3861 
257 1388 1837 1393 1351 1791 1086 2228 1533 2501  214  559 1405 -1.1953 6.0167 0.2278 0.0312 0.0000 0.0100 0.7743 0.0000 0.8721 600.0000 60.3398 0.3237 1.1221 61.7856 
258 1624 1681 1393  720 1791 1096 2228 1533 2501  322  559 1405 -0.9297 9.3100 0.1278 0.0312 0.0000 0.0100 0.7741 0.0000 0.8667 600.0000 61.2228 0.2743 1.2162 62.7132 
259 1442 2873 1784  796 1551 1242 2314 1419 1226  701  733 1468 -1.7969 3.0923 0.2653 0.0547 0.0000 0.0100 0.7746 0.0000 0.7668 600.0000 60.6567 0.2781 1.2366 62.1714 
260 1554 2824 1393  796 1351 1096 2228 1296 2469  577  733 1405 -1.3359 2.9020 0.1742 0.0234 0.0000 0.0100 0.7751 0.0000 0.6699 600.0000 61.2839 0.2789 1.1586 62.7214 
261  779 2303 2160 1021 1327  898 2121 1305 2651  341 1248 2416 -1.3438 4.6211 0.0556 0.0156 0.0000 0.0100 0.7747 0.0000 0.7741 600.0000 61.6314 0.2999 1.1965 63.1278 
262  726 2303 2021  201 1503  898 2121 1231 2629  509 2041 2416 -1.9375 2.1693 0.3166 0.1094 0.0000 0.0100 0.7744 0.0000 0.7296 600.0000 60.7360 0.3001 1.3433 62.3794 
263  933 2882 2162  604 1705  898 1642 1492 2572  568  497 2416 -1.2031 5.1553 0.0649 0.0391 0.0000 0.0100 0.7755 0.0000 0.9793 600.0000 60.7840 0.2913 1.2306 62.3059 
264  933 2602 2162  381 1705  898 2121 1231 2572  568  841 2416 -0.6562 8.7785 0.1392 0.0078 0.0000 0.0100 0.7753 0.0000 0.9433 600.0000 61.5058 0.2910 1.4173 63.2141 
265   91 1926 1032  768 1664 1791 1553  628 1703  960 2572 2360 -2.2656 5.9131 0.1282 0.2656 2.3333 0.2133 0.7465 0.0003 0.0095 73.0000 7.1959 0.2827 1.1763 8.6549 
266 1296  764 1129 1196 1877 1969 2628 1359 1776 1065 1359 1658 -1.5391 2.9118 0.2046 0.0781 0.0000 0.2155 0.7390 0.0002 0.0099 86.0000 8.3003 0.2901 1.2182 9.8086 
267 1422 2300 1483  462 1527 1294 1829  769 2721  733 1206 1751 -1.2500 5.6220 0.2083 0.1250 0.0000 0.0100 0.7800 0.0000 0.9162 600.0000 60.5706 0.2824 1.2644 62.1175 
268  104 1836 1026  805 1446 1766 1341  582 1611 1108 2349 2506 -2.4297 2.5619 0.1238 0.2500 1.4667 0.2068 0.7365 0.0001 0.0096 106.0000 10.1314 0.2646 1.1454 11.5414 
269 1348 2244 2332  298 1663 1584 2516 1932 2528 1189 2954 1874 -2.1328 3.3444 0.1222 0.1406 0.0000 0.2142 0.7275 0.0002 0.0085 88.0000 8.7075 0.3602 1.4204 10.4881 
270  111 1886 1082  718 1485 1710 1582  547 1712  993 2170 2480 -2.4141 2.4965 0.0823 0.1875 1.3846 0.2171 0.7236 0.0001 0.0099 108.0000 10.4226 0.3169 1.0188 11.7583 
271   51 1784 1007  924 1679 1848 1456  642 1646 1035 2170 2456 -2.2188 3.6841 0.1108 0.0938 1.4444 0.2232 0.7153 0.0001 0.0100 149.0000 14.5883 0.2663 1.1794 16.0341 
272  215 2131 1119  698 1465 1764 1440  643 1625 1083 2318 2481 -2.2969 11.4702 0.0843 0.3594 2.9333 0.2236 0.7098 0.0002 0.0099 91.0000 8.8583 0.2766 1.1075 10.2424 
273  273 1755 1105  769 1420 1665 1486  663 1737 1053 2355 2327 -2.0625 5.1614 0.0877 0.2500 1.5833 0.2258 0.7032 0.0003 0.0093 107.0000 10.2789 0.2693 1.1827 11.7308 
274 1548 1926 2507   50 1478 1506 2381 2125 2661 1180 3000 1762 -1.6406 12.9564 0.1218 0.0938 0.0000 0.2211 0.7010 0.0003 0.0093 152.0000 14.4415 0.3984 1.3353 16.1752 
275   79 1995  993  856 1534 1742 1531  630 1578  940 2359 2602 -2.6719 2.3009 0.1041 0.2344 2.2500 0.2090 0.7032 0.0005 0.0099 95.0000 9.1698 0.2706 1.0349 10.4753 
276   50 2038  939  878 1535 1710 1515  629 1659  987 2349 2582 -2.5234 3.1018 0.0997 0.2109 1.7778 0.2131 0.6922 0.0002 0.0103 188.0000 18.2315 0.2675 1.2233 19.7224 
277  105 1955 1061  810 1552 1800 1535  622 1503  910 2360 2608 -2.5781 4.7340 0.1090 0.2734 1.8421 0.2168 0.6821 0.0005 0.0096 87.0000 9.1749 0.2710 1.2093 10.6552 
278 1191  680 1726 2280  672 1373 2541 2635 1183  363 1587 2495 -2.2031 2.4151 0.1113 0.1328 0.0000 0.2208 0.6719 0.0001 0.0099 93.0000 9.1777 0.3026 1.2899 10.7702 
279   50 2007 1083  898 1564 1683 1562  593 1480  994 2356 2535 -2.7109 2.0969 0.0871 0.2656 2.2105 0.2272 0.6734 0.0003 0.0101 174.0000 16.7167 0.2662 1.1630 18.1458 
280   50 2018 1085  886 1587 1651 1506  593 1485  933 2345 2532 -2.7422 1.7204 0.0902 0.2656 1.9412 0.2309 0.6619 0.0008 0.0098 130.0000 12.4820 0.2791 1.3724 14.1335 
281   50 2018 1091  883 1602 1641 1508  599 1484  939 2347 2547 -2.4688 3.8100 0.0900 0.2500 4.5000 0.2340 0.6499 0.0010 0.0099 79.0000 8.0385 0.2649 1.0893 9.3927 
282   50 2023 1038  919 1493 1770 1588  575 1478  972 2353 2494 -2.8281 1.9702 0.0812 0.2734 2.8571 0.2370 0.6423 0.0010 0.0065 103.0000 10.0657 0.3037 1.1179 11.4873 
283   50 2043 1026  948 1464 1798 1615  556 1450  965 2352 2473 -2.5000 2.7717 0.0766 0.3438 1.7727 0.2390 0.6303 0.0009 0.0061 84.0000 8.2462 0.2684 1.1530 9.6675 
284   50 1989 1076  891 1539 1738 1669  650 1470 1099 2383 2594 -2.3984 5.6431 0.1348 0.3750 1.8333 0.2418 0.6221 0.0010 0.0086 95.0000 9.3825 0.2710 1.1660 10.8195 
285 2387 2249 2604 1131  420 1896  440 1158  692  754 1035  356 -1.7812 5.7156 0.1071 0.0547 0.0000 0.2431 0.6174 0.0001 0.0099 87.0000 8.5530 0.2959 1.1025 9.9513 
286   50 2043 1093  942 1495 1774 1467  506 1554  840 2349 2495 -2.5547 4.3277 0.0849 0.3203 2.5625 0.2401 0.6164 0.0010 0.0073 106.0000 10.5338 0.2652 1.2762 12.0752 
287 1074 2218 2155  221 1534 1380 2305 1765 2392  890 2992 1761 -1.7656 3.6612 0.2410 0.0391 0.0000 0.2439 0.6096 0.0005 0.0098 90.0000 8.7377 0.3295 1.3156 10.3828 
288   50 2015  927  811 1525 1714 1505  582 1433  902 2317 2439 -2.1875 3.2244 0.1041 0.2734 1.3333 0.2345 0.6086 0.0009 0.0058 100.0000 9.6438 0.2548 1.0025 10.9011 
289 2488 2605 2755  763  637 2244  456 1501 1056  818 1509  511 -2.5156 3.1494 0.1138 0.3047 3.4615 0.2307 0.6086 0.0001 0.0097 119.0000 11.3965 0.2748 1.1394 12.8107 
290  999  639 1740 2447  381 1299 2847 2769  870  390 1604 2174 -2.2891 2.6008 0.0560 0.1406 0.0000 0.2367 0.6115 0.0005 0.0100 160.0000 15.6068 0.2894 1.2345 17.1307 
291 1297  727 1832 2603  274 1100 2679 2512  901  491 1499 2466 -1.4141 7.3469 0.0914 0.1719 0.0000 0.2419 0.6126 0.0000 0.0096 133.0000 12.7339 0.2971 1.2841 14.3151 
292   73 2010 1176  984 1528 1767 1544  561 1615  968 2376 2584 -2.6719 3.8127 0.0734 0.4531 3.0625 0.2308 0.6159 0.0009 0.0064 86.0000 8.4052 0.2759 1.1224 9.8035 
293  889  700 1587 2141  580 1447 2785 2973 1118  273 1703 2199 -2.1406 2.9564 0.2031 0.0547 0.0000 0.2349 0.6080 0.0004 0.0089 61.0000 6.2115 0.4032 1.3974 8.0121 
294  858  452 1839 2275  830 1636 2759 2642  890  421 1525 1915 -1.9297 6.6328 0.3354 0.1016 0.0000 0.2369 0.6067 0.0002 0.0099 68.0000 7.0431 0.2916 1.1603 8.4949 
295 2178 2022 1268 1129  162  775 2113 2495   50 1170  348 1687 -2.1406 2.7360 0.1525 0.1016 0.0000 0.2375 0.6064 0.0001 0.0088 102.0000 10.0336 0.2516 1.1728 11.4580 
296 1253  566 1475 2410  394 1460 2870 3000 1466  316 1731 2313 -2.0938 2.8573 0.0813 0.0547 0.0000 0.2409 0.6067 0.0000 0.0099 337.0000 31.8930 0.3109 1.2649 33.4687 
297  997  608 1877 2041  265 1472 2683 3000 1072  150 1808 2615 -1.3281 8.3797 0.1495 0.0000 0.0000 0.2434 0.6064 0.0000 0.0099 232.0000 21.8868 0.3019 1.2038 23.3925 
298 1043  872 1352 2393  688 1205 2792 2800 1192  442 1559 2098 -1.9844 9.0391 0.0479 0.2734 3.2857 0.2343 0.6108 0.0004 0.0096 79.0000 7.8083 0.3406 1.2063 9.3552 
299 1350  629 1504 2223 1069 1589 2428 2782 1626  346 1560 2397 -2.0547 2.8238 0.1751 0.1797 1.5333 0.2337 0.6099 0.0002 0.0099 58.0000 5.8368 0.3112 1.2469 7.3949 
282   50 2023 1038  919 1493 1770 1588  575 1478  972 2353 2494 -2.8281 1.9702 0.0812 0.2734 2.8571 0.2370 0.6423 0.0010 0.0065 103.0000 10.0657 0.3037 1.1179 11.4873 
