#    iter  GAMMA0    BETA0    energy  energy_ratio  variance  fidelity_exact  fidelity_sampled    ratio  corr_length   const_kernel  std energies  average distances      nit  time opt bayes  time qaoa  time opt kernel  time step 
   1 +748.000000 +912.000000 -1.632812 -77.911498 +0.020957 +0.580647 +0.007812 +0.017591 +0.000000 +0.000010 +0.220063 +0.000000 +0.000000 +0.000000 +0.000000 +0.000000 +0.000000 +0.000000 
   2 +1487.000000 +988.000000 -1.109375 -77.911498 +0.014239 +1.121801 +0.007812 +0.022155 +0.000000 +0.000010 +0.220063 +0.000000 +0.000000 +0.000000 +0.000000 +0.000000 +0.000000 +0.000000 
   3 +455.000000 +1361.000000 -2.000000 -77.911498 +0.025670 +1.023622 +0.000000 +0.005986 +0.000000 +0.000010 +0.220063 +0.000000 +0.000000 +0.000000 +0.000000 +0.000000 +0.000000 +0.000000 
   4 +960.000000 +1102.000000 -0.750000 -77.911498 +0.009626 +1.716535 +0.046875 +0.038875 +0.000000 +0.000010 +0.220063 +0.000000 +0.000000 +0.000000 +0.000000 +0.000000 +0.000000 +0.000000 
   5 +1212.000000 +582.000000 -2.218750 -77.911498 +0.028478 +1.054134 +0.164062 +0.151800 +0.000000 +0.000010 +0.220063 +0.000000 +0.000000 +0.000000 +0.000000 +0.000000 +0.000000 +0.000000 
   6 +154.000000 +232.000000 -1.828125 -77.911498 +0.023464 +0.600148 +0.015625 +0.028682 +0.000000 +0.000010 +0.220063 +0.000000 +0.000000 +0.000000 +0.000000 +0.000000 +0.000000 +0.000000 
   7 +873.000000 +473.000000 -2.476562 -77.911498 +0.031787 +1.164801 +0.289062 +0.248154 +1.681818 +0.000010 +0.220063 +0.000000 +0.000000 +0.000000 +0.000000 +0.000000 +0.000000 +0.000000 
   8 +1329.000000 +1248.000000 -1.460938 -77.911498 +0.018751 +1.352793 +0.039062 +0.047387 +0.000000 +0.000010 +0.220063 +0.000000 +0.000000 +0.000000 +0.000000 +0.000000 +0.000000 +0.000000 
   9 +601.000000 +365.000000 -2.476562 -77.911498 +0.031787 +1.180549 +0.210938 +0.221255 +1.500000 +0.000010 +0.220063 +0.000000 +0.000000 +0.000000 +0.000000 +0.000000 +0.000000 +0.000000 
  10 +328.000000 +671.000000 -1.898438 -77.911498 +0.024367 +1.477793 +0.148438 +0.171709 +1.117647 +0.000010 +0.220063 +0.000000 +0.000000 +0.000000 +0.000000 +0.000000 +0.000000 +0.000000 
  10 +750.000000 +398.000000 -2.625000 -77.911498 +0.033692 +1.212598 +0.312500 +0.259654 +1.818182 +0.220063 +0.000010 +0.000220 +0.005984 +12.000000 +0.063302 +0.129677 +0.150821 +0.343801 
  11 +783.000000 +348.000000 -2.492188 -77.911498 +0.031987 +1.354269 +0.242188 +0.195461 +1.722222 +0.252073 +0.000010 +0.000983 +0.006090 +13.000000 +0.067922 +0.128625 +0.137669 +0.334216 
  12 +863.000000 +327.000000 -2.414062 -77.911498 +0.030985 +1.110667 +0.171875 +0.153193 +0.000000 +0.263363 +0.000010 +0.000379 +0.008720 +12.000000 +0.065379 +0.136482 +0.136557 +0.338419 
  13 +722.000000 +445.000000 -2.445312 -77.911498 +0.031386 +1.036356 +0.234375 +0.268962 +1.764706 +0.263929 +0.000010 +0.000549 +0.004351 +14.000000 +0.071143 +0.149079 +0.133527 +0.353749 
  14 +702.000000 +249.000000 -1.921875 -77.911498 +0.024667 +0.734006 +0.023438 +0.042272 +0.000000 +0.274867 +0.000010 +0.000818 +0.004974 +11.000000 +0.058856 +0.110214 +0.160102 +0.329173 
  15 +737.000000 +481.000000 -2.367188 -77.911498 +0.030383 +2.123954 +0.234375 +0.239811 +1.200000 +0.224652 +0.000010 +0.000983 +0.008074 +16.000000 +0.083156 +0.141925 +0.138425 +0.363506 
  16 +1011.000000 +403.000000 -2.406250 -77.911498 +0.030884 +1.408465 +0.257812 +0.262781 +1.434783 +0.222251 +0.000010 +0.000593 +0.007937 +14.000000 +0.071652 +0.158740 +0.194727 +0.425119 
  17 +1226.000000 +312.000000 -2.304688 -77.911498 +0.029581 +0.985175 +0.132812 +0.131963 +0.000000 +0.235876 +0.000010 +0.000969 +0.008745 +9.000000 +0.059977 +0.185461 +0.169892 +0.415330 
  18 +1500.000000 +100.000000 -0.406250 -77.911498 +0.005214 +0.416339 +0.000000 +0.000075 +0.000000 +0.245046 +0.000010 +0.000975 +0.003304 +32.000000 +0.163145 +0.178093 +0.164353 +0.505591 
  19 +1104.000000 +420.000000 -2.492188 -77.911498 +0.031987 +1.401513 +0.289062 +0.272104 +1.850000 +0.215067 +0.000010 +0.000889 +0.004868 +12.000000 +0.067339 +0.182175 +0.164713 +0.414228 
  20 +881.000000 +430.000000 -2.421875 -77.911498 +0.031085 +1.411171 +0.257812 +0.272780 +1.650000 +0.223661 +0.000010 +0.000617 +0.004695 +15.000000 +0.082812 +0.157084 +0.199547 +0.439444 
  21 +1052.000000 +329.000000 -2.406250 -77.911498 +0.030884 +1.187992 +0.156250 +0.160323 +0.000000 +0.224671 +0.000010 +0.000982 +0.005178 +15.000000 +0.082882 +0.166223 +0.185082 +0.434188 
  22 +606.000000 +477.000000 -2.617188 -77.911498 +0.033592 +1.167261 +0.320312 +0.244104 +2.157895 +0.229283 +0.000010 +0.000702 +0.004359 +13.000000 +0.072603 +0.130189 +0.217295 +0.420087 
  23 +602.000000 +482.000000 -2.328125 -77.911498 +0.029882 +1.324557 +0.226562 +0.239827 +1.160000 +0.231895 +0.000010 +0.000802 +0.004299 +14.000000 +0.077975 +0.131326 +0.198072 +0.407374 
  24 +100.000000 +1500.000000 -2.164062 -77.911498 +0.027776 +0.988620 +0.093750 +0.146024 +0.000000 +0.234973 +0.000010 +0.000577 +0.001032 +29.000000 +0.148270 +0.165620 +0.183557 +0.497448 
  25 +1048.000000 +479.000000 -2.414062 -77.911498 +0.030985 +1.031927 +0.234375 +0.244052 +1.764706 +0.234753 +0.000010 +0.000667 +0.005715 +18.000000 +0.096410 +0.177587 +0.228137 +0.502134 
  26 +100.000000 +1181.000000 -1.156250 -77.911498 +0.014841 +1.628937 +0.062500 +0.051818 +0.000000 +0.236596 +0.000010 +0.000684 +0.004573 +25.000000 +0.130994 +0.136110 +0.202569 +0.469673 
  27 +502.000000 +431.000000 -2.546875 -77.911498 +0.032689 +1.115896 +0.265625 +0.272824 +2.000000 +0.229163 +0.000010 +0.000615 +0.003897 +12.000000 +0.068389 +0.133085 +0.175166 +0.376641 
  28 +489.000000 +427.000000 -2.351562 -77.911498 +0.030182 +1.395116 +0.257812 +0.272720 +1.941176 +0.229818 +0.000010 +0.000756 +0.004281 +12.000000 +0.068288 +0.111370 +0.184522 +0.364181 
  29 +609.000000 +546.000000 -2.195312 -77.911498 +0.028177 +0.630844 +0.125000 +0.169650 +0.000000 +0.231961 +0.000010 +0.000475 +0.004031 +13.000000 +0.076901 +0.136726 +0.193464 +0.407092 
  30 +1157.000000 +427.000000 -2.382812 -77.911498 +0.030584 +1.308994 +0.273438 +0.272643 +1.400000 +0.223509 +0.000010 +0.000754 +0.002940 +14.000000 +0.077069 +0.186678 +0.158113 +0.421861 
  31 +653.000000 +411.000000 -2.539062 -77.911498 +0.032589 +1.195312 +0.281250 +0.267862 +2.250000 +0.225326 +0.000010 +0.000141 +0.001282 +18.000000 +0.097341 +0.140593 +0.178829 +0.416764 
  32 +794.000000 +423.000000 -2.406250 -77.911498 +0.030884 +1.219488 +0.242188 +0.272139 +1.823529 +0.224767 +0.000010 +0.000903 +0.002633 +16.000000 +0.086616 +0.144816 +0.203330 +0.434763 
  33 +1022.000000 +240.000000 -1.828125 -77.911498 +0.023464 +1.230069 +0.046875 +0.035011 +0.000000 +0.225548 +0.000010 +0.000373 +0.003255 +15.000000 +0.084048 +0.154430 +0.153634 +0.392114 
  34 +623.000000 +405.000000 -2.593750 -77.911498 +0.033291 +1.187992 +0.289062 +0.265557 +1.850000 +0.217616 +0.000010 +0.000436 +0.002407 +18.000000 +0.097142 +0.123306 +0.159560 +0.380009 
  35 +623.000000 +405.000000 -2.664062 -77.911498 +0.034193 +1.232714 +0.312500 +0.265557 +2.105263 +0.216033 +0.000010 +0.000667 +0.002885 +17.000000 +0.092828 +0.124601 +0.191369 +0.408799 
  36 +516.000000 +343.000000 -2.500000 -77.911498 +0.032088 +1.259843 +0.226562 +0.181657 +1.526316 +0.213267 +0.000010 +0.000626 +0.003241 +20.000000 +0.106969 +0.104912 +0.127852 +0.339733 
  37 +602.000000 +396.000000 -2.546875 -77.911498 +0.032689 +1.336368 +0.304688 +0.259670 +2.294118 +0.215411 +0.000010 +0.000903 +0.002101 +21.000000 +0.111285 +0.120570 +0.194979 +0.426835 
  38 +972.000000 +551.000000 -2.320312 -77.911498 +0.029781 +0.928088 +0.195312 +0.166503 +0.000000 +0.215452 +0.000010 +0.000890 +0.004615 +15.000000 +0.083959 +0.178126 +0.139300 +0.401386 
  39 +608.000000 +1500.000000 -2.234375 -77.911498 +0.028678 +1.125738 +0.132812 +0.145988 +0.000000 +0.217541 +0.000010 +0.000921 +0.004510 +30.000000 +0.154110 +0.220462 +0.192971 +0.567544 
  40 +450.000000 +291.000000 -2.226562 -77.911498 +0.028578 +1.389210 +0.109375 +0.092472 +0.000000 +0.217358 +0.000010 +0.000621 +0.003465 +14.000000 +0.078026 +0.094658 +0.193489 +0.366173 
  41 +1499.000000 +1499.000000 -2.226562 -77.911498 +0.028578 +1.137242 +0.125000 +0.141135 +0.000000 +0.218312 +0.000010 +0.000721 +0.000169 +42.000000 +0.210158 +0.338727 +0.203384 +0.752270 
  42 +362.000000 +1500.000000 -2.156250 -77.911498 +0.027676 +1.156496 +0.109375 +0.146005 +0.000000 +0.216338 +0.000010 +0.000633 +0.001272 +29.000000 +0.151768 +0.199396 +0.197697 +0.548862 
  43 +1222.000000 +1500.000000 -2.117188 -77.911498 +0.027174 +1.096395 +0.125000 +0.145944 +0.000000 +0.218495 +0.000010 +0.000343 +0.001896 +33.000000 +0.168836 +0.288406 +0.234399 +0.691641 
  44 +847.000000 +1500.000000 -2.359375 -77.911498 +0.030283 +1.381644 +0.203125 +0.145971 +1.529412 +0.218212 +0.000010 +0.000368 +0.002386 +27.000000 +0.139775 +0.254823 +0.189241 +0.583841 
  45 +635.000000 +400.000000 -2.460938 -77.911498 +0.031586 +1.289801 +0.281250 +0.262820 +1.565217 +0.215037 +0.000010 +0.000813 +0.002964 +19.000000 +0.102869 +0.125923 +0.176194 +0.404987 
  46 +1297.000000 +465.000000 -2.273438 -77.911498 +0.029180 +1.192360 +0.203125 +0.255561 +1.529412 +0.215952 +0.000010 +0.000422 +0.002431 +22.000000 +0.115379 +0.204794 +0.181015 +0.501188 
  47 +100.000000 +530.000000 -2.234375 -77.911498 +0.028678 +1.078494 +0.187500 +0.184562 +0.000000 +0.217025 +0.000010 +0.000431 +0.000789 +27.000000 +0.139717 +0.075671 +0.175999 +0.391387 
  48 +338.000000 +438.000000 -2.414062 -77.911498 +0.030985 +1.220903 +0.273438 +0.271758 +1.842105 +0.212777 +0.000010 +0.000820 +0.002816 +18.000000 +0.097095 +0.095502 +0.199343 +0.391941 
  49 +558.000000 +409.000000 -2.445312 -77.911498 +0.031386 +1.508797 +0.289062 +0.267872 +2.055556 +0.215647 +0.000010 +0.000813 +0.001923 +20.000000 +0.106555 +0.116341 +0.139759 +0.362656 
  50 +1500.000000 +570.000000 -2.281250 -77.911498 +0.029280 +0.754921 +0.164062 +0.155104 +0.000000 +0.216016 +0.000010 +0.000567 +0.001430 +29.000000 +0.150194 +0.235532 +0.193107 +0.578834 
  51 +247.000000 +451.000000 -2.515625 -77.911498 +0.032288 +1.259596 +0.296875 +0.267054 +2.235294 +0.206529 +0.000010 +0.000695 +0.001999 +16.000000 +0.086722 +0.085923 +0.207021 +0.379666 
  52 +690.000000 +403.000000 -2.367188 -77.911498 +0.030383 +0.990096 +0.156250 +0.262814 +0.000000 +0.203708 +0.000010 +0.000251 +0.000854 +18.000000 +0.096438 +0.131682 +0.209772 +0.437892 
  53 +393.000000 +457.000000 -2.585938 -77.911498 +0.033191 +1.268147 +0.335938 +0.262012 +3.071429 +0.203995 +0.000010 +0.000804 +0.002538 +17.000000 +0.091382 +0.121056 +0.212903 +0.425342 
  54 +363.000000 +409.000000 -2.585938 -77.911498 +0.033191 +1.094919 +0.281250 +0.267893 +1.714286 +0.205398 +0.000010 +0.000933 +0.004070 +19.000000 +0.102248 +0.094121 +0.236820 +0.433189 
  55 +395.000000 +462.000000 -2.500000 -77.911498 +0.032088 +1.102362 +0.273438 +0.258995 +1.750000 +0.205177 +0.000010 +0.000606 +0.002811 +15.000000 +0.083287 +0.103386 +0.223058 +0.409731 
  56 +319.000000 +399.000000 -2.625000 -77.911498 +0.033692 +1.196850 +0.281250 +0.259699 +1.894737 +0.205168 +0.000010 +0.000474 +0.002594 +18.000000 +0.098428 +0.089720 +0.210780 +0.398928 
  57 +322.000000 +396.000000 -2.484375 -77.911498 +0.031887 +1.873770 +0.273438 +0.259698 +1.666667 +0.203864 +0.000010 +0.000988 +0.004457 +16.000000 +0.088941 +0.088544 +0.197283 +0.374768 
  58 +291.000000 +469.000000 -2.539062 -77.911498 +0.032589 +1.085076 +0.296875 +0.252081 +1.900000 +0.204045 +0.000010 +0.000786 +0.002271 +20.000000 +0.107761 +0.091771 +0.203382 +0.402915 
  59 +255.000000 +434.000000 -2.484375 -77.911498 +0.031887 +1.180856 +0.265625 +0.272524 +1.700000 +0.203988 +0.000010 +0.000470 +0.001587 +18.000000 +0.096914 +0.083874 +0.190653 +0.371442 
  60 +396.000000 +404.000000 -2.445312 -77.911498 +0.031386 +1.430057 +0.257812 +0.265581 +1.571429 +0.203843 +0.000010 +0.000334 +0.001426 +18.000000 +0.097555 +0.097905 +0.192887 +0.388347 
  61 +318.000000 +483.000000 -2.375000 -77.911498 +0.030483 +1.007874 +0.234375 +0.239861 +1.363636 +0.203469 +0.000010 +0.000790 +0.002096 +15.000000 +0.083486 +0.096449 +0.215781 +0.395716 
  62 +319.000000 +368.000000 -2.601562 -77.911498 +0.033391 +1.265194 +0.304688 +0.227181 +2.052632 +0.203201 +0.000010 +0.000660 +0.001949 +21.000000 +0.112440 +0.084741 +0.158314 +0.355495 
  63 +318.000000 +368.000000 -2.593750 -77.911498 +0.033291 +1.219488 +0.242188 +0.227181 +1.722222 +0.202113 +0.000010 +0.000014 +0.000481 +23.000000 +0.121785 +0.084356 +0.272628 +0.478769 
  64 +264.000000 +390.000000 -2.585938 -77.911498 +0.033191 +1.441375 +0.304688 +0.252191 +1.772727 +0.200897 +0.000010 +0.000799 +0.002335 +21.000000 +0.118367 +0.080955 +0.219220 +0.418542 
  65 +332.000000 +365.000000 -2.578125 -77.911498 +0.033090 +1.253691 +0.281250 +0.221280 +1.800000 +0.199957 +0.000010 +0.000940 +0.002124 +17.000000 +0.093014 +0.086087 +0.187939 +0.367040 
  66 +257.000000 +393.000000 -2.585938 -77.911498 +0.033191 +1.110667 +0.265625 +0.256144 +1.214286 +0.199362 +0.000010 +0.000841 +0.003078 +19.000000 +0.101867 +0.079801 +0.250071 +0.431739 
  67 +316.000000 +366.000000 -2.226562 -77.911498 +0.028578 +1.357714 +0.179688 +0.221281 +1.210526 +0.198603 +0.000010 +0.000923 +0.003229 +18.000000 +0.098946 +0.085505 +0.195228 +0.379680 
  68 +187.000000 +421.000000 -2.601562 -77.911498 +0.033391 +1.422675 +0.312500 +0.272208 +2.222222 +0.200528 +0.000010 +0.000479 +0.001646 +16.000000 +0.088717 +0.075597 +0.214717 +0.379031 
  69 +184.000000 +420.000000 -2.234375 -77.911498 +0.028678 +1.314715 +0.203125 +0.272208 +1.529412 +0.199465 +0.000010 +0.000314 +0.001692 +20.000000 +0.107116 +0.074263 +0.235904 +0.417283 
  70 +991.000000 +1500.000000 -2.203125 -77.911498 +0.028277 +1.312746 +0.125000 +0.145961 +0.000000 +0.200875 +0.000010 +0.000610 +0.001209 +38.000000 +0.194844 +0.262972 +0.231028 +0.688845 
  71 +940.000000 +425.000000 -2.351562 -77.911498 +0.030182 +1.426612 +0.265625 +0.272668 +1.888889 +0.202266 +0.000010 +0.000171 +0.000891 +18.000000 +0.097601 +0.164308 +0.227528 +0.489438 
  72 +823.000000 +589.000000 -2.148438 -77.911498 +0.027575 +0.757320 +0.132812 +0.151003 +0.000000 +0.201787 +0.000010 +0.000653 +0.002751 +25.000000 +0.130787 +0.161689 +0.272853 +0.565330 
  73 +433.000000 +405.000000 -2.531250 -77.911498 +0.032489 +1.384843 +0.257812 +0.265577 +2.200000 +0.202159 +0.000010 +0.000551 +0.001555 +18.000000 +0.098908 +0.103273 +0.220669 +0.422850 
  74 +402.000000 +100.000000 -0.593750 -77.911498 +0.007621 +0.495079 +0.000000 +0.000075 +0.000000 +0.202349 +0.000010 +0.000409 +0.001207 +33.000000 +0.169919 +0.083685 +0.175300 +0.428905 
  75 +100.000000 +397.000000 -2.398438 -77.911498 +0.030784 +1.343935 +0.242188 +0.259721 +1.476190 +0.194213 +0.000010 +0.000276 +0.000708 +46.000000 +0.231278 +0.059832 +0.285362 +0.576473 
  76 +746.000000 +1500.000000 -2.234375 -77.911498 +0.028678 +1.141486 +0.109375 +0.145978 +0.000000 +0.195089 +0.000010 +0.000908 +0.000647 +31.000000 +0.160416 +0.240427 +0.197306 +0.598150 
  77 +519.000000 +411.000000 -2.492188 -77.911498 +0.031987 +1.275529 +0.242188 +0.267876 +1.192308 +0.195447 +0.000010 +0.000369 +0.001634 +21.000000 +0.113109 +0.112712 +0.203063 +0.428885 
  78 +410.000000 +408.000000 -2.765625 -77.911498 +0.035497 +1.298967 +0.390625 +0.267888 +3.125000 +0.195197 +0.000010 +0.000593 +0.001411 +23.000000 +0.121606 +0.098998 +0.223754 +0.444359 
  79 +475.000000 +1018.000000 -1.234375 -77.911498 +0.015843 +1.346211 +0.039062 +0.026139 +0.000000 +0.195432 +0.000010 +0.000891 +0.004538 +15.000000 +0.083650 +0.166097 +0.272963 +0.522710 
  80 +1382.000000 +654.000000 -1.953125 -77.911498 +0.025069 +1.005659 +0.140625 +0.167613 +0.000000 +0.202011 +0.000010 +0.000813 +0.001732 +17.000000 +0.091921 +0.235231 +0.279908 +0.607060 
  81 +1049.000000 +686.000000 -2.171875 -77.911498 +0.027876 +1.324557 +0.218750 +0.172786 +1.555556 +0.203252 +0.000010 +0.000784 +0.002707 +14.000000 +0.076503 +0.203388 +0.294670 +0.574562 
  82 +100.000000 +740.000000 -2.070312 -77.911498 +0.026573 +1.404466 +0.171875 +0.146796 +1.833333 +0.201158 +0.000010 +0.000881 +0.001352 +32.000000 +0.166583 +0.093799 +0.245201 +0.505583 
  83 +694.000000 +1347.000000 -1.851562 -77.911498 +0.023765 +0.977793 +0.000000 +0.007933 +0.000000 +0.198897 +0.000010 +0.000418 +0.001724 +14.000000 +0.078310 +0.221232 +0.303013 +0.602556 
  84 +1500.000000 +450.000000 -2.265625 -77.911498 +0.029079 +1.204478 +0.226562 +0.266902 +1.450000 +0.200613 +0.000010 +0.000987 +0.000550 +33.000000 +0.169721 +0.224197 +0.295774 +0.689692 
  85 +1108.000000 +519.000000 -2.312500 -77.911498 +0.029681 +1.066929 +0.203125 +0.197602 +0.000000 +0.199228 +0.000010 +0.000366 +0.001179 +23.000000 +0.123974 +0.189921 +0.300149 +0.614044 
  86 +459.000000 +505.000000 -2.453125 -77.911498 +0.031486 +0.989911 +0.250000 +0.211807 +1.523810 +0.198781 +0.000010 +0.000333 +0.000611 +18.000000 +0.095961 +0.115029 +0.238083 +0.449073 
  87 +1372.000000 +436.000000 -2.578125 -77.911498 +0.033090 +1.426919 +0.312500 +0.271636 +1.904762 +0.199647 +0.000010 +0.000568 +0.002142 +19.000000 +0.101559 +0.230400 +0.312745 +0.644704 
  88 +606.000000 +709.000000 -1.851562 -77.911498 +0.023765 +1.103777 +0.117188 +0.167528 +0.000000 +0.197807 +0.000010 +0.000875 +0.002254 +18.000000 +0.098381 +0.152384 +0.223950 +0.474716 
  89 +1387.000000 +488.000000 -2.382812 -77.911498 +0.030584 +0.931041 +0.218750 +0.230719 +1.272727 +0.199304 +0.000010 +0.000412 +0.000936 +20.000000 +0.106483 +0.217342 +0.174884 +0.498710 
  90 +1308.000000 +385.000000 -2.523438 -77.911498 +0.032389 +1.826218 +0.289062 +0.247761 +1.608696 +0.199340 +0.000010 +0.000305 +0.001629 +18.000000 +0.097504 +0.201761 +0.272618 +0.571883 
  91 +1229.000000 +415.000000 -2.414062 -77.911498 +0.030985 +1.079171 +0.195312 +0.269671 +1.250000 +0.197791 +0.000010 +0.000854 +0.001498 +19.000000 +0.102947 +0.192966 +0.370248 +0.666161 
  92 +897.000000 +726.000000 -2.054688 -77.911498 +0.026372 +1.485175 +0.195312 +0.158943 +1.923077 +0.197613 +0.000010 +0.000218 +0.000659 +18.000000 +0.096957 +0.192384 +0.292781 +0.582122 
  93 +210.000000 +535.000000 -2.289062 -77.911498 +0.029380 +0.663816 +0.156250 +0.180507 +0.000000 +0.198034 +0.000010 +0.000365 +0.001149 +22.000000 +0.120194 +0.088814 +0.313452 +0.522461 
  94 +1374.000000 +1500.000000 -2.164062 -77.911498 +0.027776 +1.917753 +0.156250 +0.145933 +1.333333 +0.197912 +0.000010 +0.000644 +0.000599 +42.000000 +0.212598 +0.310784 +0.287154 +0.810537 
  95 +1500.000000 +1362.000000 -1.992188 -77.911498 +0.025570 +0.637734 +0.000000 +0.005982 +0.000000 +0.198392 +0.000010 +0.000937 +0.000886 +36.000000 +0.189798 +0.311761 +0.313375 +0.814935 
  96 +234.000000 +1500.000000 -2.125000 -77.911498 +0.027275 +1.212598 +0.132812 +0.146015 +0.000000 +0.198932 +0.000010 +0.000999 +0.000354 +42.000000 +0.213826 +0.178825 +0.309632 +0.702284 
  97 +1380.000000 +380.000000 -2.445312 -77.911498 +0.031386 +1.839505 +0.257812 +0.243070 +1.941176 +0.199304 +0.000010 +0.000741 +0.001299 +25.000000 +0.130847 +0.225570 +0.313433 +0.669851 
  98 +100.000000 +896.000000 -1.601562 -77.911498 +0.020556 +0.603777 +0.023438 +0.019954 +0.000000 +0.197732 +0.000010 +0.000302 +0.000327 +35.000000 +0.179193 +0.108392 +0.290064 +0.577649 
  99 +1177.000000 +793.000000 -1.890625 -77.911498 +0.024266 +1.216289 +0.109375 +0.092471 +0.000000 +0.200425 +0.000010 +0.000669 +0.001470 +24.000000 +0.126642 +0.221988 +0.324011 +0.672641 
 100 +875.000000 +100.000000 -0.507812 -77.911498 +0.006518 +0.362143 +0.000000 +0.000075 +0.000000 +0.198985 +0.000010 +0.000836 +0.001202 +35.000000 +0.179564 +0.113461 +0.251101 +0.544126 
 101 +436.000000 +395.000000 -2.648438 -77.911498 +0.033993 +1.284879 +0.304688 +0.256126 +1.695652 +0.200899 +0.000010 +0.000679 +0.000934 +22.000000 +0.116931 +0.106930 +0.375915 +0.599777 
 102 +436.000000 +395.000000 -2.515625 -77.911498 +0.032288 +1.432825 +0.289062 +0.256126 +1.947368 +0.200794 +0.000010 +0.000870 +0.001208 +28.000000 +0.144928 +0.099413 +0.334876 +0.579217 
 103 +818.000000 +399.000000 -2.437500 -77.911498 +0.031285 +1.397638 +0.257812 +0.259647 +1.650000 +0.200741 +0.000010 +0.000424 +0.000753 +19.000000 +0.102687 +0.144427 +0.282951 +0.530065 
 104 +1154.000000 +364.000000 -2.234375 -77.911498 +0.028678 +2.417077 +0.164062 +0.221205 +0.000000 +0.200696 +0.000010 +0.000985 +0.001299 +20.000000 +0.106820 +0.179756 +0.257934 +0.544510 
 105 +100.000000 +375.000000 -2.460938 -77.911498 +0.031586 +1.116572 +0.195312 +0.232833 +1.041667 +0.200629 +0.000010 +0.000573 +0.000250 +35.000000 +0.183104 +0.057818 +0.302728 +0.543651 
 106 +1499.000000 +404.000000 -2.429688 -77.911498 +0.031185 +1.144624 +0.226562 +0.265464 +1.160000 +0.199990 +0.000010 +0.000770 +0.000623 +31.000000 +0.161113 +0.218785 +0.343657 +0.723556 
 107 +1408.000000 +447.000000 -2.414062 -77.911498 +0.030985 +1.425627 +0.265625 +0.268879 +2.125000 +0.198978 +0.000010 +0.000675 +0.001145 +25.000000 +0.131508 +0.218070 +0.317573 +0.667152 
 108 +1346.000000 +352.000000 -2.492188 -77.911498 +0.031987 +1.133797 +0.226562 +0.202132 +1.260870 +0.198881 +0.000010 +0.000877 +0.001156 +20.000000 +0.112254 +0.199612 +0.301620 +0.613487 
 109 +1091.000000 +1499.000000 -2.445312 -77.911498 +0.031386 +0.957616 +0.140625 +0.141163 +0.000000 +0.197195 +0.000010 +0.000919 +0.000774 +36.000000 +0.187329 +0.300510 +0.377868 +0.865708 
  78 +410.000000 +408.000000 -2.765625 -77.911498 +0.035497 +1.298967 +0.390625 +0.267888 +3.125000 +0.195197 +0.000010 +0.000593 +0.001411 +23.000000 +0.121606 +0.098998 +0.223754 +0.444359 
