#    iter  GAMMA0   GAMMA1   GAMMA2    BETA0    BETA1    BETA2    energy  energy_ratio  variance  fidelity_exact  fidelity_sampled    ratio  corr_length   const_kernel  std energies  average distances      nit  time opt bayes  time qaoa  time opt kernel  time step 
   1 +608.000000 +632.000000 +1487.000000 +708.000000 +1435.000000 +941.000000 -1.890625 -77.911498 +0.024266 +0.854085 +0.007812 +0.015015 +0.000000 +0.000010 +0.100000 +0.000000 +0.000000 +0.000000 +0.000000 +0.000000 +0.000000 +0.000000 
   2 +1380.000000 +822.000000 +1212.000000 +1002.000000 +294.000000 +232.000000 -1.351562 -77.911498 +0.017347 +2.513226 +0.101562 +0.104461 +0.000000 +0.000010 +0.100000 +0.000000 +0.000000 +0.000000 +0.000000 +0.000000 +0.000000 +0.000000 
   3 +173.000000 +193.000000 +209.000000 +408.000000 +461.000000 +645.000000 -2.890625 -77.911498 +0.037101 +2.397392 +0.531250 +0.530880 +6.800000 +0.000010 +0.100000 +0.000000 +0.000000 +0.000000 +0.000000 +0.000000 +0.000000 +0.000000 
   4 +888.000000 +1371.000000 +605.000000 +213.000000 +230.000000 +728.000000 -2.039062 -77.911498 +0.026172 +1.077202 +0.039062 +0.031118 +0.000000 +0.000010 +0.100000 +0.000000 +0.000000 +0.000000 +0.000000 +0.000000 +0.000000 +0.000000 
   5 +1126.000000 +1022.000000 +681.000000 +586.000000 +828.000000 +1280.000000 -2.210938 -77.911498 +0.028378 +1.443344 +0.000000 +0.009318 +0.000000 +0.000010 +0.100000 +0.000000 +0.000000 +0.000000 +0.000000 +0.000000 +0.000000 +0.000000 
   6 +437.000000 +1162.000000 +1064.000000 +1121.000000 +1099.000000 +418.000000 -2.031250 -77.911498 +0.026071 +1.321850 +0.164062 +0.212523 +1.105263 +0.000010 +0.100000 +0.000000 +0.000000 +0.000000 +0.000000 +0.000000 +0.000000 +0.000000 
   7 +1301.000000 +1347.000000 +353.000000 +302.000000 +567.000000 +1216.000000 -1.500000 -77.911498 +0.019253 +1.291339 +0.000000 +0.000422 +0.000000 +0.000010 +0.100000 +0.000000 +0.000000 +0.000000 +0.000000 +0.000000 +0.000000 +0.000000 
   8 +947.000000 +419.000000 +838.000000 +1221.000000 +1273.000000 +871.000000 -1.914062 -77.911498 +0.024567 +1.433501 +0.070312 +0.035041 +0.000000 +0.000010 +0.100000 +0.000000 +0.000000 +0.000000 +0.000000 +0.000000 +0.000000 +0.000000 
   9 +348.000000 +704.000000 +1262.000000 +806.000000 +669.000000 +311.000000 -1.664062 -77.911498 +0.021358 +1.846887 +0.078125 +0.054190 +0.000000 +0.000010 +0.100000 +0.000000 +0.000000 +0.000000 +0.000000 +0.000000 +0.000000 +0.000000 
  10 +680.000000 +245.000000 +461.000000 +1415.000000 +996.000000 +1432.000000 -1.757812 -77.911498 +0.022562 +1.933009 +0.109375 +0.093990 +0.000000 +0.000010 +0.100000 +0.000000 +0.000000 +0.000000 +0.000000 +0.000000 +0.000000 +0.000000 
  10 +173.000000 +192.000000 +208.000000 +407.000000 +461.000000 +645.000000 -2.984375 -77.911498 +0.038305 +1.574557 +0.515625 +0.540261 +8.250000 +0.100000 +0.000010 +0.000769 +0.005335 +33.000000 +0.481778 +0.243083 +0.094738 +0.819599 
  11 +172.000000 +176.000000 +192.000000 +391.000000 +460.000000 +644.000000 -2.914062 -77.911498 +0.037402 +2.472872 +0.546875 +0.521920 +5.833333 +0.100000 +0.000010 +0.000800 +0.009427 +40.000000 +0.587241 +0.241950 +0.145631 +0.974823 
  12 +106.000000 +172.000000 +122.000000 +348.000000 +425.000000 +654.000000 -2.179688 -77.911498 +0.027976 +2.872970 +0.273438 +0.267654 +1.400000 +0.400542 +0.000010 +0.000085 +0.008453 +37.000000 +0.535297 +0.219229 +0.141402 +0.895928 
  13 +194.000000 +183.000000 +221.000000 +411.000000 +472.000000 +641.000000 -2.750000 -77.911498 +0.035296 +5.023622 +0.468750 +0.435303 +5.454545 +0.100000 +0.000010 +0.000722 +0.003506 +38.000000 +0.561063 +0.257186 +0.117866 +0.936116 
  14 +160.000000 +218.000000 +214.000000 +421.000000 +452.000000 +650.000000 -2.976562 -77.911498 +0.038204 +3.109683 +0.593750 +0.539219 +9.500000 +0.100000 +0.000010 +0.000978 +0.008109 +44.000000 +0.633417 +0.275441 +0.113834 +1.022692 
  15 +158.000000 +222.000000 +216.000000 +424.000000 +451.000000 +650.000000 -2.875000 -77.911498 +0.036901 +2.708661 +0.562500 +0.519769 +9.000000 +0.100000 +0.000010 +0.000790 +0.004927 +40.000000 +0.591047 +0.257789 +0.114350 +0.963187 
  16 +173.000000 +219.000000 +210.000000 +413.000000 +460.000000 +674.000000 -3.140625 -77.911498 +0.040310 +1.617864 +0.601562 +0.563778 +11.000000 +0.100000 +0.000010 +0.000937 +0.009327 +52.000000 +0.751161 +0.256938 +0.147776 +1.155876 
  17 +183.000000 +231.000000 +209.000000 +410.000000 +465.000000 +703.000000 -3.031250 -77.911498 +0.038906 +2.140748 +0.570312 +0.579419 +9.125000 +0.100000 +0.000010 +0.000962 +0.004818 +36.000000 +0.549028 +0.261290 +0.135204 +0.945523 
  18 +182.000000 +245.000000 +217.000000 +430.000000 +485.000000 +709.000000 -3.054688 -77.911498 +0.039207 +1.233206 +0.468750 +0.513501 +5.454545 +0.113690 +0.000010 +0.000567 +0.009750 +42.000000 +0.632610 +0.266580 +0.113473 +1.012664 
  19 +204.000000 +255.000000 +241.000000 +426.000000 +456.000000 +713.000000 -2.218750 -77.911498 +0.028478 +1.636811 +0.148438 +0.134754 +1.461538 +0.135248 +0.000010 +0.000906 +0.007207 +32.000000 +0.501373 +0.271933 +0.121338 +0.894644 
  20 +154.000000 +220.000000 +184.000000 +422.000000 +504.000000 +691.000000 -2.812500 -77.911498 +0.036099 +2.704724 +0.515625 +0.481492 +5.500000 +0.100000 +0.000010 +0.000871 +0.005610 +41.000000 +0.615528 +0.262466 +0.128397 +1.006392 
  21 +170.000000 +201.000000 +181.000000 +439.000000 +461.000000 +691.000000 -2.968750 -77.911498 +0.038104 +1.841535 +0.507812 +0.490232 +4.333333 +0.100000 +0.012195 +0.000982 +0.007898 +69.000000 +1.007673 +0.253825 +0.110621 +1.372119 
  22 +185.000000 +237.000000 +170.000000 +410.000000 +476.000000 +667.000000 -2.062500 -77.911498 +0.026472 +1.838583 +0.203125 +0.215248 +1.083333 +0.100000 +0.003841 +0.000961 +0.003276 +59.000000 +0.858871 +0.278981 +0.097519 +1.235371 
  23 +100.000000 +100.000000 +100.000000 +100.000000 +395.000000 +589.000000 -2.289062 -77.911498 +0.029380 +1.514210 +0.234375 +0.238865 +1.578947 +1.043203 +0.289595 +0.000100 +0.009631 +95.000000 +1.336983 +0.159900 +0.103866 +1.600750 
  24 +100.000000 +100.000000 +100.000000 +732.000000 +437.000000 +638.000000 -2.054688 -77.911498 +0.026372 +2.256828 +0.171875 +0.204794 +1.047619 +0.737736 +0.293685 +0.000202 +0.009441 +61.000000 +0.881698 +0.233822 +0.077006 +1.192526 
  25 +141.000000 +181.000000 +234.000000 +428.000000 +469.000000 +690.000000 -1.625000 -77.911498 +0.020857 +2.976378 +0.148438 +0.167405 +0.000000 +0.100000 +0.138569 +0.000766 +0.004578 +51.000000 +0.751098 +0.252253 +0.091755 +1.095107 
  26 +100.000000 +100.000000 +100.000000 +100.000000 +540.000000 +720.000000 -2.101562 -77.911498 +0.026974 +1.446297 +0.179688 +0.176648 +0.000000 +1.175504 +0.518422 +0.000050 +0.009247 +98.000000 +1.391670 +0.190875 +0.093137 +1.675683 
  27 +100.000000 +201.000000 +100.000000 +285.000000 +100.000000 +520.000000 -1.570312 -77.911498 +0.020155 +1.743049 +0.039062 +0.090742 +0.000000 +1.037417 +0.546107 +0.000077 +0.009970 +61.000000 +0.886425 +0.150944 +0.109303 +1.146672 
  28 +195.000000 +213.000000 +206.000000 +415.000000 +451.000000 +628.000000 -2.867188 -77.911498 +0.036801 +2.305057 +0.484375 +0.510840 +7.750000 +0.100000 +0.400823 +0.000864 +0.004964 +37.000000 +0.562185 +0.243632 +0.097009 +0.902826 
  29 +196.000000 +213.000000 +207.000000 +415.000000 +450.000000 +626.000000 -2.828125 -77.911498 +0.036299 +2.206447 +0.507812 +0.483957 +8.125000 +0.100000 +0.377550 +0.001006 +0.006062 +38.000000 +0.579423 +0.253467 +0.084233 +0.917124 
  30 +195.000000 +213.000000 +207.000000 +415.000000 +450.000000 +626.000000 -3.078125 -77.911498 +0.039508 +1.678888 +0.593750 +0.506335 +10.857143 +0.100000 +0.358167 +0.000829 +0.005400 +36.000000 +0.547279 +0.248541 +0.088621 +0.884441 
  31 +199.000000 +213.000000 +208.000000 +417.000000 +446.000000 +616.000000 -2.679688 -77.911498 +0.034394 +3.888718 +0.476562 +0.475742 +7.625000 +0.100000 +0.332411 +0.000924 +0.004883 +38.000000 +0.576480 +0.251639 +0.091912 +0.920031 
  32 +195.000000 +213.000000 +207.000000 +413.000000 +451.000000 +630.000000 -2.945312 -77.911498 +0.037803 +1.485175 +0.500000 +0.510840 +5.818182 +0.100000 +0.330257 +0.000920 +0.005653 +46.000000 +0.685194 +0.263546 +0.102002 +1.050742 
  33 +196.000000 +213.000000 +207.000000 +412.000000 +450.000000 +628.000000 -2.960938 -77.911498 +0.038004 +1.722872 +0.507812 +0.488580 +8.125000 +0.100000 +0.309792 +0.000818 +0.004849 +42.000000 +0.631600 +0.253964 +0.094542 +0.980107 
  34 +197.000000 +213.000000 +208.000000 +410.000000 +448.000000 +626.000000 -3.117188 -77.911498 +0.040009 +2.293246 +0.609375 +0.505175 +11.142857 +0.100000 +0.290838 +0.000741 +0.004040 +43.000000 +0.640675 +0.253107 +0.101535 +0.995318 
  35 +201.000000 +213.000000 +211.000000 +405.000000 +443.000000 +620.000000 -2.906250 -77.911498 +0.037302 +1.991142 +0.515625 +0.482150 +7.333333 +0.100000 +0.274078 +0.000954 +0.005557 +42.000000 +0.628544 +0.251019 +0.121114 +1.000677 
  36 +201.000000 +212.000000 +211.000000 +405.000000 +443.000000 +620.000000 -2.812500 -77.911498 +0.036099 +3.208661 +0.515625 +0.482150 +8.250000 +0.100000 +0.260519 +0.000697 +0.004586 +46.000000 +0.686683 +0.251061 +0.111428 +1.049172 
  37 +199.000000 +212.000000 +208.000000 +411.000000 +446.000000 +624.000000 -3.078125 -77.911498 +0.039508 +1.600148 +0.570312 +0.505175 +6.636364 +0.100000 +0.252193 +0.000886 +0.005897 +44.000000 +0.664702 +0.252323 +0.096334 +1.013359 
  38 +203.000000 +210.000000 +208.000000 +411.000000 +440.000000 +621.000000 -2.851562 -77.911498 +0.036600 +1.859683 +0.460938 +0.474420 +6.555556 +0.100000 +0.238720 +0.000990 +0.005403 +47.000000 +0.710608 +0.251987 +0.122727 +1.085322 
  39 +198.000000 +214.000000 +211.000000 +408.000000 +447.000000 +620.000000 -2.929688 -77.911498 +0.037603 +1.546198 +0.468750 +0.500830 +7.500000 +0.100000 +0.229989 +0.000843 +0.006151 +50.000000 +0.740934 +0.253176 +0.114996 +1.109106 
  40 +196.000000 +216.000000 +213.000000 +405.000000 +448.000000 +617.000000 -2.953125 -77.911498 +0.037904 +2.596211 +0.546875 +0.513445 +10.000000 +0.100000 +0.219021 +0.000769 +0.005960 +44.000000 +0.658677 +0.254618 +0.151266 +1.064561 
  41 +193.000000 +220.000000 +219.000000 +400.000000 +452.000000 +609.000000 -2.984375 -77.911498 +0.038305 +2.787156 +0.578125 +0.539074 +9.250000 +0.100000 +0.208688 +0.000988 +0.006371 +59.000000 +0.862277 +0.275701 +0.117505 +1.255483 
  42 +191.000000 +223.000000 +224.000000 +395.000000 +455.000000 +600.000000 -3.171875 -77.911498 +0.040711 +2.206447 +0.585938 +0.566001 +7.500000 +0.100000 +0.199953 +0.000809 +0.005288 +42.000000 +0.629332 +0.247171 +0.169442 +1.045946 
  43 +188.000000 +231.000000 +235.000000 +385.000000 +462.000000 +580.000000 -3.281250 -77.911498 +0.042115 +1.180118 +0.617188 +0.542683 +9.875000 +0.100000 +0.194018 +0.000745 +0.004775 +43.000000 +0.641833 +0.242641 +0.121262 +1.005737 
  44 +185.000000 +239.000000 +247.000000 +375.000000 +469.000000 +560.000000 -3.109375 -77.911498 +0.039909 +1.798967 +0.523438 +0.506834 +5.583333 +0.100000 +0.183922 +0.000896 +0.004491 +39.000000 +0.592090 +0.250399 +0.141383 +0.983872 
  45 +185.000000 +239.000000 +247.000000 +375.000000 +469.000000 +560.000000 -2.937500 -77.911498 +0.037703 +1.838583 +0.429688 +0.506834 +5.000000 +0.100000 +0.175173 +0.000800 +0.004606 +40.000000 +0.605252 +0.249757 +0.159800 +1.014809 
  46 +186.000000 +236.000000 +242.000000 +379.000000 +466.000000 +572.000000 -3.148438 -77.911498 +0.040410 +2.174643 +0.570312 +0.527533 +6.636364 +0.100000 +0.174123 +0.000938 +0.005028 +33.000000 +0.515501 +0.249305 +0.125883 +0.890690 
  47 +185.000000 +236.000000 +243.000000 +376.000000 +466.000000 +572.000000 -2.968750 -77.911498 +0.038104 +2.723425 +0.468750 +0.527533 +6.000000 +0.100000 +0.163414 +0.000785 +0.005640 +42.000000 +0.633719 +0.251907 +0.128160 +1.013786 
  48 +183.000000 +235.000000 +238.000000 +398.000000 +468.000000 +557.000000 -3.257812 -77.911498 +0.041814 +1.043246 +0.562500 +0.517880 +6.545455 +0.100000 +0.159419 +0.000845 +0.006936 +42.000000 +0.634344 +0.245165 +0.170817 +1.050327 
  49 +180.000000 +236.000000 +238.000000 +408.000000 +470.000000 +544.000000 -3.000000 -77.911498 +0.038505 +1.055118 +0.382812 +0.462444 +3.769231 +0.100000 +0.152146 +0.000679 +0.004809 +42.000000 +0.627121 +0.245228 +0.138084 +1.010434 
  50 +184.000000 +234.000000 +239.000000 +394.000000 +471.000000 +562.000000 -3.164062 -77.911498 +0.040611 +1.098856 +0.468750 +0.511724 +3.529412 +0.100000 +0.149246 +0.000957 +0.006590 +45.000000 +0.679414 +0.265291 +0.139633 +1.084338 
  51 +186.000000 +232.000000 +238.000000 +396.000000 +478.000000 +559.000000 -3.015625 -77.911498 +0.038706 +2.125738 +0.507812 +0.497347 +8.125000 +0.100000 +0.140931 +0.000964 +0.007327 +48.000000 +0.712386 +0.247194 +0.145475 +1.105055 
  52 +174.000000 +244.000000 +243.000000 +393.000000 +447.000000 +560.000000 -3.250000 -77.911498 +0.041714 +0.881890 +0.515625 +0.530609 +4.714286 +0.100000 +0.136539 +0.000741 +0.005099 +50.000000 +0.738307 +0.240842 +0.126071 +1.105220 
  53 +169.000000 +250.000000 +246.000000 +394.000000 +437.000000 +554.000000 -3.148438 -77.911498 +0.040410 +0.993541 +0.484375 +0.516943 +6.888889 +0.100000 +0.130281 +0.000897 +0.004280 +47.000000 +0.703043 +0.237880 +0.114349 +1.055272 
  54 +168.000000 +250.000000 +247.000000 +394.000000 +436.000000 +554.000000 -3.156250 -77.911498 +0.040511 +1.077756 +0.500000 +0.516943 +4.266667 +0.100000 +0.124634 +0.000978 +0.005235 +47.000000 +0.716339 +0.246042 +0.218004 +1.180386 
  55 +168.000000 +250.000000 +247.000000 +394.000000 +435.000000 +553.000000 -3.265625 -77.911498 +0.041915 +1.046998 +0.523438 +0.516944 +4.785714 +0.100000 +0.118490 +0.000880 +0.005129 +60.000000 +0.903762 +0.239568 +0.147725 +1.291055 
  56 +165.000000 +253.000000 +249.000000 +395.000000 +430.000000 +549.000000 -3.085938 -77.911498 +0.039608 +1.323265 +0.484375 +0.505735 +3.444444 +0.100000 +0.111551 +0.000898 +0.004776 +55.000000 +0.808404 +0.239403 +0.139289 +1.187096 
  57 +167.000000 +250.000000 +247.000000 +394.000000 +435.000000 +554.000000 -3.218750 -77.911498 +0.041313 +2.376969 +0.578125 +0.532547 +4.933333 +0.100000 +0.108004 +0.000778 +0.005408 +63.000000 +0.911862 +0.238674 +0.169803 +1.320339 
  58 +165.000000 +250.000000 +248.000000 +394.000000 +432.000000 +553.000000 -3.101562 -77.911498 +0.039809 +1.839998 +0.523438 +0.515154 +4.785714 +0.100000 +0.101627 +0.000821 +0.004527 +69.000000 +1.000418 +0.241813 +0.136691 +1.378923 
  59 +166.000000 +251.000000 +246.000000 +394.000000 +436.000000 +556.000000 -3.054688 -77.911498 +0.039207 +1.847379 +0.500000 +0.536205 +5.333333 +0.100000 +0.097730 +0.000912 +0.005997 +68.000000 +0.983190 +0.258126 +0.134541 +1.375857 
  60 +179.000000 +234.000000 +250.000000 +390.000000 +430.000000 +544.000000 -3.148438 -77.911498 +0.040410 +1.371494 +0.554688 +0.488793 +7.100000 +0.100000 +0.095400 +0.000924 +0.005476 +64.000000 +0.937811 +0.241813 +0.126139 +1.305764 
  61 +100.000000 +1499.000000 +102.000000 +1499.000000 +100.000000 +1499.000000 -1.500000 -77.911498 +0.019253 +1.118110 +0.015625 +0.015176 +0.000000 +0.100000 +0.091616 +0.000000 +0.007755 +92.000000 +1.314473 +0.507496 +0.154159 +1.976129 
  62 +173.000000 +227.000000 +245.000000 +387.000000 +431.000000 +547.000000 -3.289062 -77.911498 +0.042215 +1.120509 +0.617188 +0.552914 +11.285714 +0.100000 +0.075388 +0.000860 +0.005581 +86.000000 +1.227347 +0.234985 +0.145272 +1.607604 
  63 +1497.000000 +100.000000 +1499.000000 +100.000000 +100.000000 +1495.000000 -2.546875 -77.911498 +0.032689 +0.769439 +0.132812 +0.140679 +0.000000 +0.100000 +0.071466 +0.000000 +0.009262 +95.000000 +1.350228 +0.533251 +0.149519 +2.032999 
  64 +174.000000 +218.000000 +246.000000 +383.000000 +426.000000 +538.000000 -3.218750 -77.911498 +0.041313 +1.463583 +0.609375 +0.565154 +9.750000 +0.100000 +0.074306 +0.000789 +0.003465 +68.000000 +0.991335 +0.238188 +0.127293 +1.356816 
  65 +948.000000 +1499.000000 +1499.000000 +1499.000000 +100.000000 +1499.000000 -2.039062 -77.911498 +0.026172 +2.478777 +0.195312 +0.168425 +1.315789 +0.100000 +0.070208 +0.000000 +0.009896 +117.000000 +1.660070 +0.818994 +0.149895 +2.628959 
  66 +174.000000 +215.000000 +246.000000 +382.000000 +425.000000 +536.000000 -2.984375 -77.911498 +0.038305 +1.984006 +0.546875 +0.566973 +7.777778 +0.100000 +0.067779 +0.000749 +0.004074 +56.000000 +0.820003 +0.235469 +0.145237 +1.200710 
  67 +1499.000000 +106.000000 +102.000000 +100.000000 +1498.000000 +100.000000 -0.859375 -77.911498 +0.011030 +0.421014 +0.000000 +0.000276 +0.000000 +0.100000 +0.069796 +0.000000 +0.009915 +102.000000 +1.459637 +0.384057 +0.150110 +1.993804 
  68 +154.000000 +230.000000 +234.000000 +386.000000 +438.000000 +561.000000 -3.164062 -77.911498 +0.040611 +1.933501 +0.640625 +0.589502 +10.250000 +0.100000 +0.039838 +0.000803 +0.003431 +75.000000 +1.091804 +0.237209 +0.159368 +1.488382 
  69 +160.000000 +230.000000 +242.000000 +381.000000 +433.000000 +568.000000 -3.046875 -77.911498 +0.039107 +2.722195 +0.617188 +0.611205 +8.777778 +0.100000 +0.037059 +0.000891 +0.004628 +82.000000 +1.180029 +0.240272 +0.150478 +1.570779 
  70 +188.000000 +247.000000 +261.000000 +413.000000 +423.000000 +517.000000 -2.148438 -77.911498 +0.027575 +1.859683 +0.195312 +0.208222 +1.086957 +0.100000 +0.036408 +0.000931 +0.008002 +64.000000 +0.936357 +0.245253 +0.150794 +1.332404 
  71 +103.000000 +1498.000000 +100.000000 +101.000000 +1499.000000 +100.000000 -2.164062 -77.911498 +0.027776 +1.791769 +0.140625 +0.152211 +0.000000 +0.100000 +0.066358 +0.000000 +0.009830 +84.000000 +1.202755 +0.409088 +0.176952 +1.788796 
  72 +100.000000 +1499.000000 +100.000000 +765.000000 +1499.000000 +1499.000000 -1.468750 -77.911498 +0.018852 +1.542323 +0.031250 +0.035909 +0.000000 +0.100000 +0.066371 +0.000000 +0.009859 +83.000000 +1.192474 +0.598698 +0.163176 +1.954348 
  73 +1499.000000 +1499.000000 +100.000000 +1498.000000 +1498.000000 +100.000000 -1.367188 -77.911498 +0.017548 +1.368049 +0.000000 +0.002297 +0.000000 +0.100000 +0.055796 +0.000000 +0.009733 +92.000000 +1.341438 +0.749378 +0.186472 +2.277288 
  74 +1499.000000 +1499.000000 +1498.000000 +100.000000 +1497.000000 +100.000000 -1.718750 -77.911498 +0.022060 +1.085630 +0.000000 +0.004128 +0.000000 +0.100000 +0.044771 +0.000000 +0.009679 +118.000000 +1.661119 +0.759913 +0.191695 +2.612727 
  75 +1499.000000 +100.000000 +100.000000 +1499.000000 +100.000000 +608.000000 -1.781250 -77.911498 +0.022862 +0.660433 +0.007812 +0.006371 +0.000000 +0.100000 +0.040662 +0.000000 +0.009522 +116.000000 +1.629000 +0.432675 +0.211392 +2.273067 
  76 +101.000000 +100.000000 +1499.000000 +1497.000000 +100.000000 +1497.000000 -1.750000 -77.911498 +0.022461 +0.677165 +0.007812 +0.009958 +0.000000 +0.100000 +0.037704 +0.000000 +0.009683 +105.000000 +1.525834 +0.534101 +0.188742 +2.248677 
  77 +1499.000000 +1499.000000 +1498.000000 +1495.000000 +1499.000000 +1499.000000 -1.664062 -77.911498 +0.021358 +1.342950 +0.046875 +0.039050 +0.000000 +0.100000 +0.034661 +0.000000 +0.009638 +101.000000 +1.425953 +1.043398 +0.167793 +2.637144 
  78 +854.000000 +100.000000 +100.000000 +100.000000 +1499.000000 +1499.000000 -1.734375 -77.911498 +0.022261 +1.456447 +0.046875 +0.041607 +0.000000 +0.100000 +0.030924 +0.000000 +0.009895 +100.000000 +1.420016 +0.505537 +0.199908 +2.125462 
  79 +100.000000 +918.000000 +1499.000000 +100.000000 +100.000000 +1499.000000 -1.789062 -77.911498 +0.022963 +1.207124 +0.070312 +0.044535 +0.000000 +0.100000 +0.028289 +0.000000 +0.009662 +125.000000 +1.791780 +0.490649 +0.181682 +2.464112 
  80 +1499.000000 +100.000000 +1499.000000 +1498.000000 +101.000000 +1499.000000 -1.921875 -77.911498 +0.024667 +1.269439 +0.000000 +0.014807 +0.000000 +0.100000 +0.026407 +0.000000 +0.009911 +102.000000 +1.472760 +0.695796 +0.175790 +2.344346 
  81 +1499.000000 +100.000000 +1499.000000 +100.000000 +1092.000000 +100.000000 -0.585938 -77.911498 +0.007521 +0.685470 +0.000000 +0.000596 +0.000000 +0.100000 +0.025781 +0.000000 +0.009955 +96.000000 +1.359207 +0.524151 +0.179970 +2.063328 
  82 +1497.000000 +100.000000 +1108.000000 +100.000000 +100.000000 +1326.000000 -1.390625 -77.911498 +0.017849 +1.594242 +0.046875 +0.072305 +0.000000 +0.100000 +0.007892 +0.000000 +0.022525 +300.000000 +4.142421 +0.471052 +0.157372 +4.770846 
  83 +695.000000 +1499.000000 +100.000000 +1499.000000 +100.000000 +100.000000 -2.210938 -77.911498 +0.028378 +3.915785 +0.312500 +0.303136 +4.000000 +0.100000 +0.003641 +0.000000 +0.009881 +103.000000 +1.480460 +0.445490 +0.208169 +2.134120 
  84 +1499.000000 +1494.000000 +100.000000 +1499.000000 +1497.000000 +1499.000000 -1.710938 -77.911498 +0.021960 +2.632320 +0.179688 +0.189054 +0.000000 +0.100000 +0.004861 +0.000000 +0.009821 +91.000000 +1.304444 +0.853794 +0.186301 +2.344539 
  85 +1499.000000 +1499.000000 +103.000000 +1499.000000 +100.000000 +1499.000000 -1.726562 -77.911498 +0.022161 +3.901021 +0.187500 +0.194551 +0.000000 +0.100000 +0.003590 +0.000000 +0.009121 +92.000000 +1.315204 +0.734475 +0.194838 +2.244518 
  86 +100.000000 +107.000000 +103.000000 +1498.000000 +1499.000000 +100.000000 -1.101562 -77.911498 +0.014139 +1.257320 +0.023438 +0.021823 +0.000000 +0.100000 +0.002525 +0.000000 +0.009417 +103.000000 +1.470622 +0.378883 +0.135715 +1.985220 
  87 +1499.000000 +1499.000000 +100.000000 +100.000000 +1498.000000 +100.000000 -1.773438 -77.911498 +0.022762 +3.294722 +0.140625 +0.148454 +0.000000 +0.100000 +0.000010 +0.000000 +0.009816 +128.000000 +1.840286 +0.565292 +0.171664 +2.577243 
  88 +100.000000 +100.000000 +899.000000 +100.000000 +1499.000000 +100.000000 -1.281250 -77.911498 +0.016445 +0.691929 +0.000000 +0.001287 +0.000000 +0.100000 +0.000010 +0.000000 +0.009892 +106.000000 +1.505431 +0.319538 +0.158715 +1.983684 
  89 +100.000000 +1499.000000 +1498.000000 +1499.000000 +1498.000000 +1498.000000 -1.257812 -77.911498 +0.016144 +1.562931 +0.015625 +0.021413 +0.000000 +0.100000 +0.000010 +0.000000 +0.009761 +82.000000 +1.173383 +0.902636 +0.148955 +2.224974 
  90 +1477.000000 +321.000000 +1500.000000 +164.000000 +171.000000 +1500.000000 -1.351562 -77.911498 +0.017347 +1.017163 +0.007812 +0.003872 +0.000000 +0.100000 +0.000010 +0.000000 +0.009261 +285.000000 +3.946891 +0.616394 +0.117882 +4.681167 
  91 +1499.000000 +1498.000000 +1499.000000 +100.000000 +1498.000000 +1498.000000 -1.843750 -77.911498 +0.023665 +1.991142 +0.171875 +0.194476 +1.375000 +0.100000 +0.000010 +0.000000 +0.008831 +104.000000 +1.470340 +0.892337 +0.171040 +2.533717 
  92 +166.000000 +271.000000 +158.000000 +470.000000 +547.000000 +796.000000 -2.296875 -77.911498 +0.029481 +2.997785 +0.250000 +0.262280 +1.882353 +0.100000 +0.000010 +0.000732 +0.007157 +117.000000 +1.657868 +0.315262 +0.165766 +2.138897 
  93 +100.000000 +1499.000000 +1499.000000 +100.000000 +1499.000000 +100.000000 -2.140625 -77.911498 +0.027475 +1.098179 +0.031250 +0.034682 +0.000000 +0.100000 +0.000010 +0.000000 +0.002055 +148.000000 +2.071545 +0.549693 +0.117347 +2.738585 
  94 +1499.000000 +405.000000 +100.000000 +100.000000 +100.000000 +100.000000 -2.468750 -77.911498 +0.031687 +2.613189 +0.335938 +0.299355 +2.529412 +0.100000 +0.000010 +0.000000 +0.009710 +159.000000 +2.225390 +0.270962 +0.161782 +2.658134 
  95 +153.000000 +233.000000 +227.000000 +374.000000 +445.000000 +567.000000 -2.773438 -77.911498 +0.035597 +2.948265 +0.546875 +0.550060 +7.000000 +0.100000 +0.000010 +0.000904 +0.002864 +188.000000 +2.619932 +0.239809 +0.242660 +3.102401 
  96 +1496.000000 +104.000000 +209.000000 +127.000000 +100.000000 +107.000000 -0.523438 -77.911498 +0.006718 +1.180549 +0.046875 +0.029584 +0.000000 +0.100000 +0.000816 +0.000000 +0.050497 +300.000000 +4.150525 +0.239473 +0.141196 +4.531194 
  97 +1500.000000 +605.000000 +100.000000 +100.000000 +100.000000 +100.000000 -2.117188 -77.911498 +0.027174 +1.600332 +0.195312 +0.154249 +0.000000 +0.100000 +0.000010 +0.000475 +0.009994 +101.000000 +1.430739 +0.285374 +0.132704 +1.848817 
  98 +475.000000 +100.000000 +735.000000 +1499.000000 +100.000000 +100.000000 -2.328125 -77.911498 +0.029882 +2.033219 +0.101562 +0.072113 +0.000000 +0.100000 +0.000010 +0.000000 +0.009529 +107.000000 +1.522443 +0.341161 +0.138637 +2.002241 
  99 +100.000000 +1499.000000 +101.000000 +1499.000000 +1499.000000 +100.000000 -2.023438 -77.911498 +0.025971 +2.904958 +0.164062 +0.104498 +1.105263 +0.100000 +0.000010 +0.000000 +0.009997 +109.000000 +1.553113 +0.536701 +0.130957 +2.220771 
 100 +102.000000 +1499.000000 +1499.000000 +100.000000 +100.000000 +100.000000 -2.117188 -77.911498 +0.027174 +1.001907 +0.023438 +0.034698 +0.000000 +0.100000 +0.000010 +0.000000 +0.007165 +133.000000 +1.869803 +0.373179 +0.195008 +2.437990 
 101 +1499.000000 +1496.000000 +1499.000000 +1499.000000 +1499.000000 +100.000000 -1.171875 -77.911498 +0.015041 +1.009596 +0.015625 +0.023903 +0.000000 +0.100000 +0.000010 +0.000000 +0.009561 +139.000000 +1.957244 +0.883724 +0.197923 +3.038891 
 102 +100.000000 +1499.000000 +1497.000000 +1499.000000 +100.000000 +102.000000 -1.843750 -77.911498 +0.023665 +2.085630 +0.132812 +0.145295 +0.000000 +0.100000 +0.000010 +0.000000 +0.008448 +120.000000 +1.697337 +0.575164 +0.158429 +2.430931 
 103 +1497.000000 +100.000000 +100.000000 +1499.000000 +1497.000000 +100.000000 -1.773438 -77.911498 +0.022762 +1.152990 +0.023438 +0.024534 +0.000000 +0.100000 +0.000010 +0.000000 +0.009263 +101.000000 +1.435823 +0.530734 +0.116252 +2.082810 
 104 +100.000000 +1499.000000 +1498.000000 +100.000000 +1499.000000 +1499.000000 -2.218750 -77.911498 +0.028478 +2.266732 +0.289062 +0.289350 +1.423077 +0.100000 +0.000010 +0.000000 +0.007284 +116.000000 +1.644388 +0.697667 +0.136993 +2.479048 
 105 +964.000000 +903.000000 +100.000000 +839.000000 +839.000000 +100.000000 -1.843750 -77.911498 +0.023665 +1.817913 +0.109375 +0.104058 +0.000000 +0.100000 +0.000010 +0.000000 +0.009548 +90.000000 +1.289826 +0.427984 +0.170899 +1.888710 
 106 +170.000000 +228.000000 +260.000000 +385.000000 +440.000000 +582.000000 -2.679688 -77.911498 +0.034394 +2.266671 +0.382812 +0.416687 +2.722222 +0.100000 +0.000010 +0.000927 +0.002563 +122.000000 +1.745355 +0.241731 +0.258492 +2.245578 
 107 +1499.000000 +100.000000 +1494.000000 +100.000000 +1499.000000 +1499.000000 -2.453125 -77.911498 +0.031486 +0.816683 +0.078125 +0.130449 +0.000000 +0.100000 +0.002511 +0.000000 +0.009927 +134.000000 +1.889619 +0.711968 +0.228917 +2.830504 
 108 +1496.000000 +103.000000 +1233.000000 +138.000000 +1499.000000 +1492.000000 -2.523438 -77.911498 +0.032389 +2.156927 +0.335938 +0.329012 +2.150000 +0.100000 +0.003782 +0.000000 +0.032530 +300.000000 +4.165974 +0.688807 +0.250335 +5.105117 
 109 +1499.000000 +101.000000 +1333.000000 +307.000000 +1469.000000 +1431.000000 -1.398438 -77.911498 +0.017949 +0.981730 +0.031250 +0.063732 +0.000000 +0.100000 +0.005020 +0.000000 +0.022979 +300.000000 +4.172966 +0.715300 +0.224190 +5.112456 
  62 +173.000000 +227.000000 +245.000000 +387.000000 +431.000000 +547.000000 -3.289062 -77.911498 +0.042215 +1.120509 +0.617188 +0.552914 +11.285714 +0.100000 +0.075388 +0.000860 +0.005581 +86.000000 +1.227347 +0.234985 +0.145272 +1.607604 
