# iter                                                   point                                                  energy   fidelity  variance  corr_length const_kernel std_energies average_distances nit time_opt_bayes time_qaoa time_opt_kernel time_step 
   0 +2.00000000 +2.00000000 +1.00000000 +2.00000000 +1.00000000 +0.00000000 +1.00000000 +1.00000000 +0.00000000 +0.00000000 -4.84838086 +0.10708170 +4.14216726 +3.54284232 +10.92343627 +0.00000000 +0.00000000        0 +0.00000000 +0.00000000 +0.00000000 +0.00000000 
   1 +1.00000000 +2.00000000 +2.00000000 +1.00000000 +1.00000000 +3.00000000 +0.00000000 +2.00000000 +1.00000000 +1.00000000 -4.85215112 +0.18898731 +5.65202590 +3.54284232 +10.92343627 +0.00000000 +0.00000000        0 +0.00000000 +0.00000000 +0.00000000 +0.00000000 
   2 +0.00000000 +1.00000000 +1.00000000 +1.00000000 +0.00000000 +0.00000000 +1.00000000 +1.00000000 +1.00000000 +0.00000000 -5.13523398 +0.15570665 +3.78672253 +3.54284232 +10.92343627 +0.00000000 +0.00000000        0 +0.00000000 +0.00000000 +0.00000000 +0.00000000 
   3 +0.00000000 +2.00000000 +2.00000000 +2.00000000 +0.00000000 +2.00000000 +1.00000000 +2.00000000 +1.00000000 +0.00000000 -4.27052063 +0.14215203 +4.96771371 +3.54284232 +10.92343627 +0.00000000 +0.00000000        0 +0.00000000 +0.00000000 +0.00000000 +0.00000000 
   4 +1.00000000 +0.00000000 +0.00000000 +1.00000000 +0.00000000 +2.00000000 +2.00000000 +0.00000000 +0.00000000 +0.00000000 -5.09313568 +0.06709435 +2.61506232 +3.54284232 +10.92343627 +0.00000000 +0.00000000        0 +0.00000000 +0.00000000 +0.00000000 +0.00000000 
   5 +1.00000000 +1.00000000 +0.00000000 +0.00000000 +1.00000000 +1.00000000 +2.00000000 +2.00000000 +3.00000000 +2.00000000 -4.99876513 +0.13333175 +3.70844732 +3.54284232 +10.92343627 +0.00000000 +0.00000000        0 +0.00000000 +0.00000000 +0.00000000 +0.00000000 
   6 +0.00000000 +0.00000000 +2.00000000 +2.00000000 +2.00000000 +1.00000000 +0.00000000 +2.00000000 +2.00000000 +1.00000000 -2.04148162 +0.03556948 +6.08369738 +3.54284232 +10.92343627 +0.00000000 +0.00000000        0 +0.00000000 +0.00000000 +0.00000000 +0.00000000 
   7 +2.00000000 +1.00000000 +0.00000000 +2.00000000 +2.00000000 +0.00000000 +1.00000000 +0.00000000 +0.00000000 +2.00000000 -4.86005766 +0.36731946 +13.05993778 +3.54284232 +10.92343627 +0.00000000 +0.00000000        0 +0.00000000 +0.00000000 +0.00000000 +0.00000000 
   8 +2.00000000 +3.00000000 +1.00000000 +0.00000000 +1.00000000 +0.00000000 +0.00000000 +0.00000000 +2.00000000 +2.00000000 -4.68462141 +0.10749718 +4.17256493 +3.54284232 +10.92343627 +0.00000000 +0.00000000        0 +0.00000000 +0.00000000 +0.00000000 +0.00000000 
   9 +2.00000000 +0.00000000 +1.00000000 +0.00000000 +2.00000000 +2.00000000 +2.00000000 +1.00000000 +1.00000000 +2.00000000 -5.46784886 +0.31308834 +8.93222575 +3.54284232 +10.92343627 +0.00000000 +0.00000000        0 +0.00000000 +0.00000000 +0.00000000 +0.00000000 
  10 +1.85768968 +2.12036620 +0.12709769 +0.01000000 +0.01000000 +1.56483331 +2.36750369 +1.30454410 +0.01000000 +1.78640278 -4.20748743 +0.26370600 +12.53730743 +3.54284232 +10.92343627 +0.00001998 +0.00971565      100 +2.56163883 +0.00000000 +0.02900720 +2.59064603 
  11 +1.91195031 +0.67198946 +0.51516981 +0.01000000 +1.32199825 +1.58610538 +1.51317496 +0.07019309 +1.34555529 +0.75082027 -3.78061979 +0.03849287 +3.12798635 +2.51144044 +8.34573409 +0.00003076 +0.00989077       88 +2.27475190 +0.00000119 +0.02554011 +2.30029321 
  12 +1.81135472 +0.01000000 +1.03355946 +0.10222628 +1.81060965 +2.09109988 +2.17544142 +1.63513212 +0.57977751 +2.91552402 -4.60926115 +0.39871660 +15.55532895 +2.12691680 +9.56012574 +0.00005569 +0.00975207       55 +1.51427221 +0.00000095 +0.01881599 +1.53308916 
  13 +0.45435245 +1.02796366 +0.40718898 +1.26422582 +0.01000000 +0.37184615 +1.46270558 +0.89200050 +0.07145077 +0.48699559 -4.82888254 +0.05917549 +4.05457992 +1.78511125 +8.18561486 +0.00004078 +0.00963362       85 +2.27170610 +0.00000000 +0.01975608 +2.29146314 
  14 +2.11417951 +0.01000000 +1.04235577 +0.06795623 +2.11340505 +2.04437492 +2.13255776 +1.08510851 +1.02630359 +1.90216107 -4.44438850 +0.25085389 +10.27747520 +1.84235303 +8.32980500 +0.00015089 +0.00995707       62 +1.68927574 +0.00000000 +0.01767921 +1.70695591 
  15 +1.39011144 +0.06475984 +0.81426374 +0.01000000 +1.38121464 +1.73922244 +1.31559432 +0.69603326 +0.87969652 +2.43913883 -4.33698293 +0.12775342 +4.96046482 +1.21148338 +8.88997053 +0.00010466 +0.00977278       63 +1.70896196 +0.00000000 +0.01795316 +1.72691607 
  16 +1.13147262 +1.95060835 +0.92254889 +0.99503624 +0.58427331 +0.73482345 +0.91350742 +1.22936849 +1.05182529 +0.85588719 -4.86751484 +0.21862330 +7.27886255 +0.96590933 +8.67956399 +0.00005645 +0.00998619       53 +1.47089386 +0.00000000 +0.02112627 +1.49202013 
  17 +0.38526022 +1.13302800 +0.92167592 +1.02575892 +0.03164837 +0.40446093 +1.15594953 +0.94361190 +0.93479138 +0.01000000 -5.75200794 +0.39979667 +10.10188809 +1.00918307 +8.51736377 +0.00008471 +0.00961554       82 +2.19499993 +0.00000119 +0.02313995 +2.21814203 
  18 +0.59801409 +1.13247668 +0.93099147 +1.02294312 +0.01000000 +0.72928607 +1.27912888 +0.87890178 +0.98058946 +0.01000000 -4.61000232 +0.12153552 +4.21198791 +1.00140872 +8.29881312 +0.00033390 +0.00998386       72 +1.90864992 +0.00000095 +0.01830602 +1.92695689 
  19 +0.40182809 +1.32958120 +0.82205858 +1.05540924 +0.22217858 +0.18437584 +1.01320663 +1.04137149 +0.77360223 +0.01236417 -4.82423720 +0.11281593 +4.90349654 +0.85188809 +9.15922026 +0.00031318 +0.00999475       71 +1.91143012 +0.00000119 +0.01706600 +1.92849827 
  20 +1.88579316 +1.58822038 +0.60067145 +1.49266245 +1.26967300 +0.36127002 +1.09669894 +0.66257811 +0.37821265 +1.54802920 -4.16312897 +0.16673224 +7.09408785 +0.79236614 +9.36639775 +0.00010961 +0.00922442       63 +1.73963904 +0.00000000 +0.02232885 +1.76196790 
  21 +1.82252393 +0.05855333 +0.88058721 +0.01000000 +1.79922753 +1.91800692 +1.87788549 +0.95339214 +0.95331442 +2.13379420 -4.99079126 +0.04161779 +4.76783619 +0.80398364 +9.29493161 +0.00049262 +0.00994827       89 +2.35027099 +0.00000000 +0.01772594 +2.36799788 
  22 +1.00068978 +1.20580463 +0.27866311 +0.01000000 +0.85148274 +0.97796185 +1.68941898 +1.81390430 +2.59625284 +1.95287123 -4.98775928 +0.06578746 +1.59542281 +0.78156619 +9.81396488 +0.00018013 +0.00915220       63 +1.72407603 +0.00000000 +0.01972723 +1.74380326 
  23 +0.24608587 +1.00653080 +0.97452663 +1.02540479 +0.01000000 +0.35007308 +1.18244561 +0.92615641 +0.95801437 +0.14085440 -4.63135788 +0.27277454 +10.73525268 +0.79870202 +9.52426115 +0.00062528 +0.00999489       79 +2.08995390 +0.00000000 +0.01998091 +2.10993481 
  24 +1.39449012 +2.23420782 +0.95064196 +0.84697063 +0.52351428 +1.05124796 +0.64910420 +1.39401258 +1.15210612 +0.85165937 -2.57740982 +0.13930177 +10.18355794 +0.68203632 +11.07651396 +0.00015753 +0.00924284       58 +1.65688324 +0.00000072 +0.02044797 +1.67733192 
  25 +1.06614242 +1.82754468 +0.85297654 +1.13251151 +0.65556368 +0.49497679 +1.18086247 +1.10276243 +0.99258049 +0.88178505 -4.68007999 +0.11870518 +5.64515407 +0.61567138 +11.22197693 +0.00053851 +0.00936827       47 +1.34720397 +0.00000000 +0.02021194 +1.36741710 
  26 +0.72328742 +1.05160625 +0.33813316 +1.24952053 +0.01000000 +0.51418830 +1.33799083 +0.82898125 +0.11465650 +0.01000000 -4.38132684 +0.16851230 +10.15205716 +0.62126321 +11.07326727 +0.00042873 +0.00966050      104 +2.66272092 +0.00000119 +0.01763082 +2.68035293 
  27 +0.87872907 +1.76319165 +1.06868606 +1.04140815 +0.58216033 +0.69075233 +0.88049680 +1.21349697 +0.95090198 +0.85276290 -4.46082559 +0.14259081 +5.36634747 +0.62122092 +10.79167256 +0.00034191 +0.00881009       67 +1.81536508 +0.00000095 +0.01835084 +1.83371687 
  28 +1.97438858 +0.01000000 +1.11350575 +0.01000000 +2.01066804 +2.01588381 +1.82063126 +0.90332836 +0.97754479 +2.08995531 -5.59306784 +0.27076976 +6.81386221 +0.62766657 +10.66309897 +0.00098000 +0.00853910       92 +2.37767291 +0.00000000 +0.02249503 +2.40016890 
  29 +1.10338805 +1.01771092 +0.06171186 +0.01000000 +1.06967371 +0.97640917 +1.91486563 +1.74395241 +2.61613088 +1.99249101 -4.90527595 +0.12307342 +3.79240391 +0.63692759 +10.45318600 +0.00025551 +0.00977312       71 +1.89337587 +0.00000000 +0.01945877 +1.91283584 
  30 +0.42638011 +1.24607089 +0.87992171 +0.99714934 +0.01000000 +0.34554781 +1.09800681 +0.98195935 +1.02858064 +0.01000000 -5.34978989 +0.29611470 +8.45214877 +0.64572088 +10.23892741 +0.00090100 +0.00683250       94 +2.42676115 +0.00000095 +0.01967406 +2.44643712 
  31 +0.39431507 +1.15914289 +0.94091047 +1.04419634 +0.01000000 +0.40280151 +1.13485631 +0.95820414 +0.83996133 +0.01000000 -5.88093896 +0.43649094 +10.50668133 +0.63798653 +9.96426693 +0.00095613 +0.00566189       90 +2.38529086 +0.00000119 +0.01938510 +2.40467811 
  32 +0.39526141 +1.18138084 +1.00167835 +1.06200454 +0.01000000 +0.41280465 +1.11336306 +0.97327842 +0.74542752 +0.01000000 -6.18752379 +0.49589315 +10.35299469 +0.63313906 +10.00781285 +0.00095827 +0.00573831       85 +2.32189679 +0.00000000 +0.02251697 +2.34441495 
  33 +0.37825923 +1.24221833 +1.24162725 +1.10276281 +0.01000000 +0.43895522 +1.06854316 +1.01275344 +0.53239975 +0.01000000 -6.40141453 +0.49660319 +8.64939527 +0.64004368 +10.18995667 +0.00094603 +0.00841055       85 +2.64718103 +0.00000119 +0.01998782 +2.66717005 
  34 +0.37635078 +1.24754392 +1.25987913 +1.10539646 +0.01000000 +0.43886684 +1.06753867 +1.01480658 +0.51618854 +0.01000000 -6.38224891 +0.48680497 +8.50273437 +0.64947264 +10.09939597 +0.00098308 +0.00945761       75 +2.04818416 +0.00000000 +0.02291489 +2.07109904 
  35 +0.38112223 +1.23629024 +1.24251690 +1.09927679 +0.01000000 +0.44070624 +1.05295737 +1.01165520 +0.53813409 +0.01000000 -6.40197360 +0.50253695 +8.79501357 +0.64989118 +10.08000148 +0.00063604 +0.00984298      119 +3.04165101 +0.00000000 +0.02347612 +3.06512809 
  36 +0.38267872 +1.23300267 +1.24371831 +1.09820304 +0.01000000 +0.44115423 +1.04546555 +1.01045158 +0.53878979 +0.01000000 -6.39393240 +0.50343173 +8.86745521 +0.65124373 +10.05559154 +0.00096618 +0.00748675      107 +2.72557902 +0.00000000 +0.02331710 +2.74889612 
  37 +0.37997289 +1.23444106 +1.24221312 +1.08398882 +0.01000000 +0.44243923 +1.05563553 +1.02180247 +0.53472060 +0.01000000 -6.52617904 +0.53516344 +8.86672051 +0.65247336 +10.03207077 +0.00092427 +0.00997123       76 +2.15966487 +0.00000000 +0.02714324 +2.18680811 
  38 +0.37578390 +1.20595652 +1.25434328 +0.96210410 +0.01000000 +0.46243135 +1.04467183 +1.10423083 +0.50032706 +0.01000000 -7.27703872 +0.69465297 +7.37717718 +0.65235832 +10.04962107 +0.00100388 +0.00849861      107 +2.73250699 +0.00000000 +0.02635598 +2.75886416 
  39 +0.36105759 +1.11695615 +1.30877053 +0.60313869 +0.01000000 +0.51956894 +1.05065128 +1.36695895 +0.33570655 +0.01000000 -5.53977215 +0.04438387 +1.82097261 +0.64249996 +10.86711819 +0.00065891 +0.00946489       77 +2.03435588 +0.00000000 +0.01983190 +2.05418873 
  40 +3.14159265 +3.14159265 +3.14159265 +3.14159265 +3.14159265 +3.14159265 +3.14159265 +3.14159265 +3.14159265 +3.14159265 -4.50000000 +0.03125000 +2.25000000 +0.55022172 +10.18649235 +0.00074871 +0.00934019      160 +3.99893403 +0.00000072 +0.01976824 +4.01870394 
  41 +1.25024220 +1.82437862 +0.87684535 +0.92200958 +0.63388992 +0.67557792 +1.20435532 +1.19629330 +0.75204499 +0.80741328 -3.71478666 +0.06012407 +4.53893134 +0.56011216 +10.66082250 +0.00092451 +0.00811478       88 +2.31450224 +0.00000095 +0.02283597 +2.33733916 
  42 +1.08260977 +1.98539498 +0.81988389 +1.17347525 +0.73616529 +0.52159839 +0.94678680 +1.09860682 +1.35009877 +1.05337645 -3.83341615 +0.00548281 +2.60494763 +0.55912374 +10.80456659 +0.00083382 +0.00754953       84 +2.20108128 +0.00000000 +0.02217984 +2.22326112 
  43 +0.36082931 +1.19033877 +1.23609219 +0.90431367 +0.01000000 +0.47987560 +1.02226586 +1.14613067 +0.52281929 +0.01000000 -7.16771597 +0.62521718 +6.40742999 +0.54540911 +10.65951908 +0.00084041 +0.00475386      118 +3.01546288 +0.00000000 +0.01905107 +3.03451490 
  44 +1.04313813 +1.97104600 +0.97621776 +1.25511766 +0.38643621 +0.57682347 +1.01771233 +1.26223851 +1.00480238 +0.65817801 -5.02051380 +0.13143971 +5.38835047 +0.55170119 +10.57127599 +0.00091599 +0.00926233       83 +2.18042541 +0.00000000 +0.02009273 +2.20051932 
  45 +0.40462641 +1.18136734 +1.25707848 +0.90911864 +0.01000000 +0.44160563 +1.05248418 +1.13603090 +0.50298971 +0.01000000 -7.41317397 +0.66240637 +5.50329608 +0.55755924 +10.44079787 +0.00093691 +0.00448950      128 +3.32194805 +0.00000119 +0.02305889 +3.34500909 
  46 +0.45918508 +1.15683264 +1.27291873 +0.89369926 +0.01000000 +0.39349015 +1.07354781 +1.13961684 +0.51049679 +0.01000000 -7.34878468 +0.61308397 +4.81111884 +0.55131976 +10.49806615 +0.00070005 +0.00449708       88 +2.30616021 +0.00000095 +0.02165008 +2.32781219 
  47 +0.43573385 +1.17784807 +1.26431051 +0.87528289 +0.01000000 +0.40701485 +1.07395451 +1.11159606 +0.49871168 +0.01000000 -7.19966011 +0.59484658 +5.20452186 +0.55334190 +10.39352482 +0.00097036 +0.00409781      103 +2.64422107 +0.00000000 +0.02374101 +2.66796303 
  48 +0.44904897 +1.13709920 +1.26914764 +0.95206149 +0.01000000 +0.42070542 +1.05596952 +1.20903655 +0.51828425 +0.01000000 -7.53091813 +0.64940728 +4.60524530 +0.55565078 +10.33515587 +0.00096704 +0.00451642       99 +2.60733008 +0.00000119 +0.02498889 +2.63232017 
  49 +0.46474343 +1.11650338 +1.27128465 +0.98093808 +0.01000000 +0.41664907 +1.05598529 +1.25150566 +0.52502044 +0.01000000 -7.43215344 +0.61188612 +4.51984190 +0.55662236 +10.32801898 +0.00082365 +0.00496344       97 +2.50663900 +0.00000119 +0.02229881 +2.52893901 
  50 +0.46595829 +1.10428969 +1.26654695 +0.96169050 +0.01000000 +0.42481143 +1.02176408 +1.20732467 +0.50543464 +0.01000000 -7.34563880 +0.60906808 +5.00554455 +0.55651699 +10.24909545 +0.00098505 +0.00353529      119 +3.03373909 +0.00000000 +0.02261686 +3.05635691 
  51 +0.43644628 +1.16679199 +1.27684706 +0.95754714 +0.01000000 +0.41360603 +1.10139385 +1.24288462 +0.54267837 +0.01000000 -7.57811754 +0.64121621 +4.15831063 +0.55793742 +10.19689739 +0.00098360 +0.00335772      112 +2.94950199 +0.00000095 +0.02285504 +2.97235894 
  52 +0.43221602 +1.17910091 +1.28281982 +0.96036245 +0.01000000 +0.40945015 +1.12145107 +1.26011883 +0.55526356 +0.01000000 -7.54404575 +0.61986139 +3.98185840 +0.55851661 +10.20151888 +0.00098023 +0.00402099       89 +2.33564186 +0.00000000 +0.02369833 +2.35934114 
  53 +0.43482426 +1.18279947 +1.29412213 +0.95864707 +0.01000000 +0.40791986 +1.11331064 +1.26157328 +0.56433576 +0.01000000 -7.51278178 +0.60942043 +3.97337569 +0.55944725 +10.17725974 +0.00098520 +0.00387549      104 +2.69034696 +0.00000000 +0.02470684 +2.71505380 
  54 +0.42866749 +1.16526058 +1.25429217 +0.96402921 +0.01000000 +0.41286749 +1.13273984 +1.25334907 +0.53026644 +0.01000000 -7.60796883 +0.64298092 +4.02719308 +0.55993636 +10.15390676 +0.00095896 +0.00320735      132 +3.39178395 +0.00000000 +0.02370811 +3.41549206 
  55 +0.42546254 +1.16052143 +1.23941003 +0.96912580 +0.01000000 +0.41156565 +1.15034092 +1.25981636 +0.52002812 +0.01000000 -7.62574347 +0.64382485 +3.94533010 +0.56055647 +10.14117768 +0.00096418 +0.00334721       98 +2.54395604 +0.00000000 +0.02404904 +2.56800604 
  56 +0.42371594 +1.15687213 +1.23078163 +0.97314003 +0.01000000 +0.40970064 +1.16200280 +1.26532651 +0.51367842 +0.01000000 -7.63379404 +0.64233348 +3.87603171 +0.56124768 +10.14208107 +0.00091586 +0.00324426       97 +2.55548692 +0.00000119 +0.02486897 +2.58035803 
  57 +0.42273308 +1.15453778 +1.22688791 +0.97575209 +0.01000000 +0.40784493 +1.16848791 +1.26906285 +0.51046455 +0.01000000 -7.63613720 +0.64010563 +3.82575051 +0.56187704 +10.14543895 +0.00099243 +0.00393025      103 +2.66086292 +0.00000095 +0.02753186 +2.68839574 
  58 +0.42216669 +1.15336949 +1.22559946 +0.97700476 +0.01000000 +0.40659663 +1.17126549 +1.27091066 +0.50922326 +0.01000000 -7.63613382 +0.63842004 +3.79787326 +0.56239056 +10.14779955 +0.00096289 +0.00353689       94 +2.44888806 +0.00000000 +0.02313018 +2.47201824 
  59 +0.42196713 +1.15300658 +1.22530490 +0.97737330 +0.01000000 +0.40612983 +1.17203727 +1.27149004 +0.50892586 +0.01000000 -7.63583764 +0.63773613 +3.78830907 +0.56274930 +10.14900926 +0.00080733 +0.00336584      106 +2.76858306 +0.00000095 +0.02798891 +2.79657292 
  60 +0.42183556 +1.15278053 +1.22514491 +0.97759557 +0.01000000 +0.40582407 +1.17249403 +1.27184342 +0.50875586 +0.01000000 -7.63560057 +0.63728437 +3.78224590 +0.56297162 +10.14925109 +0.00098080 +0.00351238      122 +3.10718107 +0.00000000 +0.02956390 +3.13674498 
  61 +0.42173887 +1.15262524 +1.22504734 +0.97774529 +0.01000000 +0.40560336 +1.17279825 +1.27208810 +0.50865484 +0.01000000 -7.63539347 +0.63694991 +3.77794641 +0.56312699 +10.14951752 +0.00086349 +0.00294879       98 +2.53536296 +0.00000095 +0.02650619 +2.56187010 
  62 +0.42165863 +1.15250437 +1.22498877 +0.97785379 +0.01000000 +0.40543003 +1.17300685 +1.27225676 +0.50857323 +0.01000000 -7.63522550 +0.63669608 +3.77475528 +0.56324173 +10.14964334 +0.00091790 +0.00385576      108 +2.83051705 +0.00000095 +0.02624512 +2.85676408 
  63 +0.42158785 +1.15241101 +1.22495071 +0.97793455 +0.01000000 +0.40529246 +1.17316304 +1.27238828 +0.50852096 +0.01000000 -7.63506164 +0.63648401 +3.77222709 +0.56333042 +10.14969071 +0.00089188 +0.00312184       96 +2.50313807 +0.00000000 +0.02631402 +2.52945209 
  64 +0.42153002 +1.15233508 +1.22492479 +0.97799909 +0.01000000 +0.40517149 +1.17328526 +1.27249448 +0.50848021 +0.01000000 -7.63491560 +0.63630082 +3.77007561 +0.56340138 +10.14968806 +0.00066782 +0.00270438       94 +2.45452619 +0.00000095 +0.02679396 +2.48132229 
  65 +0.42146942 +1.15226793 +1.22491177 +0.97805229 +0.01000000 +0.40506317 +1.17337983 +1.27258285 +0.50845199 +0.01000000 -7.63475366 +0.63612906 +3.76820392 +0.56345978 +10.14965360 +0.00082115 +0.00328130       95 +2.53617692 +0.00000000 +0.04361510 +2.57979298 
  66 +0.42141810 +1.15220707 +1.22489918 +0.97809523 +0.01000000 +0.40496704 +1.17346117 +1.27265264 +0.50842473 +0.01000000 -7.63463482 +0.63598670 +3.76657371 +0.56350890 +10.14959340 +0.00099231 +0.00412360       98 +2.54325199 +0.00000000 +0.02606392 +2.56931686 
  67 +0.42135725 +1.15214409 +1.22490253 +0.97813093 +0.01000000 +0.40486994 +1.17352571 +1.27270948 +0.50840366 +0.01000000 -7.63450349 +0.63584309 +3.76499986 +0.56355102 +10.14951952 +0.00094097 +0.00352013       92 +2.40799308 +0.00000119 +0.02963877 +2.43763399 
  68 +0.42130407 +1.15209618 +1.22490849 +0.97816323 +0.01000000 +0.40476875 +1.17358492 +1.27276854 +0.50838704 +0.01000000 -7.63435304 +0.63569085 +3.76339987 +0.56358779 +10.14943202 +0.00096417 +0.00427081      107 +2.74930310 +0.00000000 +0.03226495 +2.78156900 
  69 +0.42120828 +1.15203130 +1.22491523 +0.97819408 +0.01000000 +0.40465630 +1.17361637 +1.27281973 +0.50837487 +0.01000000 -7.63407185 +0.63549026 +3.76177242 +0.56362037 +10.14933090 +0.00094762 +0.00312081       97 +2.54074287 +0.00000119 +0.02955794 +2.57030296 
  70 +0.42109417 +1.15194629 +1.22494962 +0.97821681 +0.01000000 +0.40451558 +1.17364557 +1.27285511 +0.50836456 +0.01000000 -7.63381379 +0.63527517 +3.75980007 +0.56364965 +10.14920013 +0.00095593 +0.00382554      122 +3.14361691 +0.00000119 +0.02860093 +3.17222023 
  71 +0.42087689 +1.15180834 +1.22502484 +0.97822709 +0.01000000 +0.40429332 +1.17364434 +1.27286904 +0.50835889 +0.01000000 -7.63334391 +0.63492592 +3.75691936 +0.56367675 +10.14904124 +0.00098313 +0.00415653      106 +2.73077083 +0.00000095 +0.03179407 +2.76256585 
  72 +0.42409674 +1.15394990 +1.22369961 +0.97830001 +0.01000000 +0.40692010 +1.17387560 +1.27322856 +0.50822881 +0.01000000 -7.63800302 +0.63875180 +3.79106920 +0.56370324 +10.14881759 +0.00096391 +0.00367513      115 +3.01241827 +0.00000000 +0.03107500 +3.04349327 
  73 +0.42953361 +1.15771885 +1.22129231 +0.97883540 +0.01000000 +0.41064750 +1.17463756 +1.27462668 +0.50764118 +0.01000000 -7.64153526 +0.64337339 +3.84394093 +0.56376244 +10.14846404 +0.00100090 +0.00439886      115 +3.08270216 +0.00000095 +0.02891207 +3.11161590 
  74 +0.43511512 +1.16162594 +1.21884577 +0.97959881 +0.01000000 +0.41403812 +1.17562158 +1.27660057 +0.50700431 +0.01000000 -7.64101437 +0.64657933 +3.89717013 +0.56419926 +10.14361094 +0.00090680 +0.00394409      133 +3.38937593 +0.00000072 +0.02947521 +3.41885185 
  75 +0.43573833 +1.16206990 +1.21843922 +0.97975578 +0.01000000 +0.41398461 +1.17578215 +1.27720233 +0.50709439 +0.01000000 -7.63970982 +0.64602306 +3.89534013 +0.56513770 +10.13327046 +0.00095395 +0.00377729      118 +3.12813807 +0.00000095 +0.03170514 +3.15984511 
  76 +0.43619406 +1.16242489 +1.21812441 +0.97987389 +0.01000000 +0.41388231 +1.17588063 +1.27766821 +0.50715791 +0.01000000 -7.63858712 +0.64550807 +3.89323702 +0.56581216 +10.12608292 +0.00091886 +0.00375058       98 +2.55044031 +0.00000000 +0.03034806 +2.58078909 
  77 +0.43650689 +1.16280128 +1.21780929 +0.97997418 +0.01000000 +0.41362055 +1.17584500 +1.27810372 +0.50716455 +0.01000000 -7.63702520 +0.64473389 +3.88957265 +0.56631641 +10.12085195 +0.00097661 +0.00334662       95 +2.51852512 +0.00000000 +0.03048301 +2.54900908 
  78 +0.43562087 +1.16456837 +1.21672350 +0.98013886 +0.01000000 +0.41015529 +1.17389495 +1.27944413 +0.50623176 +0.01000000 -7.62412803 +0.63767346 +3.85020051 +0.56670841 +10.11689113 +0.00096534 +0.00415420      120 +3.19780588 +0.00000119 +0.03131080 +3.22911882 
  79 +0.43267579 +1.15159485 +1.22468448 +0.97916521 +0.01000000 +0.42012790 +1.18243602 +1.27279815 +0.51113248 +0.01000000 -7.67528169 +0.66104187 +3.92664277 +0.56708075 +10.11293009 +0.00090212 +0.00362913      122 +3.14669180 +0.00000000 +0.03749037 +3.18418407 
  80 +0.44118708 +1.13784757 +1.23401424 +0.98252829 +0.01000000 +0.44209019 +1.20378860 +1.27205586 +0.51641145 +0.01000000 -7.69501943 +0.68483657 +4.15519376 +0.56760811 +10.10605129 +0.00094773 +0.00354169      107 +2.79386806 +0.00000095 +0.04843092 +2.84230089 
  81 +0.44549364 +1.12969966 +1.24048330 +0.98589530 +0.01000000 +0.45225602 +1.21723175 +1.27432150 +0.51849997 +0.01000000 -7.66936418 +0.68486480 +4.26822632 +0.56961529 +10.09110833 +0.00092703 +0.00327952      113 +2.96298599 +0.00000119 +0.03420782 +2.99719620 
  82 +0.44713423 +1.12827929 +1.24628681 +0.99133718 +0.01000000 +0.44980078 +1.22479875 +1.28029846 +0.51478123 +0.01000000 -7.65252963 +0.67815073 +4.23608731 +0.57085736 +10.07796932 +0.00084807 +0.00427863       99 +2.61964917 +0.00000095 +0.03586292 +2.65551424 
  83 +0.44561710 +1.12858665 +1.21623465 +0.97369484 +0.01000000 +0.45185641 +1.20564035 +1.27062778 +0.54040118 +0.01000000 -7.70460239 +0.68750013 +4.13937230 +0.57155469 +10.06636443 +0.00098723 +0.00324294      127 +3.32376885 +0.00000000 +0.03213525 +3.35590482 
  84 +0.44774144 +1.12449417 +1.20899400 +0.97220360 +0.01000000 +0.45084120 +1.20872552 +1.27522795 +0.55054947 +0.01000000 -7.70621695 +0.68237219 +4.04034029 +0.57299264 +10.05265201 +0.00091489 +0.00327108      105 +2.72812700 +0.00000095 +0.02865815 +2.75678682 
  85 +0.44862414 +1.12299299 +1.20684212 +0.97220590 +0.01000000 +0.44970309 +1.21039906 +1.27775856 +0.55394125 +0.01000000 -7.70621469 +0.67967128 +3.99331938 +0.57416715 +10.04820766 +0.00084851 +0.00295594      122 +3.16745543 +0.00000000 +0.03031778 +3.19777417 
  86 +0.44897009 +1.12243986 +1.20615519 +0.97230714 +0.01000000 +0.44915515 +1.21111567 +1.27883446 +0.55512721 +0.01000000 -7.70612625 +0.67854896 +3.97430735 +0.57484160 +10.04701146 +0.00089319 +0.00312914      110 +2.86863303 +0.00000095 +0.03950024 +2.90813494 
  87 +0.44918755 +1.12210591 +1.20575686 +0.97238877 +0.01000000 +0.44880070 +1.21157117 +1.27951210 +0.55583448 +0.01000000 -7.70604851 +0.67784786 +3.96257154 +0.57524427 +10.04662012 +0.00088958 +0.00322330      121 +3.10213614 +0.00000000 +0.02887392 +3.13101125 
  88 +0.44933589 +1.12188342 +1.20549929 +0.97245430 +0.01000000 +0.44854848 +1.21188689 +1.27997903 +0.55629963 +0.01000000 -7.70599337 +0.67736763 +3.95455215 +0.57551528 +10.04647353 +0.00099290 +0.00324123      114 +3.07736325 +0.00000095 +0.03205371 +3.10941911 
  89 +0.44944090 +1.12171898 +1.20532135 +0.97251023 +0.01000000 +0.44835714 +1.21212305 +1.28032785 +0.55663247 +0.01000000 -7.70593593 +0.67700770 +3.94863403 +0.57571208 +10.04641670 +0.00088013 +0.00261744      112 +2.92839026 +0.00000000 +0.04445910 +2.97285032 
  90 +0.44952124 +1.12158988 +1.20518697 +0.97256229 +0.01000000 +0.44820789 +1.21231010 +1.28060325 +0.55687804 +0.01000000 -7.70585711 +0.67672208 +3.94412166 +0.57586161 +10.04617689 +0.00092345 +0.00282760      110 +2.85073781 +0.00000000 +0.03446198 +2.88520074 
  91 +0.44959180 +1.12149844 +1.20509265 +0.97259679 +0.01000000 +0.44807968 +1.21245607 +1.28081349 +0.55707702 +0.01000000 -7.70588631 +0.67651581 +3.94037903 +0.57598144 +10.04614655 +0.00088158 +0.00292311      119 +3.06811309 +0.00000000 +0.03630686 +3.10442090 
  92 +0.44964590 +1.12141970 +1.20501271 +0.97263486 +0.01000000 +0.44797803 +1.21257939 +1.28099528 +0.55723109 +0.01000000 -7.70583798 +0.67633049 +3.93743761 +0.57607963 +10.04613225 +0.00100552 +0.00304068      111 +2.87868786 +0.00000000 +0.03450084 +2.91318870 
  93 +0.44969117 +1.12135431 +1.20494728 +0.97266966 +0.01000000 +0.44789094 +1.21268943 +1.28115250 +0.55736202 +0.01000000 -7.70579661 +0.67617292 +3.93493381 +0.57616196 +10.04611894 +0.00090272 +0.00326725      128 +3.35057116 +0.00000000 +0.03601408 +3.38658619 
  94 +0.44972921 +1.12129398 +1.20490181 +0.97269307 +0.01000000 +0.44781299 +1.21277146 +1.28127331 +0.55746885 +0.01000000 -7.70580828 +0.67605053 +3.93274034 +0.57623237 +10.04610555 +0.00099238 +0.00303047      116 +3.03499889 +0.00000000 +0.04122996 +3.07623100 
  95 +0.44976602 +1.12124888 +1.20485423 +0.97271998 +0.01000000 +0.44774133 +1.21285579 +1.28138810 +0.55755748 +0.01000000 -7.70581265 +0.67594065 +3.93080654 +0.57629335 +10.04609601 +0.00097612 +0.00315365      122 +3.17295003 +0.00000072 +0.03454113 +3.20749283 
  96 +0.44979556 +1.12120613 +1.20481322 +0.97274651 +0.01000000 +0.44768298 +1.21291996 +1.28149176 +0.55763773 +0.01000000 -7.70575521 +0.67583088 +3.92923526 +0.57634700 +10.04608841 +0.00097724 +0.00303153      133 +3.39522409 +0.00000000 +0.04869080 +3.44391608 
  97 +0.44982371 +1.12117159 +1.20478715 +0.97276722 +0.01000000 +0.44762488 +1.21298896 +1.28158352 +0.55771131 +0.01000000 -7.70577538 +0.67574652 +3.92764801 +0.57639461 +10.04607629 +0.00099819 +0.00300216      118 +3.06891799 +0.00000095 +0.03768086 +3.10660195 
  98 +0.44984779 +1.12113734 +1.20476082 +0.97278793 +0.01000000 +0.44757381 +1.21304682 +1.28166303 +0.55777226 +0.01000000 -7.70577636 +0.67566958 +3.92630041 +0.57643740 +10.04606697 +0.00095932 +0.00251165      118 +3.07575488 +0.00000000 +0.03781509 +3.11357093 
  99 +0.44987083 +1.12110582 +1.20473808 +0.97280790 +0.01000000 +0.44752436 +1.21310118 +1.28173853 +0.55783028 +0.01000000 -7.70577997 +0.67559701 +3.92501454 +0.57647610 +10.04605821 +0.00096239 +0.00293326      124 +3.21270800 +0.00000095 +0.03702021 +3.24973011 
 100 +0.44989058 +1.12107954 +1.20471565 +0.97282535 +0.01000000 +0.44748299 +1.21315005 +1.28180718 +0.55787657 +0.01000000 -7.70576965 +0.67552993 +3.92390726 +0.57651143 +10.04604991 +0.00098379 +0.00318915      119 +3.13211608 +0.00000095 +0.04098201 +3.17310023 
 101 +0.44991096 +1.12105870 +1.20469864 +0.97284051 +0.01000000 +0.44743718 +1.21319293 +1.28186785 +0.55792409 +0.01000000 -7.70579699 +0.67547400 +3.92278576 +0.57654378 +10.04604093 +0.00080652 +0.00304311      121 +3.14493394 +0.00000119 +0.04044390 +3.18537998 
 102 +0.44992950 +1.12101728 +1.20467360 +0.97286357 +0.01000000 +0.44740462 +1.21324827 +1.28193780 +0.55796674 +0.01000000 -7.70574433 +0.67540246 +3.92181100 +0.57657323 +10.04601921 +0.00088723 +0.00277641      109 +2.87913918 +0.00000072 +0.04711223 +2.92625308 
 103 +0.44995129 +1.12100057 +1.20466634 +0.97288425 +0.01000000 +0.44736200 +1.21328190 +1.28199827 +0.55800280 +0.01000000 -7.70573129 +0.67534365 +3.92086838 +0.57660101 +10.04600829 +0.00091749 +0.00315724      109 +2.85563684 +0.00000000 +0.04291201 +2.89855003 
 104 +0.44996226 +1.12098807 +1.20465481 +0.97289152 +0.01000000 +0.44733090 +1.21332008 +1.28204110 +0.55804149 +0.01000000 -7.70577401 +0.67530885 +3.92002164 +0.57662691 +10.04599637 +0.00095329 +0.00283444      111 +2.90253115 +0.00000095 +0.05166316 +2.95419598 
 105 +0.44998217 +1.12096844 +1.20464055 +0.97290811 +0.01000000 +0.44729646 +1.21335170 +1.28208799 +0.55807089 +0.01000000 -7.70577521 +0.67526452 +3.91924020 +0.57665111 +10.04598771 +0.00094926 +0.00318838      112 +2.98020387 +0.00000119 +0.04233980 +3.02254581 
 106 +0.45000341 +1.12094908 +1.20463243 +0.97293299 +0.01000000 +0.44726329 +1.21339304 +1.28214274 +0.55810461 +0.01000000 -7.70575381 +0.67521701 +3.91851164 +0.57667383 +10.04597891 +0.00099533 +0.00288011      117 +3.05509496 +0.00000000 +0.04280090 +3.09789681 
 107 +0.45000644 +1.12093944 +1.20462124 +0.97293208 +0.01000000 +0.44723112 +1.21342186 +1.28218269 +0.55813690 +0.01000000 -7.70580049 +0.67517742 +3.91758851 +0.57669576 +10.04598274 +0.00089348 +0.00319972      120 +3.15976000 +0.00000095 +0.04451513 +3.20427608 
 108 +0.45001504 +1.12091849 +1.20460686 +0.97294657 +0.01000000 +0.44721028 +1.21344257 +1.28221635 +0.55815614 +0.01000000 -7.70576291 +0.67513811 +3.91711580 +0.57671612 +10.04597508 +0.00093402 +0.00293127      113 +2.93735385 +0.00000000 +0.04828119 +2.98563600 
 109 +0.45002817 +1.12090106 +1.20460377 +0.97296082 +0.01000000 +0.44717728 +1.21347965 +1.28225756 +0.55818217 +0.01000000 -7.70579813 +0.67510531 +3.91632884 +0.57673523 +10.04596503 +0.00095315 +0.00283636      112 +2.93835711 +0.00000095 +0.04570699 +2.98406625 
 110 +0.45004227 +1.12088966 +1.20459665 +0.97297322 +0.01000000 +0.44714824 +1.21351139 +1.28230054 +0.55821269 +0.01000000 -7.70580841 +0.67506794 +3.91561917 +0.57675352 +10.04595694 +0.00092123 +0.00271465      128 +3.30449510 +0.00000119 +0.04596281 +3.35046029 
 111 +0.45004862 +1.12087477 +1.20459185 +0.97298451 +0.01000000 +0.44712686 +1.21353699 +1.28233556 +0.55823286 +0.01000000 -7.70579695 +0.67503291 +3.91507070 +0.57677105 +10.04594909 +0.00093348 +0.00348202      126 +3.27643418 +0.00000072 +0.04300737 +3.31944299 
 112 +0.45006698 +1.12086992 +1.20458422 +0.97299361 +0.01000000 +0.44710599 +1.21355582 +1.28236638 +0.55824847 +0.01000000 -7.70580303 +0.67500760 +3.91459737 +0.57678774 +10.04594047 +0.00088899 +0.00306922      126 +3.31614423 +0.00000000 +0.04704165 +3.36318707 
 113 +0.45007254 +1.12085018 +1.20457847 +0.97301088 +0.01000000 +0.44707799 +1.21358897 +1.28240563 +0.55827522 +0.01000000 -7.70579678 +0.67496976 +3.91396238 +0.57680364 +10.04593199 +0.00094201 +0.00310958      130 +3.37629533 +0.00000000 +0.04984760 +3.42614412 
 114 +0.45009492 +1.12083273 +1.20456199 +0.97302671 +0.01000000 +0.44705098 +1.21361604 +1.28244223 +0.55829145 +0.01000000 -7.70579790 +0.67493769 +3.91338627 +0.57681900 +10.04592289 +0.00100315 +0.00331934      127 +3.32693720 +0.00000095 +0.04696488 +3.37390423 
 115 +0.45009372 +1.12082424 +1.20456668 +0.97303153 +0.01000000 +0.44702971 +1.21364091 +1.28247177 +0.55831232 +0.01000000 -7.70582091 +0.67491083 +3.91279073 +0.57683384 +10.04591340 +0.00076714 +0.00232984      122 +3.14461422 +0.00000072 +0.04309320 +3.18770885 
 116 +0.45010966 +1.12081447 +1.20456171 +0.97304218 +0.01000000 +0.44700434 +1.21366382 +1.28250225 +0.55833067 +0.01000000 -7.70584489 +0.67488686 +3.91223177 +0.57684814 +10.04590515 +0.00079411 +0.00294955      117 +3.09123898 +0.00000119 +0.05215287 +3.14339399 
 117 +0.45010970 +1.12080096 +1.20455750 +0.97304651 +0.01000000 +0.44698098 +1.21368839 +1.28252539 +0.55834599 +0.01000000 -7.70588740 +0.67486616 +3.91163059 +0.57686199 +10.04589780 +0.00096156 +0.00292524      117 +3.03484511 +0.00000095 +0.04335904 +3.07820606 
 118 +0.45012725 +1.12078261 +1.20456295 +0.97306504 +0.01000000 +0.44696473 +1.21370965 +1.28255994 +0.55836750 +0.01000000 -7.70584942 +0.67483470 +3.91126586 +0.57687542 +10.04589251 +0.00093540 +0.00341674      129 +3.33084416 +0.00000000 +0.04793382 +3.37877917 
 119 +0.45013338 +1.12078341 +1.20455205 +0.97307554 +0.01000000 +0.44693759 +1.21373911 +1.28260187 +0.55838989 +0.01000000 -7.70584665 +0.67479611 +3.91063456 +0.57688840 +10.04588482 +0.00101299 +0.00394506      127 +3.27899098 +0.00000000 +0.04323292 +3.32222486 
 120 +0.45014245 +1.12076610 +1.20455003 +0.97308654 +0.01000000 +0.44691335 +1.21375980 +1.28262312 +0.55839756 +0.01000000 -7.70587873 +0.67477853 +3.91013066 +0.57690110 +10.04587654 +0.00097499 +0.00360325      119 +3.08918905 +0.00000000 +0.04038692 +3.12957692 
 121 +0.45014630 +1.12075135 +1.20454756 +0.97309453 +0.01000000 +0.44688508 +1.21378192 +1.28265105 +0.55841615 +0.01000000 -7.70591023 +0.67475120 +3.90948031 +0.57691491 +10.04610260 +0.00098893 +0.00339878      121 +3.19060206 +0.00000095 +0.04498100 +3.23558474 
 122 +0.45015816 +1.12074925 +1.20453797 +0.97310626 +0.01000000 +0.44688546 +1.21380185 +1.28267580 +0.55841924 +0.01000000 -7.70585312 +0.67473102 +3.90943573 +0.57692693 +10.04608935 +0.00100936 +0.00375450      129 +3.39697003 +0.00000000 +0.05453181 +3.45150280 
 123 +0.45016653 +1.12074353 +1.20452762 +0.97311985 +0.01000000 +0.44687685 +1.21380824 +1.28270281 +0.55843823 +0.01000000 -7.70577265 +0.67469664 +3.90930551 +0.57693842 +10.04607318 +0.00079178 +0.00277572      131 +3.45444107 +0.00000000 +0.04336691 +3.49780989 
 124 +0.45017403 +1.12073129 +1.20453568 +0.97313015 +0.01000000 +0.44683853 +1.21383259 +1.28272684 +0.55845379 +0.01000000 -7.70585941 +0.67468147 +3.90854293 +0.57694941 +10.04605288 +0.00079183 +0.00277577      131 +3.38875079 +0.00000000 +0.04446530 +3.43321800 
 125 +0.45019169 +1.12072094 +1.20453681 +0.97313463 +0.01000000 +0.44681196 +1.21386565 +1.28275115 +0.55846664 +0.01000000 -7.70595650 +0.67467515 +3.90785510 +0.57696039 +10.04603620 +0.00091054 +0.00226283      128 +3.37012982 +0.00000000 +0.04708099 +3.41721082 
 126 +0.45019115 +1.12070339 +1.20453926 +0.97314729 +0.01000000 +0.44679033 +1.21387912 +1.28278027 +0.55848068 +0.01000000 -7.70592413 +0.67463760 +3.90739058 +0.57697135 +10.04602357 +0.00094002 +0.00309750      128 +3.33020210 +0.00000000 +0.05176592 +3.38196921 
 127 +0.45019760 +1.12069741 +1.20453740 +0.97315176 +0.01000000 +0.44677450 +1.21389939 +1.28279705 +0.55849358 +0.01000000 -7.70596407 +0.67462864 +3.90699850 +0.57698204 +10.04600891 +0.00088328 +0.00309448      123 +3.19091702 +0.00000000 +0.04377007 +3.23468804 
 128 +0.45021000 +1.12069132 +1.20453561 +0.97316150 +0.01000000 +0.44675338 +1.21392242 +1.28282354 +0.55850931 +0.01000000 -7.70598875 +0.67461030 +3.90653092 +0.57699252 +10.04599586 +0.00090051 +0.00328033      123 +3.23570371 +0.00000000 +0.05449510 +3.29019976 
 129 +0.45022555 +1.12068374 +1.20452957 +0.97317121 +0.01000000 +0.44673686 +1.21393692 +1.28284898 +0.55851971 +0.01000000 -7.70598084 +0.67458747 +3.90617564 +0.57700289 +10.04598342 +0.00097636 +0.00299941      115 +3.08324027 +0.00000095 +0.06672382 +3.14996624 
 130 +0.45022189 +1.12066330 +1.20453805 +0.97317994 +0.01000000 +0.44670814 +1.21396182 +1.28286684 +0.55853390 +0.01000000 -7.70604590 +0.67457337 +3.90554354 +0.57701305 +10.04597013 +0.00091800 +0.00287292      108 +2.88683510 +0.00000000 +0.05379295 +2.94062805 
 131 +0.45023029 +1.12066162 +1.20453286 +0.97318707 +0.01000000 +0.44669498 +1.21398026 +1.28289239 +0.55854247 +0.01000000 -7.70603822 +0.67455150 +3.90520951 +0.57702318 +10.04595936 +0.00099840 +0.00319197      108 +2.89473605 +0.00000119 +0.04940581 +2.94414401 
 132 +0.45024526 +1.12065582 +1.20453066 +0.97319582 +0.01000000 +0.44667560 +1.21399726 +1.28291110 +0.55855314 +0.01000000 -7.70607224 +0.67454142 +3.90482981 +0.57703311 +10.04594789 +0.00088772 +0.00294450      109 +2.90883207 +0.00000095 +0.04904604 +2.95788026 
 133 +0.45025397 +1.12064680 +1.20453069 +0.97320279 +0.01000000 +0.44665528 +1.21401698 +1.28293152 +0.55856411 +0.01000000 -7.70610862 +0.67452729 +3.90436841 +0.57704294 +10.04593749 +0.00088821 +0.00294449      109 +2.88999605 +0.00000095 +0.05264997 +2.94264793 
 134 +0.45025765 +1.12064195 +1.20453183 +0.97321491 +0.01000000 +0.44664668 +1.21402822 +1.28295627 +0.55857311 +0.01000000 -7.70605371 +0.67449945 +3.90419564 +0.57705269 +10.04592826 +0.00091075 +0.00310571      109 +2.95501995 +0.00000000 +0.04968286 +3.00470400 
 135 +0.45026530 +1.12063315 +1.20453127 +0.97322347 +0.01000000 +0.44662749 +1.21404636 +1.28297810 +0.55858451 +0.01000000 -7.70607160 +0.67448154 +3.90377657 +0.57706215 +10.04591639 +0.00091094 +0.00310572      109 +2.92978621 +0.00000000 +0.05186582 +2.98165298 
 136 +0.45026722 +1.12064176 +1.20451857 +0.97324488 +0.01000000 +0.44662294 +1.21406601 +1.28301812 +0.55859593 +0.01000000 -7.70594077 +0.67443710 +3.90376412 +0.57707153 +10.04590496 +0.00064685 +0.00255637      115 +3.10989594 +0.00000119 +0.05421400 +3.16411209 
 137 +0.45026145 +1.12060796 +1.20452064 +0.97324830 +0.01000000 +0.44660782 +1.21406537 +1.28302014 +0.55859896 +0.01000000 -7.70595195 +0.67442156 +3.90341858 +0.57708058 +10.04588773 +0.00096623 +0.00325182      112 +3.00144887 +0.00000095 +0.05303407 +3.05448484 
 138 +0.45028380 +1.12061175 +1.20452711 +0.97324120 +0.01000000 +0.44658220 +1.21409643 +1.28303564 +0.55861284 +0.01000000 -7.70611879 +0.67443484 +3.90268285 +0.57708941 +10.04587114 +0.00096836 +0.00311707      111 +3.02695489 +0.00000000 +0.05052495 +3.07748079 
 139 +0.45029055 +1.12060406 +1.20452687 +0.97324913 +0.01000000 +0.44656525 +1.21411257 +1.28305551 +0.55862346 +0.01000000 -7.70613208 +0.67441830 +3.90231461 +0.57709847 +10.04586133 +0.00096885 +0.00312760      111 +2.94695497 +0.00000119 +0.06401300 +3.01097012 
 140 +0.45031070 +1.12059519 +1.20452764 +0.97326346 +0.01000000 +0.44653863 +1.21413658 +1.28307446 +0.55863205 +0.01000000 -7.70619589 +0.67441472 +3.90186067 +0.57710745 +10.04585182 +0.00097256 +0.00303295      111 +2.94156528 +0.00000072 +0.05295610 +2.99452329 
 141 +0.45030500 +1.12058920 +1.20452219 +0.97327571 +0.01000000 +0.44653033 +1.21414330 +1.28309215 +0.55863852 +0.01000000 -7.70613246 +0.67438788 +3.90176590 +0.57711654 +10.04584448 +0.00097976 +0.00320522      110 +2.91083288 +0.00000000 +0.05180907 +2.96264291 
 142 +0.45031110 +1.12058257 +1.20452090 +0.97328503 +0.01000000 +0.44651673 +1.21415650 +1.28311023 +0.55864651 +0.01000000 -7.70612785 +0.67437149 +3.90150190 +0.57712533 +10.04583450 +0.00098273 +0.00321722      110 +2.91985416 +0.00000000 +0.05697203 +2.97682714 
 143 +0.45030669 +1.12058089 +1.20452609 +0.97328090 +0.01000000 +0.44650186 +1.21417628 +1.28312454 +0.55865777 +0.01000000 -7.70618984 +0.67436355 +3.90101745 +0.57713400 +10.04582421 +0.00099031 +0.00315019      116 +3.09997177 +0.00000000 +0.06019402 +3.16016698 
 144 +0.45031244 +1.12057387 +1.20452608 +0.97328719 +0.01000000 +0.44648675 +1.21419044 +1.28314052 +0.55866648 +0.01000000 -7.70620850 +0.67435102 +3.90068815 +0.57714266 +10.04581652 +0.00099004 +0.00315293      116 +3.09892297 +0.00000000 +0.05731988 +3.15624380 
 145 +0.45031266 +1.12056882 +1.20452658 +0.97329378 +0.01000000 +0.44647438 +1.21420562 +1.28315675 +0.55867644 +0.01000000 -7.70621364 +0.67433684 +3.90040984 +0.57715126 +10.04580945 +0.00099059 +0.00315293      116 +3.10660505 +0.00000119 +0.05550480 +3.16211200 
 146 +0.45034141 +1.12056565 +1.20452266 +0.97330370 +0.01000000 +0.44646150 +1.21421587 +1.28318430 +0.55868504 +0.01000000 -7.70619623 +0.67431581 +3.90013341 +0.57715975 +10.04580256 +0.00080858 +0.00284235      113 +3.10477901 +0.00000000 +0.06299996 +3.16778016 
 147 +0.45034630 +1.12055827 +1.20452310 +0.97331003 +0.01000000 +0.44644718 +1.21422958 +1.28319841 +0.55869182 +0.01000000 -7.70621599 +0.67430517 +3.89982883 +0.57716818 +10.04579456 +0.00080953 +0.00284234      113 +3.04698014 +0.00000095 +0.05612588 +3.10310817 
 148 +0.45035484 +1.12055132 +1.20452445 +0.97332054 +0.01000000 +0.44643939 +1.21423969 +1.28321470 +0.55869783 +0.01000000 -7.70619246 +0.67429050 +3.89969283 +0.57717655 +10.04578730 +0.00097743 +0.00292003      111 +2.94987202 +0.00000000 +0.05321574 +3.00308895 
 149 +0.45034792 +1.12053643 +1.20452765 +0.97332057 +0.01000000 +0.44641711 +1.21425259 +1.28321689 +0.55870465 +0.01000000 -7.70627567 +0.67428998 +3.89920876 +0.57718477 +10.04577909 +0.00089870 +0.00322305      122 +3.25491405 +0.00000119 +0.05863070 +3.31354713 
 150 +0.45047566 +1.12040918 +1.20452644 +0.97344521 +0.01000000 +0.44613121 +1.21453149 +1.28351086 +0.55885188 +0.01000000 -7.70668535 +0.67408135 +3.89311559 +0.57719302 +10.04577423 +0.00090400 +0.00377323      116 +3.11425090 +0.00000095 +0.05769229 +3.17194510 
 151 +0.45164734 +1.11944932 +1.20477493 +0.97410127 +0.01000000 +0.44378706 +1.21655595 +1.28506794 +0.55965378 +0.01000000 -7.71334840 +0.67354039 +3.84444679 +0.57720614 +10.04577883 +0.00095823 +0.00320560      121 +3.36071587 +0.00000095 +0.05931425 +3.42003202 
 152 +0.45829330 +1.11518967 +1.20500733 +0.97961179 +0.01000000 +0.43316885 +1.22867076 +1.29688096 +0.56408925 +0.01000000 -7.72413664 +0.66549783 +3.64156446 +0.57732049 +10.04629194 +0.00097918 +0.00364155      122 +3.24549294 +0.00000000 +0.07547808 +3.32097411 
 153 +0.46360456 +1.11160617 +1.20445257 +0.98603843 +0.01000000 +0.42559533 +1.24023605 +1.31017776 +0.56822256 +0.01000000 -7.70811735 +0.65292608 +3.51927493 +0.57895453 +10.05049634 +0.00091126 +0.00339290      113 +3.06469202 +0.00000095 +0.06006503 +3.12475920 
 154 +0.45508194 +1.11489184 +1.20118117 +0.99334786 +0.01000000 +0.43648596 +1.23790291 +1.32126870 +0.56979167 +0.01000000 -7.59918926 +0.63026357 +3.73114995 +0.58091368 +10.04569054 +0.00086539 +0.00342795       97 +2.61403108 +0.00000095 +0.06533098 +2.67936397 
 155 +0.46332743 +1.11482675 +1.20899118 +0.95607236 +0.01000000 +0.43343529 +1.21571852 +1.25626980 +0.55366827 +0.01000000 -7.88338503 +0.71550870 +3.55797167 +0.57895836 +9.99610809 +0.00098847 +0.00255307      107 +2.89569306 +0.00000000 +0.06237173 +2.95806599 
 156 +0.51177832 +1.08287668 +1.21029880 +0.93306788 +0.01000000 +0.38443612 +1.26952755 +1.23498230 +0.55235740 +0.01000000 -7.99828904 +0.74567241 +3.68148965 +0.57471883 +10.01957692 +0.00090891 +0.00281478      105 +2.81594801 +0.00000000 +0.06189013 +2.87783909 
 157 +0.54267414 +1.06143576 +1.21066976 +0.92425195 +0.01000000 +0.35328330 +1.31018778 +1.23208173 +0.55089462 +0.01000000 -7.74823001 +0.72594582 +5.43751781 +0.56976991 +10.15825935 +0.00099458 +0.00338216      104 +2.82401085 +0.00000000 +0.05682993 +2.88084197 
 158 +0.49696437 +1.07421938 +1.22155991 +0.92858514 +0.08775500 +0.39568952 +1.26209361 +1.22261846 +0.55493863 +0.01000000 -8.04233894 +0.80648168 +4.94217214 +0.56867481 +10.00659223 +0.00094982 +0.00291943      102 +2.74952722 +0.00000000 +0.06110168 +2.81063008 
 159 +0.49681898 +1.06884840 +1.22594522 +0.92880653 +0.12007716 +0.39682917 +1.26660022 +1.22311176 +0.55462385 +0.01000000 -7.96480604 +0.81106034 +5.82323265 +0.56037674 +9.99365699 +0.00097807 +0.00311278       93 +2.55244803 +0.00000095 +0.06407714 +2.61652708 
 160 +0.46647272 +1.04214419 +1.23451674 +0.92569790 +0.10216317 +0.38624470 +1.26899163 +1.21692448 +0.55762472 +0.01000000 -7.84945867 +0.78523382 +6.21792074 +0.56147844 +9.96804402 +0.00083784 +0.00274796       94 +2.57162595 +0.00000000 +0.06455207 +2.63617897 
 161 +0.54152918 +1.10760588 +1.21083731 +0.92966907 +0.10748787 +0.40930255 +1.26244132 +1.22960122 +0.55062154 +0.01000000 -8.09532068 +0.82117362 +4.72855981 +0.56145666 +9.91571464 +0.00073510 +0.00250542      111 +2.97086310 +0.00000095 +0.06535101 +3.03621602 
 162 +0.56429225 +1.11892169 +1.20928120 +0.93023760 +0.12497482 +0.41566255 +1.26782667 +1.23500420 +0.54796474 +0.01000000 -8.03298788 +0.81210797 +5.00620799 +0.55814631 +9.91852647 +0.00099262 +0.00294681       96 +2.62843585 +0.00000119 +0.06614590 +2.69458580 
 163 +0.57138308 +1.09408077 +1.19636816 +0.93982336 +0.12547949 +0.41846219 +1.25723315 +1.23463050 +0.53143468 +0.01000000 -8.06361128 +0.80364705 +4.38188616 +0.55941536 +9.90737721 +0.00093937 +0.00342080      109 +2.93683934 +0.00000072 +0.07769322 +3.01453424 
 164 +0.58116344 +1.10723608 +1.22645482 +0.94081581 +0.13374645 +0.40654389 +1.26191393 +1.24475550 +0.56102515 +0.01000000 -7.97575591 +0.79503353 +5.06424477 +0.56053317 +9.89889715 +0.00099558 +0.00411046      101 +2.77008677 +0.00000000 +0.06749892 +2.83758688 
 165 +0.54191698 +1.11107135 +1.17800120 +0.92075377 +0.11564168 +0.42489507 +1.27603637 +1.22156343 +0.52189977 +0.01000000 -8.09037172 +0.82443973 +4.80089376 +0.56101047 +9.87662186 +0.00091695 +0.00243737       90 +2.46844196 +0.00000095 +0.06606603 +2.53450990 
 166 +0.54185643 +1.11152846 +1.17678486 +0.92015929 +0.11668240 +0.42562301 +1.27814374 +1.22145532 +0.52049267 +0.01000000 -8.08736085 +0.82469904 +4.83586729 +0.56125257 +9.87421606 +0.00092044 +0.00241438      102 +2.78899264 +0.00000000 +0.06760430 +2.85659695 
 167 +0.54183216 +1.11182354 +1.17634200 +0.91993484 +0.11731161 +0.42600079 +1.27945847 +1.22145098 +0.51973915 +0.01000000 -8.08616480 +0.82497542 +4.85402807 +0.56135199 +9.87414810 +0.00073903 +0.00253985      103 +2.78591514 +0.00000095 +0.08487797 +2.87079501 
 168 +0.54179375 +1.11223675 +1.17639926 +0.91993303 +0.11788506 +0.42631528 +1.28081072 +1.22145095 +0.51911250 +0.01000000 -8.08657880 +0.82557503 +4.86483145 +0.56143494 +9.87419397 +0.00100341 +0.00308389       99 +2.75623298 +0.00000095 +0.06472611 +2.82096171 
 169 +0.54154331 +1.11384143 +1.17802351 +0.92044958 +0.11865403 +0.42692397 +1.28359695 +1.22107836 +0.51836516 +0.01000000 -8.09326940 +0.82804833 +4.86226028 +0.56150562 +9.87451870 +0.00099542 +0.00420251      105 +2.86401987 +0.00000119 +0.07209897 +2.93612099 
 170 +0.54149408 +1.11444803 +1.17867432 +0.92069985 +0.11907982 +0.42720322 +1.28487781 +1.22095945 +0.51793749 +0.01000000 -8.09561552 +0.82896763 +4.86206454 +0.56156086 +9.87557604 +0.00098609 +0.00308114       86 +2.40999103 +0.00000095 +0.08519602 +2.49518895 
 171 +0.54146344 +1.11511701 +1.17934029 +0.92096502 +0.11966496 +0.42752244 +1.28646085 +1.22087345 +0.51737657 +0.01000000 -8.09750592 +0.82988155 +4.86588183 +0.56162198 +9.87668661 +0.00070703 +0.00240163      113 +3.06046605 +0.00000095 +0.06742716 +3.12789512 
 172 +0.54158455 +1.11677736 +1.18106172 +0.92175691 +0.12165129 +0.42845779 +1.29123053 +1.22079522 +0.51552162 +0.01000000 -8.10025538 +0.83181840 +4.88377630 +0.56171102 +9.87780879 +0.00086351 +0.00291430       84 +2.36972213 +0.00000000 +0.07208395 +2.44180727 
 173 +0.54210665 +1.11804265 +1.18261240 +0.92273355 +0.12434542 +0.42941079 +1.29666982 +1.22103143 +0.51305601 +0.01000000 -8.09854768 +0.83266276 +4.91413626 +0.56199047 +9.87918584 +0.00097279 +0.00363534       93 +2.60369110 +0.00000000 +0.06708193 +2.67077398 
 174 +0.54226254 +1.11802098 +1.18268000 +0.92281968 +0.12481190 +0.42944703 +1.29732682 +1.22120029 +0.51266944 +0.01000000 -8.09699659 +0.83248693 +4.92392140 +0.56248293 +9.88001660 +0.00097491 +0.00338977      108 +2.96449018 +0.00000000 +0.07676888 +3.04126000 
 175 +0.54244451 +1.11787027 +1.18272094 +0.92297184 +0.12520331 +0.42951190 +1.29781981 +1.22132694 +0.51223838 +0.01000000 -8.09619321 +0.83232617 +4.92622144 +0.56284083 +9.88039048 +0.00079937 +0.00279770       96 +2.72740579 +0.00000000 +0.11504221 +2.84244895 
 176 +0.54382067 +1.11482336 +1.18251710 +0.92478458 +0.12561235 +0.43057723 +1.29708709 +1.22091956 +0.50938353 +0.01000000 -8.10643421 +0.83191317 +4.79721893 +0.56311573 +9.88056970 +0.00087183 +0.00298942      107 +2.90351391 +0.00000095 +0.06314707 +2.96666193 
 177 +0.54840424 +1.10771057 +1.18171411 +0.92961641 +0.13082700 +0.43335951 +1.30139117 +1.22157108 +0.49980964 +0.01000000 -8.10576769 +0.82676187 +4.60888458 +0.56337951 +9.88220822 +0.00100616 +0.00352901      107 +2.92675614 +0.00000000 +0.08060384 +3.00736117 
 178 +0.54870422 +1.10740430 +1.18151931 +0.92966893 +0.13150162 +0.43327826 +1.30203150 +1.22194027 +0.49931209 +0.01000000 -8.10225260 +0.82610145 +4.62472947 +0.56421854 +9.88225061 +0.00090560 +0.00308882      101 +2.73429298 +0.00000000 +0.07150197 +2.80579591 
 179 +0.54891907 +1.10719593 +1.18132724 +0.92969890 +0.13205513 +0.43315496 +1.30255707 +1.22228736 +0.49894563 +0.01000000 -8.09913718 +0.82555821 +4.64038390 +0.56475042 +9.88203188 +0.00096719 +0.00292087       97 +2.68782187 +0.00000095 +0.07800913 +2.76583290 
 180 +0.54853638 +1.10798775 +1.18006972 +0.92941113 +0.13365874 +0.43126573 +1.30423993 +1.22413516 +0.49911835 +0.01000000 -8.08466341 +0.82436332 +4.76251437 +0.56511795 +9.88142770 +0.00093825 +0.00341542       96 +2.62985492 +0.00000000 +0.07830191 +2.70815778 
 181 +0.54797111 +1.11355448 +1.19077736 +0.92392408 +0.12457861 +0.44147059 +1.30031895 +1.21445882 +0.50661072 +0.01000000 -8.14517749 +0.83518332 +4.44174799 +0.56531275 +9.87881810 +0.00083000 +0.00296839       94 +2.62915206 +0.00000095 +0.08094597 +2.71010017 
 182 +0.55854222 +1.12165194 +1.20872779 +0.91372878 +0.13538819 +0.46223807 +1.32905011 +1.20871590 +0.50512759 +0.01000000 -8.06782961 +0.81715426 +4.63032600 +0.56555736 +9.88014449 +0.00091357 +0.00337545      103 +2.79933500 +0.00000000 +0.08447194 +2.88381004 
 183 +0.56830239 +1.07698432 +1.18024603 +0.93368637 +0.13165972 +0.45862937 +1.29411870 +1.20791384 +0.48023794 +0.01000000 -8.05387136 +0.78908549 +3.79102416 +0.56756147 +9.86565696 +0.00100075 +0.00361311       95 +2.60205102 +0.00000000 +0.08244896 +2.68450093 
 184 +0.55342222 +1.12299322 +1.17283270 +0.92274762 +0.16456706 +0.42035630 +1.35155694 +1.24172932 +0.49858749 +0.01000000 -7.80486179 +0.79173393 +6.59745085 +0.56951495 +9.85222203 +0.00087563 +0.00380762       87 +2.42527699 +0.00000095 +0.08697510 +2.51225400 
 185 +0.55008681 +1.10846504 +1.19908339 +0.92607299 +0.10217709 +0.45419388 +1.26863669 +1.19429520 +0.50916413 +0.01000000 -8.24868260 +0.84321900 +3.48565587 +0.55745160 +9.75981202 +0.00089122 +0.00186138      100 +2.73082232 +0.00000095 +0.08309770 +2.81392217 
 186 +0.56889918 +1.11248386 +1.21076011 +0.92839250 +0.09421101 +0.47959137 +1.26409904 +1.16271132 +0.50376870 +0.01000000 -8.18075406 +0.82360907 +3.31413039 +0.55343979 +9.77171945 +0.00095047 +0.00214244      107 +2.89532518 +0.00000072 +0.07035899 +2.96568489 
 187 +0.57191911 +1.09928477 +1.20271360 +0.89696650 +0.09435073 +0.49288668 +1.25887090 +1.17841861 +0.51291337 +0.01000000 -8.22730848 +0.83030464 +3.21304184 +0.55388335 +9.77367801 +0.00098239 +0.00243810      139 +3.69515514 +0.00000095 +0.07788897 +3.77304602 
 188 +0.57761814 +1.10255777 +1.20780370 +0.89660403 +0.08980208 +0.49232305 +1.25916676 +1.18333186 +0.50546077 +0.01000000 -8.24093261 +0.83309568 +3.15557437 +0.55422653 +9.78028324 +0.00094712 +0.00381206      119 +3.18294978 +0.00000000 +0.08107591 +3.26402688 
 189 +0.57386502 +1.09655694 +1.19879311 +0.89481807 +0.09377815 +0.49372019 +1.25996463 +1.17681404 +0.51623915 +0.01000000 -8.22894236 +0.82980610 +3.19335818 +0.55391222 +9.78478215 +0.00099823 +0.00428316      105 +2.88281679 +0.00000000 +0.08155799 +2.96437597 
 190 +0.57878215 +1.10735761 +1.21532658 +0.90026763 +0.09033645 +0.49155757 +1.25781259 +1.18593654 +0.49688710 +0.01000000 -8.22699437 +0.83075725 +3.19985222 +0.55395182 +9.78728828 +0.00100744 +0.00378834      102 +2.79379201 +0.00000000 +0.09580302 +2.88959694 
 191 +0.56431855 +1.10380392 +1.21143573 +0.90176543 +0.10996547 +0.50088588 +1.25056340 +1.17821978 +0.50753066 +0.01000000 -8.11659831 +0.80700229 +3.54701905 +0.55420324 +9.78613008 +0.00082315 +0.00225114      104 +2.82809114 +0.00000119 +0.07619572 +2.90428901 
 192 +0.59227556 +1.10579041 +1.19503924 +0.90518972 +0.06821455 +0.47663519 +1.27299495 +1.17861779 +0.50303474 +0.01000000 -8.33889879 +0.85405321 +2.78783817 +0.55525381 +9.77178180 +0.00090116 +0.00207756      105 +2.84478807 +0.00000000 +0.08405280 +2.92884088 
 193 +0.64329309 +1.11133621 +1.18402453 +0.90153621 +0.04379200 +0.48884143 +1.28682096 +1.17214134 +0.48314438 +0.01000000 -8.31529966 +0.84628163 +2.72025533 +0.55313416 +9.78579782 +0.00090110 +0.00238458      101 +2.74293017 +0.00000072 +0.08193040 +2.82486200 
 194 +0.65162705 +1.11055611 +1.18612936 +0.90206745 +0.04219784 +0.49190185 +1.28900195 +1.17197709 +0.47817280 +0.01000000 -8.28385886 +0.83901748 +2.81203863 +0.55384109 +9.81330753 +0.00089950 +0.00295065      116 +3.15017509 +0.00000000 +0.08151102 +3.23168683 
 195 +0.63587748 +1.10036203 +1.16291953 +0.88554904 +0.04816421 +0.48276878 +1.28545602 +1.16306345 +0.49763443 +0.01000000 -8.40076672 +0.86345644 +2.48116488 +0.55428851 +9.81390884 +0.00096587 +0.00324289      108 +2.96880889 +0.00000095 +0.08600402 +3.05481386 
 196 +0.66181859 +1.07874010 +1.14155541 +0.86080973 +0.04938009 +0.48493151 +1.29341293 +1.14958533 +0.49642588 +0.01000000 -8.30905677 +0.84663046 +3.04449986 +0.55320623 +9.83725256 +0.00094431 +0.00244447       96 +2.64691520 +0.00000095 +0.08098412 +2.72790122 
 197 +0.67317612 +1.07818685 +1.17951630 +0.87279094 +0.04893310 +0.48435181 +1.32053804 +1.11971575 +0.45989900 +0.01000000 -8.46981458 +0.88103486 +2.30488704 +0.55507225 +9.83303621 +0.00098053 +0.00504527      110 +3.00061584 +0.00000119 +0.08312774 +3.08374572 
 198 +0.70858557 +1.06175711 +1.19016918 +0.86438863 +0.04776152 +0.49010604 +1.34527491 +1.09711283 +0.43211301 +0.01000000 -8.42068101 +0.86346918 +2.36948682 +0.55718082 +9.91892583 +0.00094457 +0.00309821       92 +2.57350874 +0.00000095 +0.09009528 +2.66360593 
 199 +0.73499246 +1.04211144 +1.19401525 +0.86939087 +0.04793562 +0.49759139 +1.34512140 +1.10379702 +0.42554039 +0.01000000 -8.24016664 +0.80839713 +2.60435732 +0.55908652 +9.93586742 +0.00067905 +0.00437651      116 +3.15102100 +0.00000000 +0.08816004 +3.23918200 
 200 +0.65565189 +1.10731036 +1.17330563 +0.85401240 +0.04367792 +0.47625277 +1.34275355 +1.09114997 +0.45263688 +0.01000000 -8.50876517 +0.91494140 +3.01152830 +0.55753891 +9.87479692 +0.00091258 +0.00260129       97 +2.64553118 +0.00000000 +0.08326292 +2.72879529 
 201 +0.65524913 +1.11939235 +1.16964635 +0.84359180 +0.03903980 +0.47647904 +1.35666155 +1.07925413 +0.44651028 +0.01000000 -8.45328387 +0.91294923 +3.58207558 +0.55547594 +9.90912928 +0.00094536 +0.00244182       90 +2.48308492 +0.00000000 +0.09200692 +2.57509279 
 202 +0.64052312 +1.10403884 +1.15915669 +0.85030823 +0.02966407 +0.48670597 +1.35643468 +1.08116199 +0.43017821 +0.01000000 -8.56132257 +0.92092207 +2.58463860 +0.55634384 +9.90299640 +0.00089107 +0.00297179      113 +3.10154510 +0.00000000 +0.07710171 +3.17864799 
 203 +0.63371892 +1.10092909 +1.14587972 +0.84322489 +0.01335141 +0.50135057 +1.37610877 +1.07274003 +0.40545969 +0.01000000 -8.59710754 +0.92314607 +2.22734581 +0.55499637 +9.93172596 +0.00095485 +0.00283822       86 +2.38038397 +0.00000000 +0.09100604 +2.47139311 
 204 +0.63199542 +1.09938607 +1.13780755 +0.83613942 +0.01000000 +0.51168438 +1.39272550 +1.06544201 +0.38744766 +0.01000000 -8.59530857 +0.92061472 +2.17636169 +0.55479647 +9.97995478 +0.00088730 +0.00260321      127 +3.42616200 +0.00000000 +0.09417510 +3.52033806 
 205 +0.63219722 +1.09937143 +1.13685201 +0.83477187 +0.01000000 +0.51308718 +1.39558191 +1.06416345 +0.38479543 +0.01000000 -8.59404979 +0.92021726 +2.18172836 +0.55540755 +10.00232901 +0.00098406 +0.00284466      112 +3.01998806 +0.00000000 +0.08163404 +3.10162306 
 206 +0.63235813 +1.09941667 +1.13649208 +0.83414686 +0.01000000 +0.51364763 +1.39684777 +1.06360026 +0.38369265 +0.01000000 -8.59356261 +0.92009648 +2.18522732 +0.55565166 +10.00978657 +0.00093693 +0.00242872      114 +3.15810299 +0.00000072 +0.08977008 +3.24787474 
 207 +0.63249103 +1.09947329 +1.13630945 +0.83376513 +0.01000000 +0.51394784 +1.39760101 +1.06326958 +0.38307797 +0.01000000 -8.59332120 +0.92005841 +2.18791284 +0.55579245 +10.01334333 +0.00098625 +0.00261123      111 +2.99649501 +0.00000000 +0.09297800 +3.08947396 
 208 +0.63260944 +1.09953578 +1.13620403 +0.83348718 +0.01000000 +0.51413930 +1.39813221 +1.06304128 +0.38267532 +0.01000000 -8.59319155 +0.92005711 +2.19020267 +0.55588990 +10.01541767 +0.00095406 +0.00262680      114 +3.10759687 +0.00000000 +0.09237099 +3.19996905 
 209 +0.63272357 +1.09960821 +1.13613944 +0.83326118 +0.01000000 +0.51427471 +1.39855744 +1.06286582 +0.38238011 +0.01000000 -8.59312903 +0.92007880 +2.19231025 +0.55596161 +10.01675831 +0.00096637 +0.00281170      112 +3.04985619 +0.00000095 +0.10056400 +3.15042210 
 203 +0.63371892 +1.10092909 +1.14587972 +0.84322489 +0.01335141 +0.50135057 +1.37610877 +1.07274003 +0.40545969 +0.01000000 -8.59710754 +0.92314607 +2.22734581 +0.55499637 +9.93172596 +0.00095485 +0.00283822       86 +2.38038397 +0.00000000 +0.09100604 +2.47139311 
