0 2.9131 2.9853 -0.6340 0.0999 1.0309 28.6280 0.0000 0.0000 0.0000 0.0000 0.0000 0.0000 0.0000 
1 2.8144 0.3541 1.5250 0.0060 1.0309 28.6280 0.0000 0.0000 0.0000 0.0000 0.0000 0.0000 0.0000 
2 1.9007 1.3889 -0.3290 0.0337 1.0309 28.6280 0.0000 0.0000 0.0000 0.0000 0.0000 0.0000 0.0000 
3 1.7123 0.4963 0.4720 0.0917 1.0309 28.6280 0.0000 0.0000 0.0000 0.0000 0.0000 0.0000 0.0000 
4 0.6840 1.4522 -0.0400 0.0704 1.0309 28.6280 0.0000 0.0000 0.0000 0.0000 0.0000 0.0000 0.0000 
5 0.7723 1.4840 -0.1590 0.0674 1.0309 28.6280 0.0000 0.0000 0.0000 0.0000 0.0000 0.0000 0.0000 
6 0.1753 0.3609 0.9800 0.0206 1.0309 28.6280 0.0000 0.0000 0.0000 0.0000 0.0000 0.0000 0.0000 
7 2.2596 1.3813 -0.1860 0.0567 1.0309 28.6280 0.0000 0.0000 0.0000 0.0000 0.0000 0.0000 0.0000 
8 1.6592 2.3332 0.0970 0.1080 1.0309 28.6280 0.0000 0.0000 0.0000 0.0000 0.0000 0.0000 0.0000 
9 1.1919 0.2751 0.5340 0.0285 1.0309 28.6280 0.0000 0.0000 0.0000 0.0000 0.0000 0.0000 0.0000 
10 2.4819 1.8919 0.1530 0.0195 1.0309 28.6280 0.0000 0.0000 0.0000 0.0000 0.0000 0.0000 0.0000 
11 2.1011 1.9888 0.4400 0.0081 1.0309 28.6280 0.0000 0.0000 0.0000 0.0000 0.0000 0.0000 0.0000 
12 3.0526 1.2035 0.2690 0.0670 1.0309 28.6280 0.0000 0.0000 0.0000 0.0000 0.0000 0.0000 0.0000 
13 2.4110 1.2214 -0.0140 0.0455 1.0309 28.6280 0.0000 0.0000 0.0000 0.0000 0.0000 0.0000 0.0000 
14 1.8399 2.1091 0.4450 0.0059 1.0309 28.6280 0.0000 0.0000 0.0000 0.0000 0.0000 0.0000 0.0000 
15 1.0562 0.3608 0.8040 0.0296 1.0309 28.6280 0.0000 0.0000 0.0000 0.0000 0.0000 0.0000 0.0000 
16 1.5419 2.2836 0.1340 0.0743 1.0309 28.6280 0.0000 0.0000 0.0000 0.0000 0.0000 0.0000 0.0000 
17 1.8964 1.4610 -0.2540 0.0478 1.0309 28.6280 0.0000 0.0000 0.0000 0.0000 0.0000 0.0000 0.0000 
18 2.0539 0.6537 0.6040 0.0406 1.0309 28.6280 0.0000 0.0000 0.0000 0.0000 0.0000 0.0000 0.0000 
19 0.6430 1.0837 0.5370 0.0279 1.0309 28.6280 0.0000 0.0000 0.0000 0.0000 0.0000 0.0000 0.0000 
20 2.5816 0.6950 1.7180 0.0001 1.0309 28.6280 0.0000 0.0000 0.0000 0.0000 0.0000 0.0000 0.0000 
21 0.4477 0.3999 1.8880 0.0014 1.0309 28.6280 0.0000 0.0000 0.0000 0.0000 0.0000 0.0000 0.0000 
22 0.2184 0.9382 0.8660 0.0410 1.0309 28.6280 0.0000 0.0000 0.0000 0.0000 0.0000 0.0000 0.0000 
23 1.8423 2.5961 -0.5020 0.2859 1.0309 28.6280 0.0000 0.0000 0.0000 0.0000 0.0000 0.0000 0.0000 
24 1.1062 1.2243 -0.4730 0.0155 1.0309 28.6280 0.0000 0.0000 0.0000 0.0000 0.0000 0.0000 0.0000 
25 0.9775 1.0270 -0.1500 0.0095 1.0309 28.6280 0.0000 0.0000 0.0000 0.0000 0.0000 0.0000 0.0000 
26 2.4651 1.7698 0.1190 0.0342 1.0309 28.6280 0.0000 0.0000 0.0000 0.0000 0.0000 0.0000 0.0000 
27 0.8860 0.4258 1.0720 0.0112 1.0309 28.6280 0.0000 0.0000 0.0000 0.0000 0.0000 0.0000 0.0000 
28 2.4840 2.2508 -0.2940 0.0530 1.0309 28.6280 0.0000 0.0000 0.0000 0.0000 0.0000 0.0000 0.0000 
29 2.6202 0.8240 1.6340 0.0037 1.0309 28.6280 0.0000 0.0000 0.0000 0.0000 0.0000 0.0000 0.0000 
30 1.7591 2.8944 -0.4500 0.2406 1.0309 28.6280 0.0000 0.0000 0.0000 0.0000 0.0000 0.0000 0.0000 
31 1.9027 2.9757 -0.4400 0.1662 1.0309 28.6280 0.0000 0.0000 0.0000 0.0000 0.0000 0.0000 0.0000 
32 0.6087 3.0656 -0.3720 0.0866 1.0309 28.6280 0.0000 0.0000 0.0000 0.0000 0.0000 0.0000 0.0000 
33 0.2701 1.3660 0.1190 0.0750 1.0309 28.6280 0.0000 0.0000 0.0000 0.0000 0.0000 0.0000 0.0000 
34 0.1711 2.5624 -0.9900 0.1167 1.0309 28.6280 0.0000 0.0000 0.0000 0.0000 0.0000 0.0000 0.0000 
35 2.1902 3.0617 -0.0520 0.0895 1.0309 28.6280 0.0000 0.0000 0.0000 0.0000 0.0000 0.0000 0.0000 
36 2.5484 2.9859 -0.6450 0.1140 1.0309 28.6280 0.0000 0.0000 0.0000 0.0000 0.0000 0.0000 0.0000 
37 1.7382 3.1058 -0.1600 0.0847 1.0309 28.6280 0.0000 0.0000 0.0000 0.0000 0.0000 0.0000 0.0000 
38 2.3782 1.1528 0.1140 0.0308 1.0309 28.6280 0.0000 0.0000 0.0000 0.0000 0.0000 0.0000 0.0000 
39 3.0637 1.2467 0.0130 0.0671 1.0309 28.6280 0.0000 0.0000 0.0000 0.0000 0.0000 0.0000 0.0000 
40 0.6880 0.3308 1.1240 0.0056 1.0309 28.6280 0.0000 0.0000 0.0000 0.0000 0.0000 0.0000 0.0000 
41 1.5173 0.6981 0.1550 0.1364 1.0309 28.6280 0.0000 0.0000 0.0000 0.0000 0.0000 0.0000 0.0000 
42 2.9396 2.9909 -0.5140 0.0950 1.0309 28.6280 0.0000 0.0000 0.0000 0.0000 0.0000 0.0000 0.0000 
43 0.7568 0.4148 1.2240 0.0035 1.0309 28.6280 0.0000 0.0000 0.0000 0.0000 0.0000 0.0000 0.0000 
44 1.7089 0.6161 0.3760 0.1222 1.0309 28.6280 0.0000 0.0000 0.0000 0.0000 0.0000 0.0000 0.0000 
45 1.7536 2.5723 -0.4030 0.2780 1.0309 28.6280 0.0000 0.0000 0.0000 0.0000 0.0000 0.0000 0.0000 
46 0.8697 1.3828 -0.2570 0.0577 1.0309 28.6280 0.0000 0.0000 0.0000 0.0000 0.0000 0.0000 0.0000 
47 2.8401 1.4526 -0.0480 0.0724 1.0309 28.6280 0.0000 0.0000 0.0000 0.0000 0.0000 0.0000 0.0000 
48 1.1426 2.8141 -0.6030 0.2512 1.0309 28.6280 0.0000 0.0000 0.0000 0.0000 0.0000 0.0000 0.0000 
49 2.5751 2.8228 -1.1530 0.1628 1.0309 28.6280 0.0000 0.0000 0.0000 0.0000 0.0000 0.0000 0.0000 
50 2.1918 1.3550 -0.2300 0.0480 1.0309 28.6280 0.0000 0.0000 0.0000 0.0000 0.0000 0.0000 0.0000 
51 2.2079 2.6240 -0.7620 0.2180 1.0309 28.6280 0.0000 0.0000 0.0000 0.0000 0.0000 0.0000 0.0000 
52 2.0451 0.8252 0.3270 0.0337 1.0309 28.6280 0.0000 0.0000 0.0000 0.0000 0.0000 0.0000 0.0000 
53 0.9980 1.3459 -0.1750 0.0427 1.0309 28.6280 0.0000 0.0000 0.0000 0.0000 0.0000 0.0000 0.0000 
54 2.4471 1.7944 0.1080 0.0307 1.0309 28.6280 0.0000 0.0000 0.0000 0.0000 0.0000 0.0000 0.0000 
55 1.7727 2.6140 -0.4050 0.2960 1.0309 28.6280 0.0000 0.0000 0.0000 0.0000 0.0000 0.0000 0.0000 
56 0.4298 2.0200 -0.1240 0.0294 1.0309 28.6280 0.0000 0.0000 0.0000 0.0000 0.0000 0.0000 0.0000 
57 1.1113 1.8013 0.2520 0.0393 1.0309 28.6280 0.0000 0.0000 0.0000 0.0000 0.0000 0.0000 0.0000 
58 2.6408 0.8554 1.4320 0.0065 1.0309 28.6280 0.0000 0.0000 0.0000 0.0000 0.0000 0.0000 0.0000 
59 2.9941 0.3390 0.9700 0.0263 1.0309 28.6280 0.0000 0.0000 0.0000 0.0000 0.0000 0.0000 0.0000 
60 1.8094 1.7480 0.2980 0.0554 1.0309 28.6280 0.0000 0.0000 0.0000 0.0000 0.0000 0.0000 0.0000 
61 0.8150 1.8059 0.2500 0.0303 1.0309 28.6280 0.0000 0.0000 0.0000 0.0000 0.0000 0.0000 0.0000 
62 1.5318 1.4675 -0.0650 0.0432 1.0309 28.6280 0.0000 0.0000 0.0000 0.0000 0.0000 0.0000 0.0000 
63 2.2850 0.1120 0.3740 0.0386 1.0309 28.6280 0.0000 0.0000 0.0000 0.0000 0.0000 0.0000 0.0000 
64 1.2472 2.4895 -0.3020 0.2208 1.0309 28.6280 0.0000 0.0000 0.0000 0.0000 0.0000 0.0000 0.0000 
65 0.5315 2.7382 -1.2040 0.1760 1.0309 28.6280 0.0000 0.0000 0.0000 0.0000 0.0000 0.0000 0.0000 
66 0.7192 2.1717 -0.0770 0.0291 1.0309 28.6280 0.0000 0.0000 0.0000 0.0000 0.0000 0.0000 0.0000 
67 0.6267 1.4667 -0.0820 0.0713 1.0309 28.6280 0.0000 0.0000 0.0000 0.0000 0.0000 0.0000 0.0000 
68 1.3852 0.3488 0.5820 0.0377 1.0309 28.6280 0.0000 0.0000 0.0000 0.0000 0.0000 0.0000 0.0000 
69 2.2279 1.5605 0.0350 0.0630 1.0309 28.6280 0.0000 0.0000 0.0000 0.0000 0.0000 0.0000 0.0000 
70 2.1957 1.7398 0.2600 0.0444 1.0309 28.6280 0.0000 0.0000 0.0000 0.0000 0.0000 0.0000 0.0000 
71 1.7907 1.7003 0.2940 0.0623 1.0309 28.6280 0.0000 0.0000 0.0000 0.0000 0.0000 0.0000 0.0000 
72 1.0058 2.8336 -0.6100 0.2070 1.0309 28.6280 0.0000 0.0000 0.0000 0.0000 0.0000 0.0000 0.0000 
73 0.3628 2.7663 -1.3580 0.1656 1.0309 28.6280 0.0000 0.0000 0.0000 0.0000 0.0000 0.0000 0.0000 
74 2.7263 1.6141 0.0060 0.0572 1.0309 28.6280 0.0000 0.0000 0.0000 0.0000 0.0000 0.0000 0.0000 
75 2.4632 2.1481 -0.1340 0.0264 1.0309 28.6280 0.0000 0.0000 0.0000 0.0000 0.0000 0.0000 0.0000 
76 1.9404 0.9870 -0.2920 0.0252 1.0309 28.6280 0.0000 0.0000 0.0000 0.0000 0.0000 0.0000 0.0000 
77 1.0722 1.1627 -0.3410 0.0120 1.0309 28.6280 0.0000 0.0000 0.0000 0.0000 0.0000 0.0000 0.0000 
78 1.0191 3.0190 -0.2910 0.1130 1.0309 28.6280 0.0000 0.0000 0.0000 0.0000 0.0000 0.0000 0.0000 
79 1.1380 1.2788 -0.4200 0.0205 1.0309 28.6280 0.0000 0.0000 0.0000 0.0000 0.0000 0.0000 0.0000 
80 1.3761 2.5834 -0.4080 0.2833 1.0309 28.6280 0.0000 0.0000 0.0000 0.0000 0.0000 0.0000 0.0000 
81 1.5531 1.7843 0.2880 0.0514 1.0309 28.6280 0.0000 0.0000 0.0000 0.0000 0.0000 0.0000 0.0000 
82 0.8771 0.9458 0.1850 0.0067 1.0309 28.6280 0.0000 0.0000 0.0000 0.0000 0.0000 0.0000 0.0000 
83 0.3710 0.7608 1.8380 0.0067 1.0309 28.6280 0.0000 0.0000 0.0000 0.0000 0.0000 0.0000 0.0000 
84 0.9026 2.6923 -0.7640 0.2137 1.0309 28.6280 0.0000 0.0000 0.0000 0.0000 0.0000 0.0000 0.0000 
85 1.6283 0.4358 0.5220 0.0719 1.0309 28.6280 0.0000 0.0000 0.0000 0.0000 0.0000 0.0000 0.0000 
86 1.5074 0.4678 0.4760 0.0853 1.0309 28.6280 0.0000 0.0000 0.0000 0.0000 0.0000 0.0000 0.0000 
87 1.8216 1.4448 -0.2310 0.0420 1.0309 28.6280 0.0000 0.0000 0.0000 0.0000 0.0000 0.0000 0.0000 
88 2.7106 0.8886 1.5950 0.0137 1.0309 28.6280 0.0000 0.0000 0.0000 0.0000 0.0000 0.0000 0.0000 
89 2.6880 0.8531 1.6360 0.0087 1.0309 28.6280 0.0000 0.0000 0.0000 0.0000 0.0000 0.0000 0.0000 
90 3.0887 2.0289 -0.2090 0.0603 1.0309 28.6280 0.0000 0.0000 0.0000 0.0000 0.0000 0.0000 0.0000 
91 0.2298 2.5551 -1.2440 0.1317 1.0309 28.6280 0.0000 0.0000 0.0000 0.0000 0.0000 0.0000 0.0000 
92 0.9384 1.2018 -0.3280 0.0248 1.0309 28.6280 0.0000 0.0000 0.0000 0.0000 0.0000 0.0000 0.0000 
93 0.5458 2.6471 -1.2590 0.1754 1.0309 28.6280 0.0000 0.0000 0.0000 0.0000 0.0000 0.0000 0.0000 
94 0.3749 2.3455 -0.9940 0.0976 1.0309 28.6280 0.0000 0.0000 0.0000 0.0000 0.0000 0.0000 0.0000 
95 1.3036 2.1666 0.3280 0.0187 1.0309 28.6280 0.0000 0.0000 0.0000 0.0000 0.0000 0.0000 0.0000 
96 0.9914 0.3381 0.8370 0.0242 1.0309 28.6280 0.0000 0.0000 0.0000 0.0000 0.0000 0.0000 0.0000 
97 2.8836 2.0915 -0.3770 0.0507 1.0309 28.6280 0.0000 0.0000 0.0000 0.0000 0.0000 0.0000 0.0000 
98 0.6161 3.0692 -0.3580 0.0853 1.0309 28.6280 0.0000 0.0000 0.0000 0.0000 0.0000 0.0000 0.0000 
99 2.8734 0.6554 1.7210 0.0094 1.0309 28.6280 0.0000 0.0000 0.0000 0.0000 0.0000 0.0000 0.0000 
100 0.1581 1.9584 -0.0850 0.0510 1.0309 28.6280 0.0000 0.0000 0.0000 0.0000 0.0000 0.0000 0.0000 
101 0.5232 2.3261 -0.7100 0.0852 1.0309 28.6280 0.0000 0.0000 0.0000 0.0000 0.0000 0.0000 0.0000 
102 1.5261 2.2567 0.2420 0.0580 1.0309 28.6280 0.0000 0.0000 0.0000 0.0000 0.0000 0.0000 0.0000 
103 1.8331 2.4442 -0.0250 0.1908 1.0309 28.6280 0.0000 0.0000 0.0000 0.0000 0.0000 0.0000 0.0000 
104 2.5991 1.9338 -0.0050 0.0209 1.0309 28.6280 0.0000 0.0000 0.0000 0.0000 0.0000 0.0000 0.0000 
105 1.8988 1.0942 -0.4350 0.0106 1.0309 28.6280 0.0000 0.0000 0.0000 0.0000 0.0000 0.0000 0.0000 
106 0.5078 0.3813 1.7460 0.0015 1.0309 28.6280 0.0000 0.0000 0.0000 0.0000 0.0000 0.0000 0.0000 
107 2.7065 0.7268 1.8180 0.0022 1.0309 28.6280 0.0000 0.0000 0.0000 0.0000 0.0000 0.0000 0.0000 
108 1.3974 1.0634 -0.5240 0.0208 1.0309 28.6280 0.0000 0.0000 0.0000 0.0000 0.0000 0.0000 0.0000 
109 1.9847 1.7222 0.4560 0.0543 1.0309 28.6280 0.0000 0.0000 0.0000 0.0000 0.0000 0.0000 0.0000 
110 2.7128 1.4263 0.0580 0.0752 1.0309 28.6280 0.0000 0.0000 0.0000 0.0000 0.0000 0.0000 0.0000 
111 1.2008 2.0807 0.4950 0.0044 1.0309 28.6280 0.0000 0.0000 0.0000 0.0000 0.0000 0.0000 0.0000 
112 2.3654 2.9149 -0.6300 0.1370 1.0309 28.6280 0.0000 0.0000 0.0000 0.0000 0.0000 0.0000 0.0000 
113 1.0485 2.7963 -0.7280 0.2341 1.0309 28.6280 0.0000 0.0000 0.0000 0.0000 0.0000 0.0000 0.0000 
114 3.0851 3.0880 -0.0980 0.0659 1.0309 28.6280 0.0000 0.0000 0.0000 0.0000 0.0000 0.0000 0.0000 
115 0.4930 1.2561 0.3320 0.0678 1.0309 28.6280 0.0000 0.0000 0.0000 0.0000 0.0000 0.0000 0.0000 
116 2.4542 2.6276 -1.0090 0.1752 1.0309 28.6280 0.0000 0.0000 0.0000 0.0000 0.0000 0.0000 0.0000 
117 0.2202 1.3016 0.1580 0.0736 1.0309 28.6280 0.0000 0.0000 0.0000 0.0000 0.0000 0.0000 0.0000 
118 2.3026 2.4064 -0.5230 0.1173 1.0309 28.6280 0.0000 0.0000 0.0000 0.0000 0.0000 0.0000 0.0000 
119 1.7275 0.7404 0.1380 0.1186 1.0309 28.6280 0.0000 0.0000 0.0000 0.0000 0.0000 0.0000 0.0000 
120 1.3373 0.2781 0.5110 0.0216 1.0309 28.6280 0.0000 0.0000 0.0000 0.0000 0.0000 0.0000 0.0000 
121 1.0602 1.3999 -0.2560 0.0468 1.0309 28.6280 0.0000 0.0000 0.0000 0.0000 0.0000 0.0000 0.0000 
122 2.6030 1.8925 0.1050 0.0231 1.0309 28.6280 0.0000 0.0000 0.0000 0.0000 0.0000 0.0000 0.0000 
123 1.3603 0.8480 -0.0160 0.0844 1.0309 28.6280 0.0000 0.0000 0.0000 0.0000 0.0000 0.0000 0.0000 
124 1.0589 2.1401 0.2320 0.0147 1.0309 28.6280 0.0000 0.0000 0.0000 0.0000 0.0000 0.0000 0.0000 
125 1.4549 0.6266 0.4570 0.1268 1.0309 28.6280 0.0000 0.0000 0.0000 0.0000 0.0000 0.0000 0.0000 
126 2.5994 1.8508 0.1000 0.0262 1.0309 28.6280 0.0000 0.0000 0.0000 0.0000 0.0000 0.0000 0.0000 
127 3.0428 1.7315 -0.0490 0.0571 1.0309 28.6280 0.0000 0.0000 0.0000 0.0000 0.0000 0.0000 0.0000 
128 1.9951 1.4007 -0.3290 0.0415 1.0309 28.6280 0.0000 0.0000 0.0000 0.0000 0.0000 0.0000 0.0000 
129 1.9502 2.8947 -0.4950 0.2157 1.0309 28.6280 0.0000 0.0000 0.0000 0.0000 0.0000 0.0000 0.0000 
130 3.0847 2.1104 -0.1500 0.0624 1.0309 28.6280 0.0000 0.0000 0.0000 0.0000 0.0000 0.0000 0.0000 
131 1.4086 0.2906 0.5680 0.0201 1.0309 28.6280 0.0000 0.0000 0.0000 0.0000 0.0000 0.0000 0.0000 
132 2.6555 1.2905 0.2520 0.0716 1.0309 28.6280 0.0000 0.0000 0.0000 0.0000 0.0000 0.0000 0.0000 
133 1.2633 0.2737 0.5010 0.0253 1.0309 28.6280 0.0000 0.0000 0.0000 0.0000 0.0000 0.0000 0.0000 
134 0.2038 1.2879 0.2330 0.0729 1.0309 28.6280 0.0000 0.0000 0.0000 0.0000 0.0000 0.0000 0.0000 
135 3.0647 2.3525 -0.4280 0.0760 1.0309 28.6280 0.0000 0.0000 0.0000 0.0000 0.0000 0.0000 0.0000 
136 2.2559 2.1331 0.0930 0.0165 1.0309 28.6280 0.0000 0.0000 0.0000 0.0000 0.0000 0.0000 0.0000 
137 0.9300 0.6130 0.8120 0.0130 1.0309 28.6280 0.0000 0.0000 0.0000 0.0000 0.0000 0.0000 0.0000 
138 1.9321 0.2933 0.5860 0.0300 1.0309 28.6280 0.0000 0.0000 0.0000 0.0000 0.0000 0.0000 0.0000 
139 1.8887 1.6648 0.1920 0.0630 1.0309 28.6280 0.0000 0.0000 0.0000 0.0000 0.0000 0.0000 0.0000 
140 1.7501 0.4691 0.5890 0.0791 1.0309 28.6280 0.0000 0.0000 0.0000 0.0000 0.0000 0.0000 0.0000 
141 0.3056 1.5394 0.0370 0.0655 1.0309 28.6280 0.0000 0.0000 0.0000 0.0000 0.0000 0.0000 0.0000 
142 0.5428 2.0510 -0.1590 0.0227 1.0309 28.6280 0.0000 0.0000 0.0000 0.0000 0.0000 0.0000 0.0000 
143 1.0415 1.9877 0.5120 0.0081 1.0309 28.6280 0.0000 0.0000 0.0000 0.0000 0.0000 0.0000 0.0000 
144 2.3818 1.9445 0.1960 0.0136 1.0309 28.6280 0.0000 0.0000 0.0000 0.0000 0.0000 0.0000 0.0000 
145 1.7169 0.7002 0.2160 0.1245 1.0309 28.6280 0.0000 0.0000 0.0000 0.0000 0.0000 0.0000 0.0000 
146 1.1560 3.0745 -0.1810 0.0942 1.0309 28.6280 0.0000 0.0000 0.0000 0.0000 0.0000 0.0000 0.0000 
147 0.9169 0.9648 0.0830 0.0079 1.0309 28.6280 0.0000 0.0000 0.0000 0.0000 0.0000 0.0000 0.0000 
148 1.6004 1.7606 0.2370 0.0561 1.0309 28.6280 0.0000 0.0000 0.0000 0.0000 0.0000 0.0000 0.0000 
149 2.5051 0.9980 0.8740 0.0152 1.0309 28.6280 0.0000 0.0000 0.0000 0.0000 0.0000 0.0000 0.0000 
150 3.0285 0.1676 0.3880 0.0442 1.0309 28.6280 0.0000 0.0000 0.0000 0.0000 0.0000 0.0000 0.0000 
151 2.5040 1.8329 -0.0410 0.0259 1.0309 28.6280 0.0000 0.0000 0.0000 0.0000 0.0000 0.0000 0.0000 
152 2.8410 0.5656 1.9050 0.0044 1.0309 28.6280 0.0000 0.0000 0.0000 0.0000 0.0000 0.0000 0.0000 
153 2.1963 2.9810 -0.3360 0.1241 1.0309 28.6280 0.0000 0.0000 0.0000 0.0000 0.0000 0.0000 0.0000 
154 2.1289 0.4418 0.7750 0.0252 1.0309 28.6280 0.0000 0.0000 0.0000 0.0000 0.0000 0.0000 0.0000 
155 2.9011 3.0492 -0.4290 0.0854 1.0309 28.6280 0.0000 0.0000 0.0000 0.0000 0.0000 0.0000 0.0000 
156 0.4370 2.6162 -1.3730 0.1705 1.0309 28.6280 0.0000 0.0000 0.0000 0.0000 0.0000 0.0000 0.0000 
157 0.3413 0.3473 1.5520 0.0056 1.0309 28.6280 0.0000 0.0000 0.0000 0.0000 0.0000 0.0000 0.0000 
158 2.5192 2.2897 -0.3960 0.0674 1.0309 28.6280 0.0000 0.0000 0.0000 0.0000 0.0000 0.0000 0.0000 
159 3.0114 2.0221 -0.2150 0.0554 1.0309 28.6280 0.0000 0.0000 0.0000 0.0000 0.0000 0.0000 0.0000 
160 1.6564 0.9275 -0.2310 0.0722 1.0309 28.6280 0.0000 0.0000 0.0000 0.0000 0.0000 0.0000 0.0000 
161 1.8424 3.1187 -0.0020 0.0748 1.0309 28.6280 0.0000 0.0000 0.0000 0.0000 0.0000 0.0000 0.0000 
162 2.0669 2.7631 -0.6600 0.2527 1.0309 28.6280 0.0000 0.0000 0.0000 0.0000 0.0000 0.0000 0.0000 
163 0.7006 2.3355 -0.3800 0.0817 1.0309 28.6280 0.0000 0.0000 0.0000 0.0000 0.0000 0.0000 0.0000 
164 2.3258 0.3155 0.9220 0.0125 1.0309 28.6280 0.0000 0.0000 0.0000 0.0000 0.0000 0.0000 0.0000 
165 2.5947 0.6355 1.8890 0.0000 1.0309 28.6280 0.0000 0.0000 0.0000 0.0000 0.0000 0.0000 0.0000 
166 0.7611 0.2862 0.8770 0.0121 1.0309 28.6280 0.0000 0.0000 0.0000 0.0000 0.0000 0.0000 0.0000 
167 2.1156 0.5328 0.7480 0.0275 1.0309 28.6280 0.0000 0.0000 0.0000 0.0000 0.0000 0.0000 0.0000 
168 3.0677 0.1001 0.0590 0.0547 1.0309 28.6280 0.0000 0.0000 0.0000 0.0000 0.0000 0.0000 0.0000 
169 2.5621 2.4091 -0.7370 0.1128 1.0309 28.6280 0.0000 0.0000 0.0000 0.0000 0.0000 0.0000 0.0000 
170 1.8316 1.8397 0.4900 0.0361 1.0309 28.6280 0.0000 0.0000 0.0000 0.0000 0.0000 0.0000 0.0000 
171 2.5271 2.0356 -0.0430 0.0173 1.0309 28.6280 0.0000 0.0000 0.0000 0.0000 0.0000 0.0000 0.0000 
172 0.5239 2.5237 -1.0230 0.1521 1.0309 28.6280 0.0000 0.0000 0.0000 0.0000 0.0000 0.0000 0.0000 
173 1.1764 1.8756 0.3430 0.0260 1.0309 28.6280 0.0000 0.0000 0.0000 0.0000 0.0000 0.0000 0.0000 
174 1.6586 2.8497 -0.3750 0.2732 1.0309 28.6280 0.0000 0.0000 0.0000 0.0000 0.0000 0.0000 0.0000 
175 1.3603 2.6958 -0.5330 0.3118 1.0309 28.6280 0.0000 0.0000 0.0000 0.0000 0.0000 0.0000 0.0000 
176 0.3488 1.0921 0.6470 0.0519 1.0309 28.6280 0.0000 0.0000 0.0000 0.0000 0.0000 0.0000 0.0000 
177 2.1396 1.9613 0.4290 0.0108 1.0309 28.6280 0.0000 0.0000 0.0000 0.0000 0.0000 0.0000 0.0000 
178 2.6316 0.7324 1.7500 0.0008 1.0309 28.6280 0.0000 0.0000 0.0000 0.0000 0.0000 0.0000 0.0000 
179 2.5460 2.5200 -0.9740 0.1503 1.0309 28.6280 0.0000 0.0000 0.0000 0.0000 0.0000 0.0000 0.0000 
180 0.5347 0.5253 1.7810 0.0001 1.0309 28.6280 0.0000 0.0000 0.0000 0.0000 0.0000 0.0000 0.0000 
181 1.8741 3.0674 -0.2240 0.1048 1.0309 28.6280 0.0000 0.0000 0.0000 0.0000 0.0000 0.0000 0.0000 
182 1.9667 1.4017 -0.2520 0.0399 1.0309 28.6280 0.0000 0.0000 0.0000 0.0000 0.0000 0.0000 0.0000 
183 1.6417 2.5623 -0.3670 0.2727 1.0309 28.6280 0.0000 0.0000 0.0000 0.0000 0.0000 0.0000 0.0000 
184 1.6886 1.7326 0.1530 0.0600 1.0309 28.6280 0.0000 0.0000 0.0000 0.0000 0.0000 0.0000 0.0000 
185 1.9045 2.9351 -0.3920 0.1954 1.0309 28.6280 0.0000 0.0000 0.0000 0.0000 0.0000 0.0000 0.0000 
186 2.5345 2.6523 -1.0370 0.1755 1.0309 28.6280 0.0000 0.0000 0.0000 0.0000 0.0000 0.0000 0.0000 
187 0.9097 1.9254 0.3640 0.0147 1.0309 28.6280 0.0000 0.0000 0.0000 0.0000 0.0000 0.0000 0.0000 
188 2.6035 2.2843 -0.5480 0.0704 1.0309 28.6280 0.0000 0.0000 0.0000 0.0000 0.0000 0.0000 0.0000 
189 2.9950 2.8837 -0.5380 0.1017 1.0309 28.6280 0.0000 0.0000 0.0000 0.0000 0.0000 0.0000 0.0000 
190 0.4882 1.6457 0.0800 0.0525 1.0309 28.6280 0.0000 0.0000 0.0000 0.0000 0.0000 0.0000 0.0000 
191 1.1882 0.7239 0.2520 0.0638 1.0309 28.6280 0.0000 0.0000 0.0000 0.0000 0.0000 0.0000 0.0000 
192 1.6232 3.0917 -0.0080 0.0962 1.0309 28.6280 0.0000 0.0000 0.0000 0.0000 0.0000 0.0000 0.0000 
193 2.4368 0.4015 1.3410 0.0024 1.0309 28.6280 0.0000 0.0000 0.0000 0.0000 0.0000 0.0000 0.0000 
194 0.8535 1.2244 -0.0950 0.0354 1.0309 28.6280 0.0000 0.0000 0.0000 0.0000 0.0000 0.0000 0.0000 
195 2.7923 1.4976 0.0200 0.0697 1.0309 28.6280 0.0000 0.0000 0.0000 0.0000 0.0000 0.0000 0.0000 
196 0.5852 1.7735 0.1320 0.0340 1.0309 28.6280 0.0000 0.0000 0.0000 0.0000 0.0000 0.0000 0.0000 
197 0.8520 0.2166 0.6200 0.0240 1.0309 28.6280 0.0000 0.0000 0.0000 0.0000 0.0000 0.0000 0.0000 
198 1.9027 3.1138 -0.1040 0.0763 1.0309 28.6280 0.0000 0.0000 0.0000 0.0000 0.0000 0.0000 0.0000 
199 2.4600 2.3392 -0.4490 0.0835 1.0309 28.6280 0.0000 0.0000 0.0000 0.0000 0.0000 0.0000 0.0000 
200 0.5643 1.8085 0.1230 0.0300 1.0309 28.6280 0.0000 0.0000 0.0000 0.0000 0.0000 0.0000 0.0000 
201 2.0373 2.4090 -0.2500 0.1494 1.0309 28.6280 0.0000 0.0000 0.0000 0.0000 0.0000 0.0000 0.0000 
202 1.4587 0.2621 0.4420 0.0109 1.0309 28.6280 0.0000 0.0000 0.0000 0.0000 0.0000 0.0000 0.0000 
203 2.9217 0.9077 0.9990 0.0371 1.0309 28.6280 0.0000 0.0000 0.0000 0.0000 0.0000 0.0000 0.0000 
204 2.3460 1.5119 -0.0220 0.0661 1.0309 28.6280 0.0000 0.0000 0.0000 0.0000 0.0000 0.0000 0.0000 
205 2.4700 1.1272 0.2750 0.0335 1.0309 28.6280 0.0000 0.0000 0.0000 0.0000 0.0000 0.0000 0.0000 
206 0.3812 1.4018 0.1000 0.0759 1.0309 28.6280 0.0000 0.0000 0.0000 0.0000 0.0000 0.0000 0.0000 
207 1.5600 2.5107 -0.3220 0.2409 1.0309 28.6280 0.0000 0.0000 0.0000 0.0000 0.0000 0.0000 0.0000 
208 1.3281 2.1271 0.4670 0.0086 1.0309 28.6280 0.0000 0.0000 0.0000 0.0000 0.0000 0.0000 0.0000 
209 1.2446 2.3285 -0.0520 0.1017 1.0309 28.6280 0.0000 0.0000 0.0000 0.0000 0.0000 0.0000 0.0000 
210 0.6299 2.7768 -1.0280 0.1701 1.0309 28.6280 0.0000 0.0000 0.0000 0.0000 0.0000 0.0000 0.0000 
211 2.9725 0.1721 0.5120 0.0365 1.0309 28.6280 0.0000 0.0000 0.0000 0.0000 0.0000 0.0000 0.0000 
212 2.7109 2.4666 -1.1160 0.1354 1.0309 28.6280 0.0000 0.0000 0.0000 0.0000 0.0000 0.0000 0.0000 
213 2.2078 0.4221 0.8290 0.0160 1.0309 28.6280 0.0000 0.0000 0.0000 0.0000 0.0000 0.0000 0.0000 
214 2.3291 2.4471 -0.5100 0.1338 1.0309 28.6280 0.0000 0.0000 0.0000 0.0000 0.0000 0.0000 0.0000 
215 2.0049 3.0311 -0.3170 0.1176 1.0309 28.6280 0.0000 0.0000 0.0000 0.0000 0.0000 0.0000 0.0000 
216 2.9802 2.0272 -0.3260 0.0534 1.0309 28.6280 0.0000 0.0000 0.0000 0.0000 0.0000 0.0000 0.0000 
217 2.9135 0.5373 1.5140 0.0106 1.0309 28.6280 0.0000 0.0000 0.0000 0.0000 0.0000 0.0000 0.0000 
218 1.0073 1.7116 0.1560 0.0507 1.0309 28.6280 0.0000 0.0000 0.0000 0.0000 0.0000 0.0000 0.0000 
219 1.6898 2.9982 -0.1580 0.1669 1.0309 28.6280 0.0000 0.0000 0.0000 0.0000 0.0000 0.0000 0.0000 
220 2.0343 1.9898 0.4610 0.0075 1.0309 28.6280 0.0000 0.0000 0.0000 0.0000 0.0000 0.0000 0.0000 
221 1.9897 2.9761 -0.3020 0.1544 1.0309 28.6280 0.0000 0.0000 0.0000 0.0000 0.0000 0.0000 0.0000 
222 1.3179 2.3490 -0.0350 0.1183 1.0309 28.6280 0.0000 0.0000 0.0000 0.0000 0.0000 0.0000 0.0000 
223 1.9254 1.3240 -0.3790 0.0225 1.0309 28.6280 0.0000 0.0000 0.0000 0.0000 0.0000 0.0000 0.0000 
224 1.1312 0.5674 0.6150 0.0496 1.0309 28.6280 0.0000 0.0000 0.0000 0.0000 0.0000 0.0000 0.0000 
225 0.1332 1.1220 0.2590 0.0645 1.0309 28.6280 0.0000 0.0000 0.0000 0.0000 0.0000 0.0000 0.0000 
226 1.0131 0.3470 0.7860 0.0258 1.0309 28.6280 0.0000 0.0000 0.0000 0.0000 0.0000 0.0000 0.0000 
227 1.5766 1.1673 -0.4230 0.0026 1.0309 28.6280 0.0000 0.0000 0.0000 0.0000 0.0000 0.0000 0.0000 
228 2.9165 2.4740 -1.1350 0.1181 1.0309 28.6280 0.0000 0.0000 0.0000 0.0000 0.0000 0.0000 0.0000 
229 2.1229 2.6762 -0.7120 0.2479 1.0309 28.6280 0.0000 0.0000 0.0000 0.0000 0.0000 0.0000 0.0000 
230 0.9354 0.4537 0.8600 0.0153 1.0309 28.6280 0.0000 0.0000 0.0000 0.0000 0.0000 0.0000 0.0000 
231 1.9544 0.7919 0.0740 0.0569 1.0309 28.6280 0.0000 0.0000 0.0000 0.0000 0.0000 0.0000 0.0000 
232 3.0961 1.3927 0.0760 0.0650 1.0309 28.6280 0.0000 0.0000 0.0000 0.0000 0.0000 0.0000 0.0000 
233 2.7952 0.8475 1.6650 0.0159 1.0309 28.6280 0.0000 0.0000 0.0000 0.0000 0.0000 0.0000 0.0000 
234 0.3851 2.0071 -0.2430 0.0325 1.0309 28.6280 0.0000 0.0000 0.0000 0.0000 0.0000 0.0000 0.0000 
235 2.2075 0.8787 0.2860 0.0098 1.0309 28.6280 0.0000 0.0000 0.0000 0.0000 0.0000 0.0000 0.0000 
236 2.9190 3.0599 -0.3520 0.0815 1.0309 28.6280 0.0000 0.0000 0.0000 0.0000 0.0000 0.0000 0.0000 
237 2.1904 3.0848 -0.2910 0.0808 1.0309 28.6280 0.0000 0.0000 0.0000 0.0000 0.0000 0.0000 0.0000 
238 3.0904 0.5506 0.3560 0.0470 1.0309 28.6280 0.0000 0.0000 0.0000 0.0000 0.0000 0.0000 0.0000 
239 2.3215 2.3689 -0.3880 0.0983 1.0309 28.6280 0.0000 0.0000 0.0000 0.0000 0.0000 0.0000 0.0000 
240 2.3261 1.1328 0.1410 0.0238 1.0309 28.6280 0.0000 0.0000 0.0000 0.0000 0.0000 0.0000 0.0000 
241 1.7526 1.8887 0.4000 0.0254 1.0309 28.6280 0.0000 0.0000 0.0000 0.0000 0.0000 0.0000 0.0000 
242 2.6852 0.2565 1.3420 0.0091 1.0309 28.6280 0.0000 0.0000 0.0000 0.0000 0.0000 0.0000 0.0000 
243 1.2412 1.0577 -0.3980 0.0156 1.0309 28.6280 0.0000 0.0000 0.0000 0.0000 0.0000 0.0000 0.0000 
244 2.5076 0.4547 1.5740 0.0003 1.0309 28.6280 0.0000 0.0000 0.0000 0.0000 0.0000 0.0000 0.0000 
245 0.2876 0.4511 1.7880 0.0054 1.0309 28.6280 0.0000 0.0000 0.0000 0.0000 0.0000 0.0000 0.0000 
246 0.4529 1.4237 -0.0270 0.0753 1.0309 28.6280 0.0000 0.0000 0.0000 0.0000 0.0000 0.0000 0.0000 
247 2.7331 1.1802 0.3700 0.0619 1.0309 28.6280 0.0000 0.0000 0.0000 0.0000 0.0000 0.0000 0.0000 
248 0.4077 2.1378 -0.4260 0.0443 1.0309 28.6280 0.0000 0.0000 0.0000 0.0000 0.0000 0.0000 0.0000 
249 1.1118 1.8373 0.4870 0.0323 1.0309 28.6280 0.0000 0.0000 0.0000 0.0000 0.0000 0.0000 0.0000 
250 2.3740 1.4866 0.0040 0.0674 1.0309 28.6280 0.0000 0.0000 0.0000 0.0000 0.0000 0.0000 0.0000 
251 2.3303 1.9845 0.2040 0.0106 1.0309 28.6280 0.0000 0.0000 0.0000 0.0000 0.0000 0.0000 0.0000 
252 2.6908 2.4188 -0.9850 0.1200 1.0309 28.6280 0.0000 0.0000 0.0000 0.0000 0.0000 0.0000 0.0000 
253 2.8411 2.3699 -0.9850 0.1035 1.0309 28.6280 0.0000 0.0000 0.0000 0.0000 0.0000 0.0000 0.0000 
254 0.9584 1.6348 0.0650 0.0584 1.0309 28.6280 0.0000 0.0000 0.0000 0.0000 0.0000 0.0000 0.0000 
255 2.4489 2.4866 -0.7570 0.1409 1.0309 28.6280 0.0000 0.0000 0.0000 0.0000 0.0000 0.0000 0.0000 
256 2.3214 2.6643 -0.7840 0.1945 1.0309 28.6280 0.0000 0.0000 0.0000 0.0000 0.0000 0.0000 0.0000 
257 2.6080 1.7456 0.1290 0.0384 1.0309 28.6280 0.0000 0.0000 0.0000 0.0000 0.0000 0.0000 0.0000 
258 2.0482 0.2332 0.4960 0.0286 1.0309 28.6280 0.0000 0.0000 0.0000 0.0000 0.0000 0.0000 0.0000 
259 1.5522 2.3105 0.1470 0.0921 1.0309 28.6280 0.0000 0.0000 0.0000 0.0000 0.0000 0.0000 0.0000 
260 2.8785 2.6803 -1.2520 0.1499 1.0309 28.6280 0.0000 0.0000 0.0000 0.0000 0.0000 0.0000 0.0000 
261 1.4362 0.7984 -0.0410 0.1110 1.0309 28.6280 0.0000 0.0000 0.0000 0.0000 0.0000 0.0000 0.0000 
262 2.7935 2.0992 -0.3360 0.0439 1.0309 28.6280 0.0000 0.0000 0.0000 0.0000 0.0000 0.0000 0.0000 
263 0.6827 0.2146 0.7700 0.0172 1.0309 28.6280 0.0000 0.0000 0.0000 0.0000 0.0000 0.0000 0.0000 
264 2.7707 1.8541 -0.0170 0.0344 1.0309 28.6280 0.0000 0.0000 0.0000 0.0000 0.0000 0.0000 0.0000 
265 0.4330 3.1109 -0.1600 0.0724 1.0309 28.6280 0.0000 0.0000 0.0000 0.0000 0.0000 0.0000 0.0000 
266 1.8861 2.4075 -0.1160 0.1604 1.0309 28.6280 0.0000 0.0000 0.0000 0.0000 0.0000 0.0000 0.0000 
267 2.5528 0.8784 1.2740 0.0051 1.0309 28.6280 0.0000 0.0000 0.0000 0.0000 0.0000 0.0000 0.0000 
268 1.6889 0.6238 0.2490 0.1262 1.0309 28.6280 0.0000 0.0000 0.0000 0.0000 0.0000 0.0000 0.0000 
269 1.9628 1.4218 -0.1910 0.0435 1.0309 28.6280 0.0000 0.0000 0.0000 0.0000 0.0000 0.0000 0.0000 
270 2.5029 0.4522 1.6170 0.0004 1.0309 28.6280 0.0000 0.0000 0.0000 0.0000 0.0000 0.0000 0.0000 
271 0.7252 1.2772 -0.0120 0.0551 1.0309 28.6280 0.0000 0.0000 0.0000 0.0000 0.0000 0.0000 0.0000 
272 0.1048 1.3366 0.0770 0.0688 1.0309 28.6280 0.0000 0.0000 0.0000 0.0000 0.0000 0.0000 0.0000 
273 3.0277 2.7332 -0.6210 0.1019 1.0309 28.6280 0.0000 0.0000 0.0000 0.0000 0.0000 0.0000 0.0000 
274 0.6476 2.6298 -1.0000 0.1739 1.0309 28.6280 0.0000 0.0000 0.0000 0.0000 0.0000 0.0000 0.0000 
275 0.7846 0.8289 0.6220 0.0029 1.0309 28.6280 0.0000 0.0000 0.0000 0.0000 0.0000 0.0000 0.0000 
276 2.0393 0.9945 -0.1150 0.0159 1.0309 28.6280 0.0000 0.0000 0.0000 0.0000 0.0000 0.0000 0.0000 
277 0.7122 0.3605 1.1860 0.0045 1.0309 28.6280 0.0000 0.0000 0.0000 0.0000 0.0000 0.0000 0.0000 
278 0.6377 0.6854 1.5540 0.0002 1.0309 28.6280 0.0000 0.0000 0.0000 0.0000 0.0000 0.0000 0.0000 
279 2.8735 0.2276 0.9780 0.0198 1.0309 28.6280 0.0000 0.0000 0.0000 0.0000 0.0000 0.0000 0.0000 
280 1.7429 0.7454 0.0850 0.1149 1.0309 28.6280 0.0000 0.0000 0.0000 0.0000 0.0000 0.0000 0.0000 
281 2.2908 0.1092 0.3390 0.0390 1.0309 28.6280 0.0000 0.0000 0.0000 0.0000 0.0000 0.0000 0.0000 
282 1.2297 2.3438 -0.0030 0.1119 1.0309 28.6280 0.0000 0.0000 0.0000 0.0000 0.0000 0.0000 0.0000 
283 0.1788 1.3511 0.1370 0.0722 1.0309 28.6280 0.0000 0.0000 0.0000 0.0000 0.0000 0.0000 0.0000 
284 1.0915 1.5727 0.0400 0.0625 1.0309 28.6280 0.0000 0.0000 0.0000 0.0000 0.0000 0.0000 0.0000 
285 2.0121 0.3431 0.5630 0.0340 1.0309 28.6280 0.0000 0.0000 0.0000 0.0000 0.0000 0.0000 0.0000 
286 2.7338 0.9213 1.4610 0.0196 1.0309 28.6280 0.0000 0.0000 0.0000 0.0000 0.0000 0.0000 0.0000 
287 2.4483 0.5043 1.4370 0.0003 1.0309 28.6280 0.0000 0.0000 0.0000 0.0000 0.0000 0.0000 0.0000 
288 0.3854 0.6891 1.9550 0.0028 1.0309 28.6280 0.0000 0.0000 0.0000 0.0000 0.0000 0.0000 0.0000 
289 0.3551 0.8538 1.5370 0.0158 1.0309 28.6280 0.0000 0.0000 0.0000 0.0000 0.0000 0.0000 0.0000 
290 0.5245 0.3631 1.7080 0.0021 1.0309 28.6280 0.0000 0.0000 0.0000 0.0000 0.0000 0.0000 0.0000 
291 2.6910 1.7073 0.0030 0.0448 1.0309 28.6280 0.0000 0.0000 0.0000 0.0000 0.0000 0.0000 0.0000 
292 1.6103 1.6460 0.2010 0.0672 1.0309 28.6280 0.0000 0.0000 0.0000 0.0000 0.0000 0.0000 0.0000 
293 2.5653 0.2396 1.1850 0.0113 1.0309 28.6280 0.0000 0.0000 0.0000 0.0000 0.0000 0.0000 0.0000 
294 0.2379 2.1263 -0.4680 0.0562 1.0309 28.6280 0.0000 0.0000 0.0000 0.0000 0.0000 0.0000 0.0000 
295 0.1214 1.6381 0.0280 0.0595 1.0309 28.6280 0.0000 0.0000 0.0000 0.0000 0.0000 0.0000 0.0000 
296 2.0007 2.6838 -0.7270 0.2817 1.0309 28.6280 0.0000 0.0000 0.0000 0.0000 0.0000 0.0000 0.0000 
297 0.1020 1.3226 0.0810 0.0688 1.0309 28.6280 0.0000 0.0000 0.0000 0.0000 0.0000 0.0000 0.0000 
298 1.0519 1.8646 0.4540 0.0257 1.0309 28.6280 0.0000 0.0000 0.0000 0.0000 0.0000 0.0000 0.0000 
299 0.2004 2.3934 -0.8320 0.0998 1.0309 28.6280 0.0000 0.0000 0.0000 0.0000 0.0000 0.0000 0.0000 
300 3.0108 1.7689 0.0750 0.0542 1.0309 28.6280 0.0000 0.0000 0.0000 0.0000 0.0000 0.0000 0.0000 
301 2.1264 2.6401 -0.6190 0.2439 1.0309 28.6280 0.0000 0.0000 0.0000 0.0000 0.0000 0.0000 0.0000 
302 2.6664 2.5922 -1.2700 0.1678 1.0309 28.6280 0.0000 0.0000 0.0000 0.0000 0.0000 0.0000 0.0000 
303 1.5820 0.3665 0.5210 0.0422 1.0309 28.6280 0.0000 0.0000 0.0000 0.0000 0.0000 0.0000 0.0000 
304 2.5163 2.6662 -1.0590 0.1764 1.0309 28.6280 0.0000 0.0000 0.0000 0.0000 0.0000 0.0000 0.0000 
305 2.2320 1.0570 -0.0330 0.0110 1.0309 28.6280 0.0000 0.0000 0.0000 0.0000 0.0000 0.0000 0.0000 
306 3.0654 1.9944 -0.0550 0.0582 1.0309 28.6280 0.0000 0.0000 0.0000 0.0000 0.0000 0.0000 0.0000 
307 1.0502 2.4910 -0.4660 0.1947 1.0309 28.6280 0.0000 0.0000 0.0000 0.0000 0.0000 0.0000 0.0000 
308 0.7817 0.8322 0.7640 0.0028 1.0309 28.6280 0.0000 0.0000 0.0000 0.0000 0.0000 0.0000 0.0000 
309 2.8534 0.2679 1.1080 0.0141 1.0309 28.6280 0.0000 0.0000 0.0000 0.0000 0.0000 0.0000 0.0000 
310 2.7455 1.3068 0.1620 0.0751 1.0309 28.6280 0.0000 0.0000 0.0000 0.0000 0.0000 0.0000 0.0000 
311 1.8399 2.2017 0.4130 0.0312 1.0309 28.6280 0.0000 0.0000 0.0000 0.0000 0.0000 0.0000 0.0000 
312 2.8453 0.7688 1.5280 0.0134 1.0309 28.6280 0.0000 0.0000 0.0000 0.0000 0.0000 0.0000 0.0000 
313 0.3827 1.6578 -0.1550 0.0522 1.0309 28.6280 0.0000 0.0000 0.0000 0.0000 0.0000 0.0000 0.0000 
314 0.7816 1.3901 -0.0870 0.0641 1.0309 28.6280 0.0000 0.0000 0.0000 0.0000 0.0000 0.0000 0.0000 
315 0.4353 0.3737 1.9060 0.0023 1.0309 28.6280 0.0000 0.0000 0.0000 0.0000 0.0000 0.0000 0.0000 
316 1.8261 0.2575 0.4140 0.0196 1.0309 28.6280 0.0000 0.0000 0.0000 0.0000 0.0000 0.0000 0.0000 
317 0.9109 1.2807 -0.1460 0.0396 1.0309 28.6280 0.0000 0.0000 0.0000 0.0000 0.0000 0.0000 0.0000 
318 0.3888 2.5503 -1.2520 0.1558 1.0309 28.6280 0.0000 0.0000 0.0000 0.0000 0.0000 0.0000 0.0000 
319 2.8422 0.1977 1.0000 0.0213 1.0309 28.6280 0.0000 0.0000 0.0000 0.0000 0.0000 0.0000 0.0000 
320 2.5541 0.6350 1.8240 0.0000 1.0309 28.6280 0.0000 0.0000 0.0000 0.0000 0.0000 0.0000 0.0000 
321 2.3189 0.2845 0.8420 0.0155 1.0309 28.6280 0.0000 0.0000 0.0000 0.0000 0.0000 0.0000 0.0000 
322 2.3675 2.9362 -0.6190 0.1294 1.0309 28.6280 0.0000 0.0000 0.0000 0.0000 0.0000 0.0000 0.0000 
323 0.8880 0.6021 0.9060 0.0086 1.0309 28.6280 0.0000 0.0000 0.0000 0.0000 0.0000 0.0000 0.0000 
324 1.1356 2.7152 -0.5690 0.2789 1.0309 28.6280 0.0000 0.0000 0.0000 0.0000 0.0000 0.0000 0.0000 
325 2.4730 0.5767 1.5220 0.0002 1.0309 28.6280 0.0000 0.0000 0.0000 0.0000 0.0000 0.0000 0.0000 
326 2.8430 2.3481 -0.9240 0.0978 1.0309 28.6280 0.0000 0.0000 0.0000 0.0000 0.0000 0.0000 0.0000 
327 3.0112 3.0586 -0.1480 0.0745 1.0309 28.6280 0.0000 0.0000 0.0000 0.0000 0.0000 0.0000 0.0000 
328 0.5819 2.3131 -0.4710 0.0775 1.0309 28.6280 0.0000 0.0000 0.0000 0.0000 0.0000 0.0000 0.0000 
329 0.1744 0.6833 1.2470 0.0236 1.0309 28.6280 0.0000 0.0000 0.0000 0.0000 0.0000 0.0000 0.0000 
330 1.7317 0.8093 0.0530 0.1039 1.0309 28.6280 0.0000 0.0000 0.0000 0.0000 0.0000 0.0000 0.0000 
331 0.7639 1.1882 0.0680 0.0369 1.0309 28.6280 0.0000 0.0000 0.0000 0.0000 0.0000 0.0000 0.0000 
332 1.4974 2.8918 -0.4960 0.2481 1.0309 28.6280 0.0000 0.0000 0.0000 0.0000 0.0000 0.0000 0.0000 
333 1.8679 1.7914 0.3320 0.0459 1.0309 28.6280 0.0000 0.0000 0.0000 0.0000 0.0000 0.0000 0.0000 
334 2.2877 0.6730 0.9220 0.0060 1.0309 28.6280 0.0000 0.0000 0.0000 0.0000 0.0000 0.0000 0.0000 
335 2.5433 2.4201 -0.7630 0.1163 1.0309 28.6280 0.0000 0.0000 0.0000 0.0000 0.0000 0.0000 0.0000 
336 2.5767 1.4692 -0.0160 0.0722 1.0309 28.6280 0.0000 0.0000 0.0000 0.0000 0.0000 0.0000 0.0000 
337 1.7480 0.3276 0.5720 0.0309 1.0309 28.6280 0.0000 0.0000 0.0000 0.0000 0.0000 0.0000 0.0000 
338 1.4945 2.0579 0.4000 0.0002 1.0309 28.6280 0.0000 0.0000 0.0000 0.0000 0.0000 0.0000 0.0000 
339 2.9893 2.8257 -0.8110 0.1095 1.0309 28.6280 0.0000 0.0000 0.0000 0.0000 0.0000 0.0000 0.0000 
340 1.1318 2.4005 -0.1050 0.1462 1.0309 28.6280 0.0000 0.0000 0.0000 0.0000 0.0000 0.0000 0.0000 
341 2.7038 3.0239 -0.6120 0.1025 1.0309 28.6280 0.0000 0.0000 0.0000 0.0000 0.0000 0.0000 0.0000 
342 2.1699 1.1024 -0.2220 0.0122 1.0309 28.6280 0.0000 0.0000 0.0000 0.0000 0.0000 0.0000 0.0000 
343 2.7570 0.1495 0.7670 0.0254 1.0309 28.6280 0.0000 0.0000 0.0000 0.0000 0.0000 0.0000 0.0000 
344 1.8261 1.4932 -0.1710 0.0517 1.0309 28.6280 0.0000 0.0000 0.0000 0.0000 0.0000 0.0000 0.0000 
345 2.7850 1.9893 -0.2840 0.0342 1.0309 28.6280 0.0000 0.0000 0.0000 0.0000 0.0000 0.0000 0.0000 
346 0.7101 0.6034 1.4740 0.0006 1.0309 28.6280 0.0000 0.0000 0.0000 0.0000 0.0000 0.0000 0.0000 
347 0.2097 2.3880 -0.8730 0.1000 1.0309 28.6280 0.0000 0.0000 0.0000 0.0000 0.0000 0.0000 0.0000 
348 2.4823 1.2357 0.1780 0.0538 1.0309 28.6280 0.0000 0.0000 0.0000 0.0000 0.0000 0.0000 0.0000 
349 0.7803 1.7957 0.2080 0.0313 1.0309 28.6280 0.0000 0.0000 0.0000 0.0000 0.0000 0.0000 0.0000 
350 0.6946 1.7019 0.1500 0.0445 1.0309 28.6280 0.0000 0.0000 0.0000 0.0000 0.0000 0.0000 0.0000 
351 1.1451 1.0706 -0.3410 0.0110 1.0309 28.6280 0.0000 0.0000 0.0000 0.0000 0.0000 0.0000 0.0000 
352 2.2021 0.8565 0.3460 0.0108 1.0309 28.6280 0.0000 0.0000 0.0000 0.0000 0.0000 0.0000 0.0000 
353 1.1081 1.8152 0.2800 0.0365 1.0309 28.6280 0.0000 0.0000 0.0000 0.0000 0.0000 0.0000 0.0000 
354 2.9647 0.5567 1.2740 0.0183 1.0309 28.6280 0.0000 0.0000 0.0000 0.0000 0.0000 0.0000 0.0000 
355 1.0322 0.9293 0.0420 0.0157 1.0309 28.6280 0.0000 0.0000 0.0000 0.0000 0.0000 0.0000 0.0000 
356 1.0581 1.5834 0.0220 0.0625 1.0309 28.6280 0.0000 0.0000 0.0000 0.0000 0.0000 0.0000 0.0000 
357 2.5950 0.6513 1.8800 0.0000 1.0309 28.6280 0.0000 0.0000 0.0000 0.0000 0.0000 0.0000 0.0000 
358 2.2862 1.4139 -0.1720 0.0616 1.0309 28.6280 0.0000 0.0000 0.0000 0.0000 0.0000 0.0000 0.0000 
359 1.8397 1.6289 0.1630 0.0651 1.0309 28.6280 0.0000 0.0000 0.0000 0.0000 0.0000 0.0000 0.0000 
360 1.9340 0.6459 0.2780 0.0714 1.0309 28.6280 0.0000 0.0000 0.0000 0.0000 0.0000 0.0000 0.0000 
361 1.9738 1.3230 -0.5060 0.0256 1.0309 28.6280 0.0000 0.0000 0.0000 0.0000 0.0000 0.0000 0.0000 
362 2.4849 1.9120 0.2120 0.0179 1.0309 28.6280 0.0000 0.0000 0.0000 0.0000 0.0000 0.0000 0.0000 
363 1.3408 3.1022 -0.0070 0.0856 1.0309 28.6280 0.0000 0.0000 0.0000 0.0000 0.0000 0.0000 0.0000 
364 0.6446 0.1419 0.5180 0.0280 1.0309 28.6280 0.0000 0.0000 0.0000 0.0000 0.0000 0.0000 0.0000 
365 0.4747 2.1981 -0.3940 0.0508 1.0309 28.6280 0.0000 0.0000 0.0000 0.0000 0.0000 0.0000 0.0000 
366 0.3794 2.3368 -0.7290 0.0949 1.0309 28.6280 0.0000 0.0000 0.0000 0.0000 0.0000 0.0000 0.0000 
367 0.3686 1.0044 1.0840 0.0358 1.0309 28.6280 0.0000 0.0000 0.0000 0.0000 0.0000 0.0000 0.0000 
368 1.9927 0.1632 0.4410 0.0278 1.0309 28.6280 0.0000 0.0000 0.0000 0.0000 0.0000 0.0000 0.0000 
369 1.4166 3.1396 0.0090 0.0637 1.0309 28.6280 0.0000 0.0000 0.0000 0.0000 0.0000 0.0000 0.0000 
370 2.3139 1.2839 -0.2450 0.0475 1.0309 28.6280 0.0000 0.0000 0.0000 0.0000 0.0000 0.0000 0.0000 
371 2.8631 1.8313 -0.1230 0.0418 1.0309 28.6280 0.0000 0.0000 0.0000 0.0000 0.0000 0.0000 0.0000 
372 2.5664 1.1458 0.5170 0.0446 1.0309 28.6280 0.0000 0.0000 0.0000 0.0000 0.0000 0.0000 0.0000 
373 1.2608 2.2307 0.3050 0.0440 1.0309 28.6280 0.0000 0.0000 0.0000 0.0000 0.0000 0.0000 0.0000 
374 2.4144 2.2067 -0.1150 0.0373 1.0309 28.6280 0.0000 0.0000 0.0000 0.0000 0.0000 0.0000 0.0000 
375 0.5572 1.3817 0.0930 0.0741 1.0309 28.6280 0.0000 0.0000 0.0000 0.0000 0.0000 0.0000 0.0000 
376 1.0679 0.8040 0.2790 0.0303 1.0309 28.6280 0.0000 0.0000 0.0000 0.0000 0.0000 0.0000 0.0000 
377 0.4537 2.3759 -0.9140 0.1054 1.0309 28.6280 0.0000 0.0000 0.0000 0.0000 0.0000 0.0000 0.0000 
378 0.5305 1.1761 0.5290 0.0535 1.0309 28.6280 0.0000 0.0000 0.0000 0.0000 0.0000 0.0000 0.0000 
379 0.1571 2.2436 -0.4550 0.0732 1.0309 28.6280 0.0000 0.0000 0.0000 0.0000 0.0000 0.0000 0.0000 
380 2.0020 0.3376 0.6630 0.0340 1.0309 28.6280 0.0000 0.0000 0.0000 0.0000 0.0000 0.0000 0.0000 
381 2.9900 3.1264 0.0420 0.0650 1.0309 28.6280 0.0000 0.0000 0.0000 0.0000 0.0000 0.0000 0.0000 
382 2.3813 2.5508 -0.7680 0.1663 1.0309 28.6280 0.0000 0.0000 0.0000 0.0000 0.0000 0.0000 0.0000 
383 2.2399 0.1670 0.4290 0.0314 1.0309 28.6280 0.0000 0.0000 0.0000 0.0000 0.0000 0.0000 0.0000 
384 0.9307 0.8203 0.4360 0.0110 1.0309 28.6280 0.0000 0.0000 0.0000 0.0000 0.0000 0.0000 0.0000 
385 0.1658 2.0416 -0.3000 0.0538 1.0309 28.6280 0.0000 0.0000 0.0000 0.0000 0.0000 0.0000 0.0000 
386 1.8982 1.2015 -0.5090 0.0064 1.0309 28.6280 0.0000 0.0000 0.0000 0.0000 0.0000 0.0000 0.0000 
387 2.3759 0.8126 0.9040 0.0023 1.0309 28.6280 0.0000 0.0000 0.0000 0.0000 0.0000 0.0000 0.0000 
388 0.9540 0.4500 0.9470 0.0176 1.0309 28.6280 0.0000 0.0000 0.0000 0.0000 0.0000 0.0000 0.0000 
389 0.8155 2.6877 -0.7910 0.1937 1.0309 28.6280 0.0000 0.0000 0.0000 0.0000 0.0000 0.0000 0.0000 
390 1.5904 2.3407 -0.0110 0.1135 1.0309 28.6280 0.0000 0.0000 0.0000 0.0000 0.0000 0.0000 0.0000 
391 2.7395 2.1269 -0.4450 0.0431 1.0309 28.6280 0.0000 0.0000 0.0000 0.0000 0.0000 0.0000 0.0000 
392 1.1985 3.0420 -0.2690 0.1163 1.0309 28.6280 0.0000 0.0000 0.0000 0.0000 0.0000 0.0000 0.0000 
393 0.3436 1.3565 0.1600 0.0763 1.0309 28.6280 0.0000 0.0000 0.0000 0.0000 0.0000 0.0000 0.0000 
394 2.7919 2.1750 -0.4490 0.0557 1.0309 28.6280 0.0000 0.0000 0.0000 0.0000 0.0000 0.0000 0.0000 
395 1.1757 2.6159 -0.5320 0.2781 1.0309 28.6280 0.0000 0.0000 0.0000 0.0000 0.0000 0.0000 0.0000 
396 2.4051 2.3003 -0.2930 0.0677 1.0309 28.6280 0.0000 0.0000 0.0000 0.0000 0.0000 0.0000 0.0000 
397 0.9106 2.1683 0.0740 0.0230 1.0309 28.6280 0.0000 0.0000 0.0000 0.0000 0.0000 0.0000 0.0000 
398 2.0948 2.6550 -0.6140 0.2550 1.0309 28.6280 0.0000 0.0000 0.0000 0.0000 0.0000 0.0000 0.0000 
399 1.6601 2.9265 -0.4390 0.2233 1.0309 28.6280 0.0000 0.0000 0.0000 0.0000 0.0000 0.0000 0.0000 
400 2.2903 0.7372 1.0240 0.0058 1.0309 28.6280 0.0000 0.0000 0.0000 0.0000 0.0000 0.0000 0.0000 
401 1.8593 0.6971 0.3380 0.0912 1.0309 28.6280 0.0000 0.0000 0.0000 0.0000 0.0000 0.0000 0.0000 
402 1.9780 1.0905 -0.4450 0.0099 1.0309 28.6280 0.0000 0.0000 0.0000 0.0000 0.0000 0.0000 0.0000 
403 3.1353 1.1409 0.0520 0.0628 1.0309 28.6280 0.0000 0.0000 0.0000 0.0000 0.0000 0.0000 0.0000 
404 2.5023 2.6425 -1.0690 0.1750 1.0309 28.6280 0.0000 0.0000 0.0000 0.0000 0.0000 0.0000 0.0000 
405 1.2358 1.8915 0.5210 0.0234 1.0309 28.6280 0.0000 0.0000 0.0000 0.0000 0.0000 0.0000 0.0000 
406 0.8080 1.2417 -0.0640 0.0423 1.0309 28.6280 0.0000 0.0000 0.0000 0.0000 0.0000 0.0000 0.0000 
407 1.4359 2.2642 0.1150 0.0624 1.0309 28.6280 0.0000 0.0000 0.0000 0.0000 0.0000 0.0000 0.0000 
408 1.6457 0.5893 0.4410 0.1249 1.0309 28.6280 0.0000 0.0000 0.0000 0.0000 0.0000 0.0000 0.0000 
409 2.0739 1.6696 0.1230 0.0578 1.0309 28.6280 0.0000 0.0000 0.0000 0.0000 0.0000 0.0000 0.0000 
410 1.6973 1.4553 -0.2430 0.0412 1.0309 28.6280 0.0000 0.0000 0.0000 0.0000 0.0000 0.0000 0.0000 
411 2.7364 2.0900 -0.2370 0.0377 1.0309 28.6280 0.0000 0.0000 0.0000 0.0000 0.0000 0.0000 0.0000 
412 2.1124 1.6248 0.0540 0.0606 1.0309 28.6280 0.0000 0.0000 0.0000 0.0000 0.0000 0.0000 0.0000 
413 1.3221 1.3990 -0.2450 0.0319 1.0309 28.6280 0.0000 0.0000 0.0000 0.0000 0.0000 0.0000 0.0000 
414 2.1648 1.4319 -0.2060 0.0563 1.0309 28.6280 0.0000 0.0000 0.0000 0.0000 0.0000 0.0000 0.0000 
415 0.3114 0.7714 1.6880 0.0121 1.0309 28.6280 0.0000 0.0000 0.0000 0.0000 0.0000 0.0000 0.0000 
416 0.2627 0.2494 1.2060 0.0179 1.0309 28.6280 0.0000 0.0000 0.0000 0.0000 0.0000 0.0000 0.0000 
417 1.1927 1.2491 -0.4940 0.0128 1.0309 28.6280 0.0000 0.0000 0.0000 0.0000 0.0000 0.0000 0.0000 
418 1.4882 0.7118 0.0650 0.1329 1.0309 28.6280 0.0000 0.0000 0.0000 0.0000 0.0000 0.0000 0.0000 
419 0.8088 1.4600 0.0170 0.0662 1.0309 28.6280 0.0000 0.0000 0.0000 0.0000 0.0000 0.0000 0.0000 
420 0.9834 0.8936 0.1280 0.0133 1.0309 28.6280 0.0000 0.0000 0.0000 0.0000 0.0000 0.0000 0.0000 
421 1.5953 2.4227 -0.1290 0.1761 1.0309 28.6280 0.0000 0.0000 0.0000 0.0000 0.0000 0.0000 0.0000 
422 0.2847 0.1414 0.7750 0.0310 1.0309 28.6280 0.0000 0.0000 0.0000 0.0000 0.0000 0.0000 0.0000 
423 1.4625 2.8198 -0.6330 0.2876 1.0309 28.6280 0.0000 0.0000 0.0000 0.0000 0.0000 0.0000 0.0000 
424 2.0221 1.2099 -0.4050 0.0132 1.0309 28.6280 0.0000 0.0000 0.0000 0.0000 0.0000 0.0000 0.0000 
425 3.0587 2.1647 -0.2320 0.0647 1.0309 28.6280 0.0000 0.0000 0.0000 0.0000 0.0000 0.0000 0.0000 
426 2.6106 2.6617 -1.2680 0.1766 1.0309 28.6280 0.0000 0.0000 0.0000 0.0000 0.0000 0.0000 0.0000 
427 0.2181 0.6928 1.3880 0.0174 1.0309 28.6280 0.0000 0.0000 0.0000 0.0000 0.0000 0.0000 0.0000 
428 2.5055 1.2898 0.0540 0.0634 1.0309 28.6280 0.0000 0.0000 0.0000 0.0000 0.0000 0.0000 0.0000 
429 2.8383 0.3166 1.2860 0.0094 1.0309 28.6280 0.0000 0.0000 0.0000 0.0000 0.0000 0.0000 0.0000 
430 2.9528 1.9876 -0.0710 0.0493 1.0309 28.6280 0.0000 0.0000 0.0000 0.0000 0.0000 0.0000 0.0000 
431 1.3514 2.6233 -0.5230 0.2987 1.0309 28.6280 0.0000 0.0000 0.0000 0.0000 0.0000 0.0000 0.0000 
432 1.7288 1.4976 -0.0760 0.0509 1.0309 28.6280 0.0000 0.0000 0.0000 0.0000 0.0000 0.0000 0.0000 
433 0.6606 2.4844 -0.8750 0.1393 1.0309 28.6280 0.0000 0.0000 0.0000 0.0000 0.0000 0.0000 0.0000 
434 0.5448 1.0129 0.7960 0.0230 1.0309 28.6280 0.0000 0.0000 0.0000 0.0000 0.0000 0.0000 0.0000 
435 0.3680 0.1480 0.8060 0.0261 1.0309 28.6280 0.0000 0.0000 0.0000 0.0000 0.0000 0.0000 0.0000 
436 1.0036 0.2349 0.5620 0.0280 1.0309 28.6280 0.0000 0.0000 0.0000 0.0000 0.0000 0.0000 0.0000 
437 1.5272 1.1553 -0.4280 0.0040 1.0309 28.6280 0.0000 0.0000 0.0000 0.0000 0.0000 0.0000 0.0000 
438 0.1550 1.5110 0.0390 0.0657 1.0309 28.6280 0.0000 0.0000 0.0000 0.0000 0.0000 0.0000 0.0000 
439 0.9711 0.8042 0.4500 0.0157 1.0309 28.6280 0.0000 0.0000 0.0000 0.0000 0.0000 0.0000 0.0000 
440 1.7460 1.1117 -0.4800 0.0103 1.0309 28.6280 0.0000 0.0000 0.0000 0.0000 0.0000 0.0000 0.0000 
441 0.2656 2.9316 -0.8470 0.1184 1.0309 28.6280 0.0000 0.0000 0.0000 0.0000 0.0000 0.0000 0.0000 
442 3.0554 0.8205 0.3910 0.0482 1.0309 28.6280 0.0000 0.0000 0.0000 0.0000 0.0000 0.0000 0.0000 
443 2.1053 1.8794 0.5220 0.0228 1.0309 28.6280 0.0000 0.0000 0.0000 0.0000 0.0000 0.0000 0.0000 
444 0.8561 1.7370 0.2720 0.0422 1.0309 28.6280 0.0000 0.0000 0.0000 0.0000 0.0000 0.0000 0.0000 
445 0.9072 0.9371 0.2550 0.0075 1.0309 28.6280 0.0000 0.0000 0.0000 0.0000 0.0000 0.0000 0.0000 
446 1.4791 0.2371 0.3640 0.0055 1.0309 28.6280 0.0000 0.0000 0.0000 0.0000 0.0000 0.0000 0.0000 
447 0.7996 3.0922 -0.1500 0.0765 1.0309 28.6280 0.0000 0.0000 0.0000 0.0000 0.0000 0.0000 0.0000 
448 2.4425 1.1082 0.3810 0.0281 1.0309 28.6280 0.0000 0.0000 0.0000 0.0000 0.0000 0.0000 0.0000 
449 3.1315 1.1003 -0.0740 0.0628 1.0309 28.6280 0.0000 0.0000 0.0000 0.0000 0.0000 0.0000 0.0000 
450 2.6891 1.0809 0.8710 0.0422 1.0309 28.6280 0.0000 0.0000 0.0000 0.0000 0.0000 0.0000 0.0000 
451 2.8196 1.4750 0.0150 0.0712 1.0309 28.6280 0.0000 0.0000 0.0000 0.0000 0.0000 0.0000 0.0000 
452 2.7518 0.5164 1.8210 0.0008 1.0309 28.6280 0.0000 0.0000 0.0000 0.0000 0.0000 0.0000 0.0000 
453 1.2996 1.1482 -0.4730 0.0057 1.0309 28.6280 0.0000 0.0000 0.0000 0.0000 0.0000 0.0000 0.0000 
454 2.4777 2.7324 -0.9060 0.1757 1.0309 28.6280 0.0000 0.0000 0.0000 0.0000 0.0000 0.0000 0.0000 
455 0.5124 1.3473 0.1790 0.0744 1.0309 28.6280 0.0000 0.0000 0.0000 0.0000 0.0000 0.0000 0.0000 
456 0.6250 0.3003 1.2720 0.0063 1.0309 28.6280 0.0000 0.0000 0.0000 0.0000 0.0000 0.0000 0.0000 
457 0.4958 0.3244 1.6400 0.0038 1.0309 28.6280 0.0000 0.0000 0.0000 0.0000 0.0000 0.0000 0.0000 
458 1.0178 1.4102 -0.2320 0.0511 1.0309 28.6280 0.0000 0.0000 0.0000 0.0000 0.0000 0.0000 0.0000 
459 2.8514 2.0828 -0.4440 0.0471 1.0309 28.6280 0.0000 0.0000 0.0000 0.0000 0.0000 0.0000 0.0000 
460 2.4140 1.1055 0.3250 0.0256 1.0309 28.6280 0.0000 0.0000 0.0000 0.0000 0.0000 0.0000 0.0000 
461 1.0786 1.3532 -0.3100 0.0376 1.0309 28.6280 0.0000 0.0000 0.0000 0.0000 0.0000 0.0000 0.0000 
462 0.8079 0.1608 0.5840 0.0297 1.0309 28.6280 0.0000 0.0000 0.0000 0.0000 0.0000 0.0000 0.0000 
463 0.9376 2.9239 -0.5300 0.1502 1.0309 28.6280 0.0000 0.0000 0.0000 0.0000 0.0000 0.0000 0.0000 
464 0.2553 1.6331 0.0020 0.0570 1.0309 28.6280 0.0000 0.0000 0.0000 0.0000 0.0000 0.0000 0.0000 
465 0.8054 2.4195 -0.4400 0.1207 1.0309 28.6280 0.0000 0.0000 0.0000 0.0000 0.0000 0.0000 0.0000 
466 0.2159 1.6521 -0.0050 0.0563 1.0309 28.6280 0.0000 0.0000 0.0000 0.0000 0.0000 0.0000 0.0000 
467 2.3051 1.5063 -0.1610 0.0654 1.0309 28.6280 0.0000 0.0000 0.0000 0.0000 0.0000 0.0000 0.0000 
468 0.5365 2.8037 -1.1350 0.1673 1.0309 28.6280 0.0000 0.0000 0.0000 0.0000 0.0000 0.0000 0.0000 
469 0.1582 2.9185 -0.6060 0.1000 1.0309 28.6280 0.0000 0.0000 0.0000 0.0000 0.0000 0.0000 0.0000 
470 2.5885 2.7886 -1.1370 0.1696 1.0309 28.6280 0.0000 0.0000 0.0000 0.0000 0.0000 0.0000 0.0000 
471 2.7325 1.2245 0.4320 0.0678 1.0309 28.6280 0.0000 0.0000 0.0000 0.0000 0.0000 0.0000 0.0000 
472 2.0045 1.5297 -0.1070 0.0601 1.0309 28.6280 0.0000 0.0000 0.0000 0.0000 0.0000 0.0000 0.0000 
473 1.8792 1.2553 -0.3600 0.0096 1.0309 28.6280 0.0000 0.0000 0.0000 0.0000 0.0000 0.0000 0.0000 
474 2.6994 1.0363 0.9510 0.0350 1.0309 28.6280 0.0000 0.0000 0.0000 0.0000 0.0000 0.0000 0.0000 
475 1.8070 0.3073 0.6640 0.0279 1.0309 28.6280 0.0000 0.0000 0.0000 0.0000 0.0000 0.0000 0.0000 
476 0.2783 2.7920 -1.1450 0.1476 1.0309 28.6280 0.0000 0.0000 0.0000 0.0000 0.0000 0.0000 0.0000 
477 1.1848 1.2391 -0.4520 0.0122 1.0309 28.6280 0.0000 0.0000 0.0000 0.0000 0.0000 0.0000 0.0000 
478 3.0980 2.2974 -0.2670 0.0684 1.0309 28.6280 0.0000 0.0000 0.0000 0.0000 0.0000 0.0000 0.0000 
479 0.5728 1.7515 0.1430 0.0371 1.0309 28.6280 0.0000 0.0000 0.0000 0.0000 0.0000 0.0000 0.0000 
480 1.5693 1.9388 0.5050 0.0141 1.0309 28.6280 0.0000 0.0000 0.0000 0.0000 0.0000 0.0000 0.0000 
481 0.9293 0.9385 0.2670 0.0084 1.0309 28.6280 0.0000 0.0000 0.0000 0.0000 0.0000 0.0000 0.0000 
482 2.9734 1.9130 -0.1280 0.0494 1.0309 28.6280 0.0000 0.0000 0.0000 0.0000 0.0000 0.0000 0.0000 
483 1.7754 2.2039 0.2810 0.0319 1.0309 28.6280 0.0000 0.0000 0.0000 0.0000 0.0000 0.0000 0.0000 
484 2.3878 0.6442 1.2120 0.0015 1.0309 28.6280 0.0000 0.0000 0.0000 0.0000 0.0000 0.0000 0.0000 
485 2.4813 1.5683 0.0360 0.0628 1.0309 28.6280 0.0000 0.0000 0.0000 0.0000 0.0000 0.0000 0.0000 
486 0.5577 1.0625 0.8280 0.0305 1.0309 28.6280 0.0000 0.0000 0.0000 0.0000 0.0000 0.0000 0.0000 
487 3.1136 2.6703 -0.2950 0.0720 1.0309 28.6280 0.0000 0.0000 0.0000 0.0000 0.0000 0.0000 0.0000 
488 2.8476 1.6225 -0.0010 0.0574 1.0309 28.6280 0.0000 0.0000 0.0000 0.0000 0.0000 0.0000 0.0000 
489 2.0354 1.3052 -0.3840 0.0272 1.0309 28.6280 0.0000 0.0000 0.0000 0.0000 0.0000 0.0000 0.0000 
490 2.3349 1.7294 0.1180 0.0422 1.0309 28.6280 0.0000 0.0000 0.0000 0.0000 0.0000 0.0000 0.0000 
491 1.1875 3.0729 -0.1040 0.0969 1.0309 28.6280 0.0000 0.0000 0.0000 0.0000 0.0000 0.0000 0.0000 
492 1.6237 0.2228 0.3860 0.0024 1.0309 28.6280 0.0000 0.0000 0.0000 0.0000 0.0000 0.0000 0.0000 
493 2.5767 0.3917 1.6110 0.0012 1.0309 28.6280 0.0000 0.0000 0.0000 0.0000 0.0000 0.0000 0.0000 
494 0.9515 1.4780 -0.1330 0.0614 1.0309 28.6280 0.0000 0.0000 0.0000 0.0000 0.0000 0.0000 0.0000 
495 0.7437 1.4666 -0.0570 0.0684 1.0309 28.6280 0.0000 0.0000 0.0000 0.0000 0.0000 0.0000 0.0000 
496 1.4379 1.7124 0.3490 0.0625 1.0309 28.6280 0.0000 0.0000 0.0000 0.0000 0.0000 0.0000 0.0000 
497 2.0835 2.1848 0.2500 0.0260 1.0309 28.6280 0.0000 0.0000 0.0000 0.0000 0.0000 0.0000 0.0000 
498 0.2532 0.8212 1.3770 0.0231 1.0309 28.6280 0.0000 0.0000 0.0000 0.0000 0.0000 0.0000 0.0000 
499 0.4547 1.1125 0.8330 0.0477 1.0309 28.6280 0.0000 0.0000 0.0000 0.0000 0.0000 0.0000 0.0000 
500 1.4897 2.6909 -0.4860 0.3138 1.0309 28.6280 0.0000 0.0000 0.0000 0.0000 0.0000 0.0000 0.0000 
501 0.1429 2.5644 -0.7810 0.1084 1.0309 28.6280 0.0000 0.0000 0.0000 0.0000 0.0000 0.0000 0.0000 
502 0.5738 2.3528 -0.5910 0.0921 1.0309 28.6280 0.0000 0.0000 0.0000 0.0000 0.0000 0.0000 0.0000 
503 2.6806 3.0994 -0.2460 0.0763 1.0309 28.6280 0.0000 0.0000 0.0000 0.0000 0.0000 0.0000 0.0000 
504 1.8508 0.2685 0.5210 0.0229 1.0309 28.6280 0.0000 0.0000 0.0000 0.0000 0.0000 0.0000 0.0000 
505 0.9742 1.4253 -0.1730 0.0557 1.0309 28.6280 0.0000 0.0000 0.0000 0.0000 0.0000 0.0000 0.0000 
506 2.1517 3.0461 -0.3220 0.0980 1.0309 28.6280 0.0000 0.0000 0.0000 0.0000 0.0000 0.0000 0.0000 
507 2.7659 0.2920 1.4620 0.0077 1.0309 28.6280 0.0000 0.0000 0.0000 0.0000 0.0000 0.0000 0.0000 
508 0.4914 2.0819 -0.1380 0.0294 1.0309 28.6280 0.0000 0.0000 0.0000 0.0000 0.0000 0.0000 0.0000 
509 0.7301 1.8749 0.2270 0.0204 1.0309 28.6280 0.0000 0.0000 0.0000 0.0000 0.0000 0.0000 0.0000 
510 1.6488 1.7575 0.3700 0.0564 1.0309 28.6280 0.0000 0.0000 0.0000 0.0000 0.0000 0.0000 0.0000 
511 1.1619 2.8687 -0.5420 0.2262 1.0309 28.6280 0.0000 0.0000 0.0000 0.0000 0.0000 0.0000 0.0000 
512 0.9926 1.1978 -0.3090 0.0202 1.0309 28.6280 0.0000 0.0000 0.0000 0.0000 0.0000 0.0000 0.0000 
513 0.5918 0.9814 0.8340 0.0154 1.0309 28.6280 0.0000 0.0000 0.0000 0.0000 0.0000 0.0000 0.0000 
514 0.5041 2.0447 -0.0720 0.0250 1.0309 28.6280 0.0000 0.0000 0.0000 0.0000 0.0000 0.0000 0.0000 
515 0.1624 0.8382 0.8140 0.0374 1.0309 28.6280 0.0000 0.0000 0.0000 0.0000 0.0000 0.0000 0.0000 
516 2.5575 2.6913 -1.2080 0.1771 1.0309 28.6280 0.0000 0.0000 0.0000 0.0000 0.0000 0.0000 0.0000 
517 1.1332 2.3346 -0.1250 0.1011 1.0309 28.6280 0.0000 0.0000 0.0000 0.0000 0.0000 0.0000 0.0000 
518 2.5636 2.0775 -0.1240 0.0226 1.0309 28.6280 0.0000 0.0000 0.0000 0.0000 0.0000 0.0000 0.0000 
519 1.9891 2.3928 -0.1650 0.1426 1.0309 28.6280 0.0000 0.0000 0.0000 0.0000 0.0000 0.0000 0.0000 
520 1.0720 1.1068 -0.3270 0.0098 1.0309 28.6280 0.0000 0.0000 0.0000 0.0000 0.0000 0.0000 0.0000 
521 0.8797 0.8024 0.4110 0.0072 1.0309 28.6280 0.0000 0.0000 0.0000 0.0000 0.0000 0.0000 0.0000 
522 1.6613 1.7403 0.3470 0.0592 1.0309 28.6280 0.0000 0.0000 0.0000 0.0000 0.0000 0.0000 0.0000 
523 0.6804 0.3595 1.2800 0.0037 1.0309 28.6280 0.0000 0.0000 0.0000 0.0000 0.0000 0.0000 0.0000 
524 0.1750 0.7482 0.9930 0.0278 1.0309 28.6280 0.0000 0.0000 0.0000 0.0000 0.0000 0.0000 0.0000 
525 0.5748 1.9891 0.0410 0.0183 1.0309 28.6280 0.0000 0.0000 0.0000 0.0000 0.0000 0.0000 0.0000 
526 2.5689 1.7256 0.0590 0.0407 1.0309 28.6280 0.0000 0.0000 0.0000 0.0000 0.0000 0.0000 0.0000 
527 2.0587 1.3811 -0.3710 0.0422 1.0309 28.6280 0.0000 0.0000 0.0000 0.0000 0.0000 0.0000 0.0000 
528 0.3265 2.3727 -1.0220 0.1051 1.0309 28.6280 0.0000 0.0000 0.0000 0.0000 0.0000 0.0000 0.0000 
529 2.4293 0.5492 1.3730 0.0005 1.0309 28.6280 0.0000 0.0000 0.0000 0.0000 0.0000 0.0000 0.0000 
530 1.0444 2.1761 0.1270 0.0235 1.0309 28.6280 0.0000 0.0000 0.0000 0.0000 0.0000 0.0000 0.0000 
531 2.2465 0.5987 0.7830 0.0093 1.0309 28.6280 0.0000 0.0000 0.0000 0.0000 0.0000 0.0000 0.0000 
532 1.2774 1.2727 -0.4140 0.0108 1.0309 28.6280 0.0000 0.0000 0.0000 0.0000 0.0000 0.0000 0.0000 
533 1.7601 2.5945 -0.4950 0.2885 1.0309 28.6280 0.0000 0.0000 0.0000 0.0000 0.0000 0.0000 0.0000 
534 0.5453 1.2437 0.3760 0.0632 1.0309 28.6280 0.0000 0.0000 0.0000 0.0000 0.0000 0.0000 0.0000 
535 2.9063 0.6398 1.5080 0.0124 1.0309 28.6280 0.0000 0.0000 0.0000 0.0000 0.0000 0.0000 0.0000 
536 0.6374 2.4907 -0.7940 0.1411 1.0309 28.6280 0.0000 0.0000 0.0000 0.0000 0.0000 0.0000 0.0000 
537 1.9976 1.5477 -0.0790 0.0613 1.0309 28.6280 0.0000 0.0000 0.0000 0.0000 0.0000 0.0000 0.0000 
538 1.4945 0.2895 0.4420 0.0160 1.0309 28.6280 0.0000 0.0000 0.0000 0.0000 0.0000 0.0000 0.0000 
539 2.0495 0.9044 0.0650 0.0247 1.0309 28.6280 0.0000 0.0000 0.0000 0.0000 0.0000 0.0000 0.0000 
540 1.4424 2.9251 -0.4230 0.2228 1.0309 28.6280 0.0000 0.0000 0.0000 0.0000 0.0000 0.0000 0.0000 
541 1.6083 1.3006 -0.5140 0.0067 1.0309 28.6280 0.0000 0.0000 0.0000 0.0000 0.0000 0.0000 0.0000 
542 1.1723 0.9660 -0.1360 0.0259 1.0309 28.6280 0.0000 0.0000 0.0000 0.0000 0.0000 0.0000 0.0000 
543 1.9796 2.2789 0.0770 0.0680 1.0309 28.6280 0.0000 0.0000 0.0000 0.0000 0.0000 0.0000 0.0000 
544 0.4507 0.1134 0.7120 0.0317 1.0309 28.6280 0.0000 0.0000 0.0000 0.0000 0.0000 0.0000 0.0000 
545 1.3014 0.6034 0.4620 0.0938 1.0309 28.6280 0.0000 0.0000 0.0000 0.0000 0.0000 0.0000 0.0000 
546 1.9210 0.5894 0.5080 0.0725 1.0309 28.6280 0.0000 0.0000 0.0000 0.0000 0.0000 0.0000 0.0000 
547 1.6339 1.5435 -0.0980 0.0586 1.0309 28.6280 0.0000 0.0000 0.0000 0.0000 0.0000 0.0000 0.0000 
548 3.0601 1.0736 0.0990 0.0625 1.0309 28.6280 0.0000 0.0000 0.0000 0.0000 0.0000 0.0000 0.0000 
549 0.8972 1.1266 -0.0020 0.0178 1.0309 28.6280 0.0000 0.0000 0.0000 0.0000 0.0000 0.0000 0.0000 
550 2.1052 0.8311 0.2900 0.0232 1.0309 28.6280 0.0000 0.0000 0.0000 0.0000 0.0000 0.0000 0.0000 
551 0.8353 2.2632 -0.0990 0.0532 1.0309 28.6280 0.0000 0.0000 0.0000 0.0000 0.0000 0.0000 0.0000 
552 1.7106 0.3172 0.5500 0.0264 1.0309 28.6280 0.0000 0.0000 0.0000 0.0000 0.0000 0.0000 0.0000 
553 2.6745 0.4856 2.0780 0.0003 1.0309 28.6280 0.0000 0.0000 0.0000 0.0000 0.0000 0.0000 0.0000 
554 1.0013 1.7611 0.2420 0.0428 1.0309 28.6280 0.0000 0.0000 0.0000 0.0000 0.0000 0.0000 0.0000 
555 1.4889 2.4291 -0.2360 0.1812 1.0309 28.6280 0.0000 0.0000 0.0000 0.0000 0.0000 0.0000 0.0000 
556 0.5509 2.0913 -0.0990 0.0259 1.0309 28.6280 0.0000 0.0000 0.0000 0.0000 0.0000 0.0000 0.0000 
557 0.6447 0.4536 1.6700 0.0004 1.0309 28.6280 0.0000 0.0000 0.0000 0.0000 0.0000 0.0000 0.0000 
558 2.2257 2.4604 -0.3990 0.1537 1.0309 28.6280 0.0000 0.0000 0.0000 0.0000 0.0000 0.0000 0.0000 
559 0.4283 0.2013 0.9640 0.0160 1.0309 28.6280 0.0000 0.0000 0.0000 0.0000 0.0000 0.0000 0.0000 
560 0.7106 1.8479 0.0960 0.0236 1.0309 28.6280 0.0000 0.0000 0.0000 0.0000 0.0000 0.0000 0.0000 
561 0.1963 2.9911 -0.4990 0.0942 1.0309 28.6280 0.0000 0.0000 0.0000 0.0000 0.0000 0.0000 0.0000 
562 0.1555 2.3573 -0.7020 0.0882 1.0309 28.6280 0.0000 0.0000 0.0000 0.0000 0.0000 0.0000 0.0000 
563 2.5482 1.2686 0.1960 0.0635 1.0309 28.6280 0.0000 0.0000 0.0000 0.0000 0.0000 0.0000 0.0000 
564 2.5789 0.6336 1.8340 0.0000 1.0309 28.6280 0.0000 0.0000 0.0000 0.0000 0.0000 0.0000 0.0000 
565 2.4572 1.8483 0.1880 0.0237 1.0309 28.6280 0.0000 0.0000 0.0000 0.0000 0.0000 0.0000 0.0000 
566 2.6895 2.5151 -1.2840 0.1498 1.0309 28.6280 0.0000 0.0000 0.0000 0.0000 0.0000 0.0000 0.0000 
567 2.4935 2.7276 -1.0810 0.1758 1.0309 28.6280 0.0000 0.0000 0.0000 0.0000 0.0000 0.0000 0.0000 
568 0.8735 0.1956 0.5650 0.0273 1.0309 28.6280 0.0000 0.0000 0.0000 0.0000 0.0000 0.0000 0.0000 
569 0.6208 2.3733 -0.6330 0.0980 1.0309 28.6280 0.0000 0.0000 0.0000 0.0000 0.0000 0.0000 0.0000 
570 1.6750 1.6013 0.0990 0.0654 1.0309 28.6280 0.0000 0.0000 0.0000 0.0000 0.0000 0.0000 0.0000 
571 1.5392 0.1764 0.3040 0.0007 1.0309 28.6280 0.0000 0.0000 0.0000 0.0000 0.0000 0.0000 0.0000 
572 2.9165 1.8305 0.0170 0.0457 1.0309 28.6280 0.0000 0.0000 0.0000 0.0000 0.0000 0.0000 0.0000 
573 1.8800 1.6035 -0.0560 0.0642 1.0309 28.6280 0.0000 0.0000 0.0000 0.0000 0.0000 0.0000 0.0000 
574 2.7909 1.5376 0.0710 0.0660 1.0309 28.6280 0.0000 0.0000 0.0000 0.0000 0.0000 0.0000 0.0000 
575 1.7393 2.5287 -0.3090 0.2531 1.0309 28.6280 0.0000 0.0000 0.0000 0.0000 0.0000 0.0000 0.0000 
576 0.5509 2.6117 -1.2390 0.1711 1.0309 28.6280 0.0000 0.0000 0.0000 0.0000 0.0000 0.0000 0.0000 
577 1.9995 1.1114 -0.3830 0.0089 1.0309 28.6280 0.0000 0.0000 0.0000 0.0000 0.0000 0.0000 0.0000 
578 0.5517 1.6669 0.1970 0.0493 1.0309 28.6280 0.0000 0.0000 0.0000 0.0000 0.0000 0.0000 0.0000 
579 0.9927 0.1057 0.3070 0.0394 1.0309 28.6280 0.0000 0.0000 0.0000 0.0000 0.0000 0.0000 0.0000 
580 2.6082 2.3749 -0.7610 0.1020 1.0309 28.6280 0.0000 0.0000 0.0000 0.0000 0.0000 0.0000 0.0000 
581 2.8363 2.4193 -1.0840 0.1165 1.0309 28.6280 0.0000 0.0000 0.0000 0.0000 0.0000 0.0000 0.0000 
582 1.3347 2.8803 -0.4490 0.2458 1.0309 28.6280 0.0000 0.0000 0.0000 0.0000 0.0000 0.0000 0.0000 
583 0.8309 0.8839 0.5650 0.0047 1.0309 28.6280 0.0000 0.0000 0.0000 0.0000 0.0000 0.0000 0.0000 
584 1.5254 2.1615 0.3540 0.0159 1.0309 28.6280 0.0000 0.0000 0.0000 0.0000 0.0000 0.0000 0.0000 
585 0.4017 0.2753 1.5420 0.0083 1.0309 28.6280 0.0000 0.0000 0.0000 0.0000 0.0000 0.0000 0.0000 
586 2.9332 0.1422 0.5680 0.0365 1.0309 28.6280 0.0000 0.0000 0.0000 0.0000 0.0000 0.0000 0.0000 
587 2.3583 1.5267 -0.0340 0.0657 1.0309 28.6280 0.0000 0.0000 0.0000 0.0000 0.0000 0.0000 0.0000 
588 3.0196 2.7133 -0.6730 0.1052 1.0309 28.6280 0.0000 0.0000 0.0000 0.0000 0.0000 0.0000 0.0000 
589 1.5119 1.7633 0.2810 0.0554 1.0309 28.6280 0.0000 0.0000 0.0000 0.0000 0.0000 0.0000 0.0000 
590 2.2198 0.8949 0.2730 0.0087 1.0309 28.6280 0.0000 0.0000 0.0000 0.0000 0.0000 0.0000 0.0000 
591 0.1591 3.1142 -0.0670 0.0672 1.0309 28.6280 0.0000 0.0000 0.0000 0.0000 0.0000 0.0000 0.0000 
592 1.7535 2.5331 -0.2200 0.2557 1.0309 28.6280 0.0000 0.0000 0.0000 0.0000 0.0000 0.0000 0.0000 
593 1.7369 0.3310 0.5570 0.0316 1.0309 28.6280 0.0000 0.0000 0.0000 0.0000 0.0000 0.0000 0.0000 
594 0.4127 0.8139 1.6510 0.0078 1.0309 28.6280 0.0000 0.0000 0.0000 0.0000 0.0000 0.0000 0.0000 
595 3.0362 2.5815 -0.7640 0.0973 1.0309 28.6280 0.0000 0.0000 0.0000 0.0000 0.0000 0.0000 0.0000 
596 0.9901 1.4578 -0.2620 0.0583 1.0309 28.6280 0.0000 0.0000 0.0000 0.0000 0.0000 0.0000 0.0000 
597 3.0448 1.6373 -0.0410 0.0601 1.0309 28.6280 0.0000 0.0000 0.0000 0.0000 0.0000 0.0000 0.0000 
598 1.0636 1.7082 0.1750 0.0531 1.0309 28.6280 0.0000 0.0000 0.0000 0.0000 0.0000 0.0000 0.0000 
599 0.6131 1.8322 0.1060 0.0264 1.0309 28.6280 0.0000 0.0000 0.0000 0.0000 0.0000 0.0000 0.0000 
600 0.3181 1.6826 0.0280 0.0509 1.0309 28.6280 0.0000 0.0000 0.0000 0.0000 0.0000 0.0000 0.0000 
601 0.4378 0.2193 1.1510 0.0135 1.0309 28.6280 0.0000 0.0000 0.0000 0.0000 0.0000 0.0000 0.0000 
602 2.3968 1.6361 0.0440 0.0548 1.0309 28.6280 0.0000 0.0000 0.0000 0.0000 0.0000 0.0000 0.0000 
603 0.5858 1.3129 0.2110 0.0690 1.0309 28.6280 0.0000 0.0000 0.0000 0.0000 0.0000 0.0000 0.0000 
604 2.7999 1.1982 0.4550 0.0672 1.0309 28.6280 0.0000 0.0000 0.0000 0.0000 0.0000 0.0000 0.0000 
605 0.9305 1.5606 0.0350 0.0629 1.0309 28.6280 0.0000 0.0000 0.0000 0.0000 0.0000 0.0000 0.0000 
606 2.8231 1.9734 -0.0590 0.0371 1.0309 28.6280 0.0000 0.0000 0.0000 0.0000 0.0000 0.0000 0.0000 
607 1.5406 2.0091 0.3880 0.0025 1.0309 28.6280 0.0000 0.0000 0.0000 0.0000 0.0000 0.0000 0.0000 
608 1.1728 2.9426 -0.4780 0.1802 1.0309 28.6280 0.0000 0.0000 0.0000 0.0000 0.0000 0.0000 0.0000 
609 0.9283 0.7651 0.4670 0.0119 1.0309 28.6280 0.0000 0.0000 0.0000 0.0000 0.0000 0.0000 0.0000 
610 1.5829 2.5360 -0.2760 0.2572 1.0309 28.6280 0.0000 0.0000 0.0000 0.0000 0.0000 0.0000 0.0000 
611 2.4488 2.1092 0.0100 0.0196 1.0309 28.6280 0.0000 0.0000 0.0000 0.0000 0.0000 0.0000 0.0000 
612 0.1064 2.5312 -0.6260 0.0950 1.0309 28.6280 0.0000 0.0000 0.0000 0.0000 0.0000 0.0000 0.0000 
613 2.8731 0.4827 1.5980 0.0064 1.0309 28.6280 0.0000 0.0000 0.0000 0.0000 0.0000 0.0000 0.0000 
614 0.6975 0.7645 1.1100 0.0008 1.0309 28.6280 0.0000 0.0000 0.0000 0.0000 0.0000 0.0000 0.0000 
615 0.4959 0.5428 1.8950 0.0001 1.0309 28.6280 0.0000 0.0000 0.0000 0.0000 0.0000 0.0000 0.0000 
616 1.6270 2.2133 0.2570 0.0357 1.0309 28.6280 0.0000 0.0000 0.0000 0.0000 0.0000 0.0000 0.0000 
617 1.5128 1.7434 0.2510 0.0589 1.0309 28.6280 0.0000 0.0000 0.0000 0.0000 0.0000 0.0000 0.0000 
618 2.1898 2.6090 -0.7020 0.2200 1.0309 28.6280 0.0000 0.0000 0.0000 0.0000 0.0000 0.0000 0.0000 
619 3.0587 2.2479 -0.3930 0.0698 1.0309 28.6280 0.0000 0.0000 0.0000 0.0000 0.0000 0.0000 0.0000 
620 1.6114 0.2712 0.4150 0.0103 1.0309 28.6280 0.0000 0.0000 0.0000 0.0000 0.0000 0.0000 0.0000 
621 0.9955 0.6860 0.5260 0.0220 1.0309 28.6280 0.0000 0.0000 0.0000 0.0000 0.0000 0.0000 0.0000 
622 3.0178 2.3137 -0.4910 0.0791 1.0309 28.6280 0.0000 0.0000 0.0000 0.0000 0.0000 0.0000 0.0000 
623 0.4902 1.1280 0.5130 0.0479 1.0309 28.6280 0.0000 0.0000 0.0000 0.0000 0.0000 0.0000 0.0000 
624 1.3829 2.0107 0.4660 0.0031 1.0309 28.6280 0.0000 0.0000 0.0000 0.0000 0.0000 0.0000 0.0000 
625 3.0630 1.1127 0.2220 0.0640 1.0309 28.6280 0.0000 0.0000 0.0000 0.0000 0.0000 0.0000 0.0000 
626 2.2255 1.3556 -0.2630 0.0508 1.0309 28.6280 0.0000 0.0000 0.0000 0.0000 0.0000 0.0000 0.0000 
627 2.8503 1.6242 -0.0420 0.0573 1.0309 28.6280 0.0000 0.0000 0.0000 0.0000 0.0000 0.0000 0.0000 
628 2.4320 1.8736 0.1070 0.0206 1.0309 28.6280 0.0000 0.0000 0.0000 0.0000 0.0000 0.0000 0.0000 
629 2.2891 2.3962 -0.4460 0.1136 1.0309 28.6280 0.0000 0.0000 0.0000 0.0000 0.0000 0.0000 0.0000 
630 1.2873 1.4575 -0.2530 0.0457 1.0309 28.6280 0.0000 0.0000 0.0000 0.0000 0.0000 0.0000 0.0000 
631 1.9875 2.2732 0.0880 0.0647 1.0309 28.6280 0.0000 0.0000 0.0000 0.0000 0.0000 0.0000 0.0000 
632 1.9030 1.1934 -0.4600 0.0063 1.0309 28.6280 0.0000 0.0000 0.0000 0.0000 0.0000 0.0000 0.0000 
633 1.5868 1.6503 0.3090 0.0673 1.0309 28.6280 0.0000 0.0000 0.0000 0.0000 0.0000 0.0000 0.0000 
634 1.2601 1.0769 -0.3660 0.0133 1.0309 28.6280 0.0000 0.0000 0.0000 0.0000 0.0000 0.0000 0.0000 
635 0.2973 0.3022 1.3130 0.0107 1.0309 28.6280 0.0000 0.0000 0.0000 0.0000 0.0000 0.0000 0.0000 
636 0.5733 0.3656 1.4350 0.0021 1.0309 28.6280 0.0000 0.0000 0.0000 0.0000 0.0000 0.0000 0.0000 
637 1.2332 3.0475 -0.1190 0.1156 1.0309 28.6280 0.0000 0.0000 0.0000 0.0000 0.0000 0.0000 0.0000 
638 1.3188 2.8753 -0.4400 0.2473 1.0309 28.6280 0.0000 0.0000 0.0000 0.0000 0.0000 0.0000 0.0000 
639 2.1942 2.9307 -0.5480 0.1484 1.0309 28.6280 0.0000 0.0000 0.0000 0.0000 0.0000 0.0000 0.0000 
640 2.0820 3.0122 -0.3330 0.1206 1.0309 28.6280 0.0000 0.0000 0.0000 0.0000 0.0000 0.0000 0.0000 
641 2.5480 0.3406 1.5540 0.0033 1.0309 28.6280 0.0000 0.0000 0.0000 0.0000 0.0000 0.0000 0.0000 
642 0.1079 3.0238 -0.1580 0.0766 1.0309 28.6280 0.0000 0.0000 0.0000 0.0000 0.0000 0.0000 0.0000 
643 1.1369 2.0897 0.4710 0.0061 1.0309 28.6280 0.0000 0.0000 0.0000 0.0000 0.0000 0.0000 0.0000 
644 2.9999 3.1008 -0.0530 0.0688 1.0309 28.6280 0.0000 0.0000 0.0000 0.0000 0.0000 0.0000 0.0000 
645 1.6967 1.0997 -0.4720 0.0133 1.0309 28.6280 0.0000 0.0000 0.0000 0.0000 0.0000 0.0000 0.0000 
646 1.8962 2.2199 0.1470 0.0390 1.0309 28.6280 0.0000 0.0000 0.0000 0.0000 0.0000 0.0000 0.0000 
647 0.3850 2.5436 -1.3690 0.1540 1.0309 28.6280 0.0000 0.0000 0.0000 0.0000 0.0000 0.0000 0.0000 
648 0.1113 1.2799 0.1580 0.0692 1.0309 28.6280 0.0000 0.0000 0.0000 0.0000 0.0000 0.0000 0.0000 
649 2.6662 2.7983 -1.2890 0.1686 1.0309 28.6280 0.0000 0.0000 0.0000 0.0000 0.0000 0.0000 0.0000 
650 2.7214 2.7307 -1.3920 0.1742 1.0309 28.6280 0.0000 0.0000 0.0000 0.0000 0.0000 0.0000 0.0000 
651 1.4839 1.3921 -0.3280 0.0256 1.0309 28.6280 0.0000 0.0000 0.0000 0.0000 0.0000 0.0000 0.0000 
652 1.5554 1.6721 0.1830 0.0667 1.0309 28.6280 0.0000 0.0000 0.0000 0.0000 0.0000 0.0000 0.0000 
653 0.7610 1.2296 0.1110 0.0443 1.0309 28.6280 0.0000 0.0000 0.0000 0.0000 0.0000 0.0000 0.0000 
654 1.5576 0.1568 0.2610 0.0021 1.0309 28.6280 0.0000 0.0000 0.0000 0.0000 0.0000 0.0000 0.0000 
655 1.8396 0.2962 0.5450 0.0271 1.0309 28.6280 0.0000 0.0000 0.0000 0.0000 0.0000 0.0000 0.0000 
656 1.8015 0.2802 0.5330 0.0218 1.0309 28.6280 0.0000 0.0000 0.0000 0.0000 0.0000 0.0000 0.0000 
657 0.6624 1.4934 0.0080 0.0693 1.0309 28.6280 0.0000 0.0000 0.0000 0.0000 0.0000 0.0000 0.0000 
658 2.4114 3.1064 -0.0440 0.0725 1.0309 28.6280 0.0000 0.0000 0.0000 0.0000 0.0000 0.0000 0.0000 
659 2.4292 2.5887 -0.8570 0.1708 1.0309 28.6280 0.0000 0.0000 0.0000 0.0000 0.0000 0.0000 0.0000 
660 1.4243 1.6748 0.1510 0.0656 1.0309 28.6280 0.0000 0.0000 0.0000 0.0000 0.0000 0.0000 0.0000 
661 1.7630 3.0475 -0.2870 0.1250 1.0309 28.6280 0.0000 0.0000 0.0000 0.0000 0.0000 0.0000 0.0000 
662 2.6798 0.1395 0.7790 0.0262 1.0309 28.6280 0.0000 0.0000 0.0000 0.0000 0.0000 0.0000 0.0000 
663 2.1991 2.2885 -0.0230 0.0657 1.0309 28.6280 0.0000 0.0000 0.0000 0.0000 0.0000 0.0000 0.0000 
664 2.8096 2.9294 -0.8980 0.1278 1.0309 28.6280 0.0000 0.0000 0.0000 0.0000 0.0000 0.0000 0.0000 
665 1.3052 1.3611 -0.3410 0.0246 1.0309 28.6280 0.0000 0.0000 0.0000 0.0000 0.0000 0.0000 0.0000 
666 0.8162 0.6848 0.8750 0.0038 1.0309 28.6280 0.0000 0.0000 0.0000 0.0000 0.0000 0.0000 0.0000 
667 2.7713 2.3568 -0.9720 0.1010 1.0309 28.6280 0.0000 0.0000 0.0000 0.0000 0.0000 0.0000 0.0000 
668 2.6251 1.0833 0.7440 0.0375 1.0309 28.6280 0.0000 0.0000 0.0000 0.0000 0.0000 0.0000 0.0000 
669 2.4228 0.1491 0.5220 0.0288 1.0309 28.6280 0.0000 0.0000 0.0000 0.0000 0.0000 0.0000 0.0000 
670 1.6157 1.0501 -0.4110 0.0279 1.0309 28.6280 0.0000 0.0000 0.0000 0.0000 0.0000 0.0000 0.0000 
671 1.0137 3.1084 -0.0200 0.0737 1.0309 28.6280 0.0000 0.0000 0.0000 0.0000 0.0000 0.0000 0.0000 
672 0.1097 3.0047 -0.2870 0.0791 1.0309 28.6280 0.0000 0.0000 0.0000 0.0000 0.0000 0.0000 0.0000 
673 2.1327 3.1208 -0.0510 0.0692 1.0309 28.6280 0.0000 0.0000 0.0000 0.0000 0.0000 0.0000 0.0000 
674 1.3336 2.8366 -0.4580 0.2717 1.0309 28.6280 0.0000 0.0000 0.0000 0.0000 0.0000 0.0000 0.0000 
675 1.7778 1.8519 0.3920 0.0340 1.0309 28.6280 0.0000 0.0000 0.0000 0.0000 0.0000 0.0000 0.0000 
676 2.0091 0.8955 -0.0710 0.0316 1.0309 28.6280 0.0000 0.0000 0.0000 0.0000 0.0000 0.0000 0.0000 
677 1.9413 0.6344 0.4630 0.0692 1.0309 28.6280 0.0000 0.0000 0.0000 0.0000 0.0000 0.0000 0.0000 
678 0.1988 2.2932 -0.6680 0.0821 1.0309 28.6280 0.0000 0.0000 0.0000 0.0000 0.0000 0.0000 0.0000 
679 0.1808 2.9025 -0.6720 0.1076 1.0309 28.6280 0.0000 0.0000 0.0000 0.0000 0.0000 0.0000 0.0000 
680 0.7892 2.8714 -0.6480 0.1527 1.0309 28.6280 0.0000 0.0000 0.0000 0.0000 0.0000 0.0000 0.0000 
681 1.0352 2.2763 0.0550 0.0629 1.0309 28.6280 0.0000 0.0000 0.0000 0.0000 0.0000 0.0000 0.0000 
682 1.1297 2.2127 0.2860 0.0357 1.0309 28.6280 0.0000 0.0000 0.0000 0.0000 0.0000 0.0000 0.0000 
683 0.6489 0.7941 1.3800 0.0009 1.0309 28.6280 0.0000 0.0000 0.0000 0.0000 0.0000 0.0000 0.0000 
684 0.9115 3.0880 -0.2520 0.0788 1.0309 28.6280 0.0000 0.0000 0.0000 0.0000 0.0000 0.0000 0.0000 
685 2.8425 1.2761 0.2240 0.0741 1.0309 28.6280 0.0000 0.0000 0.0000 0.0000 0.0000 0.0000 0.0000 
686 3.0132 2.9434 -0.4220 0.0900 1.0309 28.6280 0.0000 0.0000 0.0000 0.0000 0.0000 0.0000 0.0000 
687 0.5329 1.9822 -0.0560 0.0207 1.0309 28.6280 0.0000 0.0000 0.0000 0.0000 0.0000 0.0000 0.0000 
688 0.7458 1.1483 0.1230 0.0314 1.0309 28.6280 0.0000 0.0000 0.0000 0.0000 0.0000 0.0000 0.0000 
689 1.0265 0.7810 0.4630 0.0245 1.0309 28.6280 0.0000 0.0000 0.0000 0.0000 0.0000 0.0000 0.0000 
690 1.8840 0.7610 0.2470 0.0788 1.0309 28.6280 0.0000 0.0000 0.0000 0.0000 0.0000 0.0000 0.0000 
691 1.1094 0.5288 0.7040 0.0433 1.0309 28.6280 0.0000 0.0000 0.0000 0.0000 0.0000 0.0000 0.0000 
692 0.9131 2.4555 -0.4220 0.1508 1.0309 28.6280 0.0000 0.0000 0.0000 0.0000 0.0000 0.0000 0.0000 
693 0.9731 3.0482 -0.1700 0.0961 1.0309 28.6280 0.0000 0.0000 0.0000 0.0000 0.0000 0.0000 0.0000 
694 0.4368 0.1841 0.8860 0.0185 1.0309 28.6280 0.0000 0.0000 0.0000 0.0000 0.0000 0.0000 0.0000 
695 0.8576 1.6657 0.1170 0.0527 1.0309 28.6280 0.0000 0.0000 0.0000 0.0000 0.0000 0.0000 0.0000 
696 1.0443 1.3173 -0.3820 0.0342 1.0309 28.6280 0.0000 0.0000 0.0000 0.0000 0.0000 0.0000 0.0000 
697 2.3751 2.1155 0.1150 0.0173 1.0309 28.6280 0.0000 0.0000 0.0000 0.0000 0.0000 0.0000 0.0000 
698 0.8339 2.7748 -0.7790 0.1863 1.0309 28.6280 0.0000 0.0000 0.0000 0.0000 0.0000 0.0000 0.0000 
699 1.1971 1.8363 0.4190 0.0346 1.0309 28.6280 0.0000 0.0000 0.0000 0.0000 0.0000 0.0000 0.0000 
700 1.1957 2.4019 -0.1240 0.1526 1.0309 28.6280 0.0000 0.0000 0.0000 0.0000 0.0000 0.0000 0.0000 
701 1.8589 1.6157 0.1090 0.0647 1.0309 28.6280 0.0000 0.0000 0.0000 0.0000 0.0000 0.0000 0.0000 
702 0.6249 0.3343 1.2830 0.0040 1.0309 28.6280 0.0000 0.0000 0.0000 0.0000 0.0000 0.0000 0.0000 
703 0.8939 2.6856 -0.7560 0.2116 1.0309 28.6280 0.0000 0.0000 0.0000 0.0000 0.0000 0.0000 0.0000 
704 2.9147 1.3339 0.1540 0.0741 1.0309 28.6280 0.0000 0.0000 0.0000 0.0000 0.0000 0.0000 0.0000 
705 0.3208 0.7049 1.8510 0.0071 1.0309 28.6280 0.0000 0.0000 0.0000 0.0000 0.0000 0.0000 0.0000 
706 2.9449 0.4903 1.3020 0.0145 1.0309 28.6280 0.0000 0.0000 0.0000 0.0000 0.0000 0.0000 0.0000 
707 1.3661 0.3205 0.5630 0.0299 1.0309 28.6280 0.0000 0.0000 0.0000 0.0000 0.0000 0.0000 0.0000 
708 1.6089 1.1484 -0.5070 0.0049 1.0309 28.6280 0.0000 0.0000 0.0000 0.0000 0.0000 0.0000 0.0000 
709 3.0919 3.0906 0.0090 0.0653 1.0309 28.6280 0.0000 0.0000 0.0000 0.0000 0.0000 0.0000 0.0000 
710 1.6302 2.6408 -0.4300 0.3052 1.0309 28.6280 0.0000 0.0000 0.0000 0.0000 0.0000 0.0000 0.0000 
711 2.1496 1.5068 -0.1050 0.0617 1.0309 28.6280 0.0000 0.0000 0.0000 0.0000 0.0000 0.0000 0.0000 
712 2.4440 0.2043 0.9110 0.0192 1.0309 28.6280 0.0000 0.0000 0.0000 0.0000 0.0000 0.0000 0.0000 
713 0.6116 2.6098 -1.0260 0.1707 1.0309 28.6280 0.0000 0.0000 0.0000 0.0000 0.0000 0.0000 0.0000 
714 1.6742 2.1785 0.3200 0.0217 1.0309 28.6280 0.0000 0.0000 0.0000 0.0000 0.0000 0.0000 0.0000 
715 1.9402 2.6596 -0.4940 0.2923 1.0309 28.6280 0.0000 0.0000 0.0000 0.0000 0.0000 0.0000 0.0000 
716 0.8655 0.6383 0.8910 0.0067 1.0309 28.6280 0.0000 0.0000 0.0000 0.0000 0.0000 0.0000 0.0000 
717 0.9796 2.7401 -0.6130 0.2302 1.0309 28.6280 0.0000 0.0000 0.0000 0.0000 0.0000 0.0000 0.0000 
718 1.6330 2.4223 -0.2030 0.1759 1.0309 28.6280 0.0000 0.0000 0.0000 0.0000 0.0000 0.0000 0.0000 
719 2.4484 1.1420 0.2980 0.0344 1.0309 28.6280 0.0000 0.0000 0.0000 0.0000 0.0000 0.0000 0.0000 
720 2.3419 2.4939 -0.6450 0.1519 1.0309 28.6280 0.0000 0.0000 0.0000 0.0000 0.0000 0.0000 0.0000 
721 1.6511 1.6995 0.0810 0.0644 1.0309 28.6280 0.0000 0.0000 0.0000 0.0000 0.0000 0.0000 0.0000 
722 1.5322 1.4837 -0.1740 0.0469 1.0309 28.6280 0.0000 0.0000 0.0000 0.0000 0.0000 0.0000 0.0000 
723 0.7406 1.8451 0.2110 0.0240 1.0309 28.6280 0.0000 0.0000 0.0000 0.0000 0.0000 0.0000 0.0000 
724 2.7056 0.8747 1.6420 0.0118 1.0309 28.6280 0.0000 0.0000 0.0000 0.0000 0.0000 0.0000 0.0000 
725 1.3702 1.2353 -0.5250 0.0034 1.0309 28.6280 0.0000 0.0000 0.0000 0.0000 0.0000 0.0000 0.0000 
726 1.0012 2.9176 -0.5050 0.1643 1.0309 28.6280 0.0000 0.0000 0.0000 0.0000 0.0000 0.0000 0.0000 
727 2.3144 0.3632 1.0050 0.0098 1.0309 28.6280 0.0000 0.0000 0.0000 0.0000 0.0000 0.0000 0.0000 
728 1.6713 1.1626 -0.5290 0.0033 1.0309 28.6280 0.0000 0.0000 0.0000 0.0000 0.0000 0.0000 0.0000 
729 1.2112 0.4357 0.6350 0.0518 1.0309 28.6280 0.0000 0.0000 0.0000 0.0000 0.0000 0.0000 0.0000 
730 1.9322 1.1933 -0.4730 0.0075 1.0309 28.6280 0.0000 0.0000 0.0000 0.0000 0.0000 0.0000 0.0000 
731 2.1606 0.4657 0.7560 0.0207 1.0309 28.6280 0.0000 0.0000 0.0000 0.0000 0.0000 0.0000 0.0000 
732 1.6749 1.4490 -0.1700 0.0394 1.0309 28.6280 0.0000 0.0000 0.0000 0.0000 0.0000 0.0000 0.0000 
733 2.0442 0.2902 0.6050 0.0298 1.0309 28.6280 0.0000 0.0000 0.0000 0.0000 0.0000 0.0000 0.0000 
734 2.4960 1.6990 0.1760 0.0446 1.0309 28.6280 0.0000 0.0000 0.0000 0.0000 0.0000 0.0000 0.0000 
735 0.8652 0.6078 1.0240 0.0067 1.0309 28.6280 0.0000 0.0000 0.0000 0.0000 0.0000 0.0000 0.0000 
736 2.5749 0.1389 0.4930 0.0270 1.0309 28.6280 0.0000 0.0000 0.0000 0.0000 0.0000 0.0000 0.0000 
737 1.8835 1.0338 -0.3390 0.0207 1.0309 28.6280 0.0000 0.0000 0.0000 0.0000 0.0000 0.0000 0.0000 
738 1.1434 3.0390 -0.1500 0.1135 1.0309 28.6280 0.0000 0.0000 0.0000 0.0000 0.0000 0.0000 0.0000 
739 0.5206 0.6608 1.8290 0.0001 1.0309 28.6280 0.0000 0.0000 0.0000 0.0000 0.0000 0.0000 0.0000 
740 0.1345 1.2123 0.1540 0.0687 1.0309 28.6280 0.0000 0.0000 0.0000 0.0000 0.0000 0.0000 0.0000 
741 0.3306 0.2343 1.2360 0.0150 1.0309 28.6280 0.0000 0.0000 0.0000 0.0000 0.0000 0.0000 0.0000 
742 2.1789 2.9732 -0.4810 0.1298 1.0309 28.6280 0.0000 0.0000 0.0000 0.0000 0.0000 0.0000 0.0000 
743 0.6120 1.9275 0.1270 0.0182 1.0309 28.6280 0.0000 0.0000 0.0000 0.0000 0.0000 0.0000 0.0000 
744 3.0302 0.6383 0.7390 0.0338 1.0309 28.6280 0.0000 0.0000 0.0000 0.0000 0.0000 0.0000 0.0000 
745 0.5709 1.6367 0.0670 0.0536 1.0309 28.6280 0.0000 0.0000 0.0000 0.0000 0.0000 0.0000 0.0000 
746 0.2581 1.8639 -0.0330 0.0422 1.0309 28.6280 0.0000 0.0000 0.0000 0.0000 0.0000 0.0000 0.0000 
747 2.6365 2.7766 -1.2000 0.1721 1.0309 28.6280 0.0000 0.0000 0.0000 0.0000 0.0000 0.0000 0.0000 
748 0.4462 1.7931 -0.0850 0.0352 1.0309 28.6280 0.0000 0.0000 0.0000 0.0000 0.0000 0.0000 0.0000 
749 1.6330 1.4716 -0.1770 0.0443 1.0309 28.6280 0.0000 0.0000 0.0000 0.0000 0.0000 0.0000 0.0000 
650 2.7214 2.7307 -1.3920 0.1742 1.0309 28.6280 0.0000 0.0000 0.0000 0.0000 0.0000 0.0000 0.0000 
