0 2.9131 2.9853 -0.5960 0.0999 0.5440 5.0209 0.0000 0.0000 0.0000 0.0000 0.0000 0.0000 0.0000 
1 2.8144 0.3541 1.6290 0.0060 0.5440 5.0209 0.0000 0.0000 0.0000 0.0000 0.0000 0.0000 0.0000 
2 1.9007 1.3889 -0.3490 0.0337 0.5440 5.0209 0.0000 0.0000 0.0000 0.0000 0.0000 0.0000 0.0000 
3 1.7123 0.4963 0.4720 0.0917 0.5440 5.0209 0.0000 0.0000 0.0000 0.0000 0.0000 0.0000 0.0000 
4 0.6840 1.4522 -0.0330 0.0704 0.5440 5.0209 0.0000 0.0000 0.0000 0.0000 0.0000 0.0000 0.0000 
5 0.7723 1.4840 -0.0390 0.0674 0.5440 5.0209 0.0000 0.0000 0.0000 0.0000 0.0000 0.0000 0.0000 
6 0.1753 0.3609 0.9930 0.0206 0.5440 5.0209 0.0000 0.0000 0.0000 0.0000 0.0000 0.0000 0.0000 
7 2.2596 1.3813 -0.1500 0.0567 0.5440 5.0209 0.0000 0.0000 0.0000 0.0000 0.0000 0.0000 0.0000 
8 1.6592 2.3332 0.0610 0.1080 0.5440 5.0209 0.0000 0.0000 0.0000 0.0000 0.0000 0.0000 0.0000 
9 1.1919 0.2751 0.5510 0.0285 0.5440 5.0209 0.0000 0.0000 0.0000 0.0000 0.0000 0.0000 0.0000 
10 2.4819 1.8919 0.1330 0.0195 0.5440 5.0209 0.0000 0.0000 0.0000 0.0000 0.0000 0.0000 0.0000 
11 2.1011 1.9888 0.4400 0.0081 0.5440 5.0209 0.0000 0.0000 0.0000 0.0000 0.0000 0.0000 0.0000 
12 3.0526 1.2035 0.1760 0.0670 0.5440 5.0209 0.0000 0.0000 0.0000 0.0000 0.0000 0.0000 0.0000 
13 2.4110 1.2214 0.2530 0.0455 0.5440 5.0209 0.0000 0.0000 0.0000 0.0000 0.0000 0.0000 0.0000 
14 1.8399 2.1091 0.5180 0.0059 0.5440 5.0209 0.0000 0.0000 0.0000 0.0000 0.0000 0.0000 0.0000 
15 1.0562 0.3608 0.7820 0.0296 0.5440 5.0209 0.0000 0.0000 0.0000 0.0000 0.0000 0.0000 0.0000 
16 1.5419 2.2836 0.1940 0.0743 0.5440 5.0209 0.0000 0.0000 0.0000 0.0000 0.0000 0.0000 0.0000 
17 1.8964 1.4610 -0.1180 0.0478 0.5440 5.0209 0.0000 0.0000 0.0000 0.0000 0.0000 0.0000 0.0000 
18 2.0539 0.6537 0.4970 0.0406 0.5440 5.0209 0.0000 0.0000 0.0000 0.0000 0.0000 0.0000 0.0000 
19 0.6430 1.0837 0.4820 0.0279 0.5440 5.0209 0.0000 0.0000 0.0000 0.0000 0.0000 0.0000 0.0000 
20 2.5816 0.6950 1.7930 0.0001 0.5440 5.0209 0.0000 0.0000 0.0000 0.0000 0.0000 0.0000 0.0000 
21 0.4477 0.3999 1.7790 0.0014 0.5440 5.0209 0.0000 0.0000 0.0000 0.0000 0.0000 0.0000 0.0000 
22 0.2184 0.9382 0.8590 0.0410 0.5440 5.0209 0.0000 0.0000 0.0000 0.0000 0.0000 0.0000 0.0000 
23 1.8423 2.5961 -0.4470 0.2859 0.5440 5.0209 0.0000 0.0000 0.0000 0.0000 0.0000 0.0000 0.0000 
24 1.1062 1.2243 -0.4440 0.0155 0.5440 5.0209 0.0000 0.0000 0.0000 0.0000 0.0000 0.0000 0.0000 
25 0.9775 1.0270 -0.2210 0.0095 0.5440 5.0209 0.0000 0.0000 0.0000 0.0000 0.0000 0.0000 0.0000 
26 2.4651 1.7698 0.0980 0.0342 0.5440 5.0209 0.0000 0.0000 0.0000 0.0000 0.0000 0.0000 0.0000 
27 0.8860 0.4258 0.8670 0.0112 0.5440 5.0209 0.0000 0.0000 0.0000 0.0000 0.0000 0.0000 0.0000 
28 2.4840 2.2508 -0.3200 0.0530 0.5440 5.0209 0.0000 0.0000 0.0000 0.0000 0.0000 0.0000 0.0000 
29 2.6202 0.8240 1.5980 0.0037 0.5440 5.0209 0.0000 0.0000 0.0000 0.0000 0.0000 0.0000 0.0000 
30 1.7591 2.8944 -0.5050 0.2406 0.5440 5.0209 0.0000 0.0000 0.0000 0.0000 0.0000 0.0000 0.0000 
31 1.9027 2.9757 -0.3490 0.1662 0.5440 5.0209 0.0000 0.0000 0.0000 0.0000 0.0000 0.0000 0.0000 
32 0.6087 3.0656 -0.3180 0.0866 0.5440 5.0209 0.0000 0.0000 0.0000 0.0000 0.0000 0.0000 0.0000 
33 0.2701 1.3660 0.0920 0.0750 0.5440 5.0209 0.0000 0.0000 0.0000 0.0000 0.0000 0.0000 0.0000 
34 0.1711 2.5624 -0.9630 0.1167 0.5440 5.0209 0.0000 0.0000 0.0000 0.0000 0.0000 0.0000 0.0000 
35 2.1902 3.0617 -0.1910 0.0895 0.5440 5.0209 0.0000 0.0000 0.0000 0.0000 0.0000 0.0000 0.0000 
36 2.5484 2.9859 -0.7450 0.1140 0.5440 5.0209 0.0000 0.0000 0.0000 0.0000 0.0000 0.0000 0.0000 
37 1.7382 3.1058 -0.1030 0.0847 0.5440 5.0209 0.0000 0.0000 0.0000 0.0000 0.0000 0.0000 0.0000 
38 2.3782 1.1528 0.1470 0.0308 0.5440 5.0209 0.0000 0.0000 0.0000 0.0000 0.0000 0.0000 0.0000 
39 3.0637 1.2467 0.0200 0.0671 0.5440 5.0209 0.0000 0.0000 0.0000 0.0000 0.0000 0.0000 0.0000 
40 0.6880 0.3308 1.3340 0.0056 0.5440 5.0209 0.0000 0.0000 0.0000 0.0000 0.0000 0.0000 0.0000 
41 1.5173 0.6981 0.1850 0.1364 0.5440 5.0209 0.0000 0.0000 0.0000 0.0000 0.0000 0.0000 0.0000 
42 2.9396 2.9909 -0.4880 0.0950 0.5440 5.0209 0.0000 0.0000 0.0000 0.0000 0.0000 0.0000 0.0000 
43 0.7568 0.4148 1.1780 0.0035 0.5440 5.0209 0.0000 0.0000 0.0000 0.0000 0.0000 0.0000 0.0000 
44 1.7089 0.6161 0.4410 0.1222 0.5440 5.0209 0.0000 0.0000 0.0000 0.0000 0.0000 0.0000 0.0000 
45 1.7536 2.5723 -0.5480 0.2780 0.5440 5.0209 0.0000 0.0000 0.0000 0.0000 0.0000 0.0000 0.0000 
46 0.8697 1.3828 -0.1600 0.0577 0.5440 5.0209 0.0000 0.0000 0.0000 0.0000 0.0000 0.0000 0.0000 
47 2.8401 1.4526 0.0340 0.0724 0.5440 5.0209 0.0000 0.0000 0.0000 0.0000 0.0000 0.0000 0.0000 
48 1.1426 2.8141 -0.6340 0.2512 0.5440 5.0209 0.0000 0.0000 0.0000 0.0000 0.0000 0.0000 0.0000 
49 2.5751 2.8228 -1.0880 0.1628 0.5440 5.0209 0.0000 0.0000 0.0000 0.0000 0.0000 0.0000 0.0000 
50 2.1918 1.3550 -0.1720 0.0480 0.5440 5.0209 0.0000 0.0000 0.0000 0.0000 0.0000 0.0000 0.0000 
51 2.2079 2.6240 -0.7290 0.2180 0.5440 5.0209 0.0000 0.0000 0.0000 0.0000 0.0000 0.0000 0.0000 
52 2.0451 0.8252 0.1870 0.0337 0.5440 5.0209 0.0000 0.0000 0.0000 0.0000 0.0000 0.0000 0.0000 
53 0.9980 1.3459 -0.2360 0.0427 0.5440 5.0209 0.0000 0.0000 0.0000 0.0000 0.0000 0.0000 0.0000 
54 2.4471 1.7944 0.0750 0.0307 0.5440 5.0209 0.0000 0.0000 0.0000 0.0000 0.0000 0.0000 0.0000 
55 1.7727 2.6140 -0.4850 0.2960 0.5440 5.0209 0.0000 0.0000 0.0000 0.0000 0.0000 0.0000 0.0000 
56 0.4298 2.0200 -0.1330 0.0294 0.5440 5.0209 0.0000 0.0000 0.0000 0.0000 0.0000 0.0000 0.0000 
57 1.1113 1.8013 0.3570 0.0393 0.5440 5.0209 0.0000 0.0000 0.0000 0.0000 0.0000 0.0000 0.0000 
58 2.6408 0.8554 1.4340 0.0065 0.5440 5.0209 0.0000 0.0000 0.0000 0.0000 0.0000 0.0000 0.0000 
59 2.9941 0.3390 0.7060 0.0263 0.5440 5.0209 0.0000 0.0000 0.0000 0.0000 0.0000 0.0000 0.0000 
60 1.8094 1.7480 0.3870 0.0554 0.5440 5.0209 0.0000 0.0000 0.0000 0.0000 0.0000 0.0000 0.0000 
61 0.8150 1.8059 0.1200 0.0303 0.5440 5.0209 0.0000 0.0000 0.0000 0.0000 0.0000 0.0000 0.0000 
62 1.5318 1.4675 -0.3040 0.0432 0.5440 5.0209 0.0000 0.0000 0.0000 0.0000 0.0000 0.0000 0.0000 
63 2.2850 0.1120 0.3510 0.0386 0.5440 5.0209 0.0000 0.0000 0.0000 0.0000 0.0000 0.0000 0.0000 
64 1.2472 2.4895 -0.2550 0.2208 0.5440 5.0209 0.0000 0.0000 0.0000 0.0000 0.0000 0.0000 0.0000 
65 0.5315 2.7382 -1.2100 0.1760 0.5440 5.0209 0.0000 0.0000 0.0000 0.0000 0.0000 0.0000 0.0000 
66 0.7192 2.1717 -0.1630 0.0291 0.5440 5.0209 0.0000 0.0000 0.0000 0.0000 0.0000 0.0000 0.0000 
67 0.6267 1.4667 -0.0020 0.0713 0.5440 5.0209 0.0000 0.0000 0.0000 0.0000 0.0000 0.0000 0.0000 
68 1.3852 0.3488 0.5130 0.0377 0.5440 5.0209 0.0000 0.0000 0.0000 0.0000 0.0000 0.0000 0.0000 
69 2.2279 1.5605 -0.0330 0.0630 0.5440 5.0209 0.0000 0.0000 0.0000 0.0000 0.0000 0.0000 0.0000 
70 2.1957 1.7398 0.1650 0.0444 0.5440 5.0209 0.0000 0.0000 0.0000 0.0000 0.0000 0.0000 0.0000 
71 1.7907 1.7003 0.2220 0.0623 0.5440 5.0209 0.0000 0.0000 0.0000 0.0000 0.0000 0.0000 0.0000 
72 1.0058 2.8336 -0.6490 0.2070 0.5440 5.0209 0.0000 0.0000 0.0000 0.0000 0.0000 0.0000 0.0000 
73 0.3628 2.7663 -1.3160 0.1656 0.5440 5.0209 0.0000 0.0000 0.0000 0.0000 0.0000 0.0000 0.0000 
74 2.7263 1.6141 -0.0980 0.0572 0.5440 5.0209 0.0000 0.0000 0.0000 0.0000 0.0000 0.0000 0.0000 
75 2.4632 2.1481 -0.1120 0.0264 0.5440 5.0209 0.0000 0.0000 0.0000 0.0000 0.0000 0.0000 0.0000 
76 1.9404 0.9870 -0.3170 0.0252 0.5440 5.0209 0.0000 0.0000 0.0000 0.0000 0.0000 0.0000 0.0000 
77 1.0722 1.1627 -0.3460 0.0120 0.5440 5.0209 0.0000 0.0000 0.0000 0.0000 0.0000 0.0000 0.0000 
78 1.0191 3.0190 -0.2750 0.1130 0.5440 5.0209 0.0000 0.0000 0.0000 0.0000 0.0000 0.0000 0.0000 
79 1.1380 1.2788 -0.3520 0.0205 0.5440 5.0209 0.0000 0.0000 0.0000 0.0000 0.0000 0.0000 0.0000 
80 1.3761 2.5834 -0.3790 0.2833 0.5440 5.0209 0.0000 0.0000 0.0000 0.0000 0.0000 0.0000 0.0000 
81 1.5531 1.7843 0.3600 0.0514 0.5440 5.0209 0.0000 0.0000 0.0000 0.0000 0.0000 0.0000 0.0000 
82 0.8771 0.9458 0.3250 0.0067 0.5440 5.0209 0.0000 0.0000 0.0000 0.0000 0.0000 0.0000 0.0000 
83 0.3710 0.7608 1.8280 0.0067 0.5440 5.0209 0.0000 0.0000 0.0000 0.0000 0.0000 0.0000 0.0000 
84 0.9026 2.6923 -0.7090 0.2137 0.5440 5.0209 0.0000 0.0000 0.0000 0.0000 0.0000 0.0000 0.0000 
85 1.6283 0.4358 0.4900 0.0719 0.5440 5.0209 0.0000 0.0000 0.0000 0.0000 0.0000 0.0000 0.0000 
86 1.5074 0.4678 0.5690 0.0853 0.5440 5.0209 0.0000 0.0000 0.0000 0.0000 0.0000 0.0000 0.0000 
87 1.8216 1.4448 -0.1460 0.0420 0.5440 5.0209 0.0000 0.0000 0.0000 0.0000 0.0000 0.0000 0.0000 
88 2.7106 0.8886 1.4010 0.0137 0.5440 5.0209 0.0000 0.0000 0.0000 0.0000 0.0000 0.0000 0.0000 
89 2.6880 0.8531 1.6320 0.0087 0.5440 5.0209 0.0000 0.0000 0.0000 0.0000 0.0000 0.0000 0.0000 
90 3.0887 2.0289 -0.1370 0.0603 0.5440 5.0209 0.0000 0.0000 0.0000 0.0000 0.0000 0.0000 0.0000 
91 0.2298 2.5551 -1.1410 0.1317 0.5440 5.0209 0.0000 0.0000 0.0000 0.0000 0.0000 0.0000 0.0000 
92 0.9384 1.2018 -0.2480 0.0248 0.5440 5.0209 0.0000 0.0000 0.0000 0.0000 0.0000 0.0000 0.0000 
93 0.5458 2.6471 -1.2450 0.1754 0.5440 5.0209 0.0000 0.0000 0.0000 0.0000 0.0000 0.0000 0.0000 
94 0.3749 2.3455 -0.8240 0.0976 0.5440 5.0209 0.0000 0.0000 0.0000 0.0000 0.0000 0.0000 0.0000 
95 1.3036 2.1666 0.3480 0.0187 0.5440 5.0209 0.0000 0.0000 0.0000 0.0000 0.0000 0.0000 0.0000 
96 0.9914 0.3381 0.8010 0.0242 0.5440 5.0209 0.0000 0.0000 0.0000 0.0000 0.0000 0.0000 0.0000 
97 2.8836 2.0915 -0.3650 0.0507 0.5440 5.0209 0.0000 0.0000 0.0000 0.0000 0.0000 0.0000 0.0000 
98 0.6161 3.0692 -0.2110 0.0853 0.5440 5.0209 0.0000 0.0000 0.0000 0.0000 0.0000 0.0000 0.0000 
99 2.8734 0.6554 1.7040 0.0094 0.5440 5.0209 0.0000 0.0000 0.0000 0.0000 0.0000 0.0000 0.0000 
100 0.1581 1.9584 -0.1480 0.0510 0.5440 5.0209 0.0000 0.0000 0.0000 0.0000 0.0000 0.0000 0.0000 
101 0.5232 2.3261 -0.5450 0.0852 0.5440 5.0209 0.0000 0.0000 0.0000 0.0000 0.0000 0.0000 0.0000 
102 1.5261 2.2567 0.2540 0.0580 0.5440 5.0209 0.0000 0.0000 0.0000 0.0000 0.0000 0.0000 0.0000 
103 1.8331 2.4442 -0.2540 0.1908 0.5440 5.0209 0.0000 0.0000 0.0000 0.0000 0.0000 0.0000 0.0000 
104 2.5991 1.9338 0.0490 0.0209 0.5440 5.0209 0.0000 0.0000 0.0000 0.0000 0.0000 0.0000 0.0000 
105 1.8988 1.0942 -0.3620 0.0106 0.5440 5.0209 0.0000 0.0000 0.0000 0.0000 0.0000 0.0000 0.0000 
106 0.5078 0.3813 1.6030 0.0015 0.5440 5.0209 0.0000 0.0000 0.0000 0.0000 0.0000 0.0000 0.0000 
107 2.7065 0.7268 1.9220 0.0022 0.5440 5.0209 0.0000 0.0000 0.0000 0.0000 0.0000 0.0000 0.0000 
108 1.3974 1.0634 -0.4740 0.0208 0.5440 5.0209 0.0000 0.0000 0.0000 0.0000 0.0000 0.0000 0.0000 
109 1.9847 1.7222 0.4160 0.0543 0.5440 5.0209 0.0000 0.0000 0.0000 0.0000 0.0000 0.0000 0.0000 
110 2.7128 1.4263 0.0510 0.0752 0.5440 5.0209 0.0000 0.0000 0.0000 0.0000 0.0000 0.0000 0.0000 
111 1.2008 2.0807 0.4570 0.0044 0.5440 5.0209 0.0000 0.0000 0.0000 0.0000 0.0000 0.0000 0.0000 
112 2.3654 2.9149 -0.6480 0.1370 0.5440 5.0209 0.0000 0.0000 0.0000 0.0000 0.0000 0.0000 0.0000 
113 1.0485 2.7963 -0.5490 0.2341 0.5440 5.0209 0.0000 0.0000 0.0000 0.0000 0.0000 0.0000 0.0000 
114 3.0851 3.0880 -0.0080 0.0659 0.5440 5.0209 0.0000 0.0000 0.0000 0.0000 0.0000 0.0000 0.0000 
115 0.4930 1.2561 0.3200 0.0678 0.5440 5.0209 0.0000 0.0000 0.0000 0.0000 0.0000 0.0000 0.0000 
116 2.4542 2.6276 -0.9720 0.1752 0.5440 5.0209 0.0000 0.0000 0.0000 0.0000 0.0000 0.0000 0.0000 
117 0.2202 1.3016 0.2440 0.0736 0.5440 5.0209 0.0000 0.0000 0.0000 0.0000 0.0000 0.0000 0.0000 
118 2.3026 2.4064 -0.3880 0.1173 0.5440 5.0209 0.0000 0.0000 0.0000 0.0000 0.0000 0.0000 0.0000 
119 1.7275 0.7404 0.0740 0.1186 0.5440 5.0209 0.0000 0.0000 0.0000 0.0000 0.0000 0.0000 0.0000 
120 1.3373 0.2781 0.4530 0.0216 0.5440 5.0209 0.0000 0.0000 0.0000 0.0000 0.0000 0.0000 0.0000 
121 1.0602 1.3999 -0.2710 0.0468 0.5440 5.0209 0.0000 0.0000 0.0000 0.0000 0.0000 0.0000 0.0000 
122 2.6030 1.8925 0.0280 0.0231 0.5440 5.0209 0.0000 0.0000 0.0000 0.0000 0.0000 0.0000 0.0000 
123 1.3603 0.8480 -0.0590 0.0844 0.5440 5.0209 0.0000 0.0000 0.0000 0.0000 0.0000 0.0000 0.0000 
124 1.0589 2.1401 0.2650 0.0147 0.5440 5.0209 0.0000 0.0000 0.0000 0.0000 0.0000 0.0000 0.0000 
125 1.4549 0.6266 0.3240 0.1268 0.5440 5.0209 0.0000 0.0000 0.0000 0.0000 0.0000 0.0000 0.0000 
126 2.5994 1.8508 0.0700 0.0262 0.5440 5.0209 0.0000 0.0000 0.0000 0.0000 0.0000 0.0000 0.0000 
127 3.0428 1.7315 -0.2190 0.0571 0.5440 5.0209 0.0000 0.0000 0.0000 0.0000 0.0000 0.0000 0.0000 
128 1.9951 1.4007 -0.1910 0.0415 0.5440 5.0209 0.0000 0.0000 0.0000 0.0000 0.0000 0.0000 0.0000 
129 1.9502 2.8947 -0.5240 0.2157 0.5440 5.0209 0.0000 0.0000 0.0000 0.0000 0.0000 0.0000 0.0000 
130 3.0847 2.1104 -0.2240 0.0624 0.5440 5.0209 0.0000 0.0000 0.0000 0.0000 0.0000 0.0000 0.0000 
131 1.4086 0.2906 0.3820 0.0201 0.5440 5.0209 0.0000 0.0000 0.0000 0.0000 0.0000 0.0000 0.0000 
132 2.6555 1.2905 0.2510 0.0716 0.5440 5.0209 0.0000 0.0000 0.0000 0.0000 0.0000 0.0000 0.0000 
133 1.2633 0.2737 0.5300 0.0253 0.5440 5.0209 0.0000 0.0000 0.0000 0.0000 0.0000 0.0000 0.0000 
134 0.2038 1.2879 0.1570 0.0729 0.5440 5.0209 0.0000 0.0000 0.0000 0.0000 0.0000 0.0000 0.0000 
135 3.0647 2.3525 -0.3920 0.0760 0.5440 5.0209 0.0000 0.0000 0.0000 0.0000 0.0000 0.0000 0.0000 
136 2.2559 2.1331 0.0990 0.0165 0.5440 5.0209 0.0000 0.0000 0.0000 0.0000 0.0000 0.0000 0.0000 
137 0.9300 0.6130 0.8890 0.0130 0.5440 5.0209 0.0000 0.0000 0.0000 0.0000 0.0000 0.0000 0.0000 
138 1.9321 0.2933 0.6160 0.0300 0.5440 5.0209 0.0000 0.0000 0.0000 0.0000 0.0000 0.0000 0.0000 
139 1.8887 1.6648 0.1240 0.0630 0.5440 5.0209 0.0000 0.0000 0.0000 0.0000 0.0000 0.0000 0.0000 
140 1.7501 0.4691 0.5190 0.0791 0.5440 5.0209 0.0000 0.0000 0.0000 0.0000 0.0000 0.0000 0.0000 
141 0.3056 1.5394 -0.0540 0.0655 0.5440 5.0209 0.0000 0.0000 0.0000 0.0000 0.0000 0.0000 0.0000 
142 0.5428 2.0510 -0.0920 0.0227 0.5440 5.0209 0.0000 0.0000 0.0000 0.0000 0.0000 0.0000 0.0000 
143 1.0415 1.9877 0.3710 0.0081 0.5440 5.0209 0.0000 0.0000 0.0000 0.0000 0.0000 0.0000 0.0000 
144 2.3818 1.9445 0.1610 0.0136 0.5440 5.0209 0.0000 0.0000 0.0000 0.0000 0.0000 0.0000 0.0000 
145 1.7169 0.7002 0.2160 0.1245 0.5440 5.0209 0.0000 0.0000 0.0000 0.0000 0.0000 0.0000 0.0000 
146 1.1560 3.0745 -0.1850 0.0942 0.5440 5.0209 0.0000 0.0000 0.0000 0.0000 0.0000 0.0000 0.0000 
147 0.9169 0.9648 0.2200 0.0079 0.5440 5.0209 0.0000 0.0000 0.0000 0.0000 0.0000 0.0000 0.0000 
148 1.6004 1.7606 0.4460 0.0561 0.5440 5.0209 0.0000 0.0000 0.0000 0.0000 0.0000 0.0000 0.0000 
149 2.5051 0.9980 0.7390 0.0152 0.5440 5.0209 0.0000 0.0000 0.0000 0.0000 0.0000 0.0000 0.0000 
150 3.0285 0.1676 0.3720 0.0442 0.5440 5.0209 0.0000 0.0000 0.0000 0.0000 0.0000 0.0000 0.0000 
151 2.5040 1.8329 0.1370 0.0259 0.5440 5.0209 0.0000 0.0000 0.0000 0.0000 0.0000 0.0000 0.0000 
152 2.8410 0.5656 1.8610 0.0044 0.5440 5.0209 0.0000 0.0000 0.0000 0.0000 0.0000 0.0000 0.0000 
153 2.1963 2.9810 -0.3750 0.1241 0.5440 5.0209 0.0000 0.0000 0.0000 0.0000 0.0000 0.0000 0.0000 
154 2.1289 0.4418 0.7390 0.0252 0.5440 5.0209 0.0000 0.0000 0.0000 0.0000 0.0000 0.0000 0.0000 
155 2.9011 3.0492 -0.3860 0.0854 0.5440 5.0209 0.0000 0.0000 0.0000 0.0000 0.0000 0.0000 0.0000 
156 0.4370 2.6162 -1.4030 0.1705 0.5440 5.0209 0.0000 0.0000 0.0000 0.0000 0.0000 0.0000 0.0000 
157 0.3413 0.3473 1.5670 0.0056 0.5440 5.0209 0.0000 0.0000 0.0000 0.0000 0.0000 0.0000 0.0000 
158 2.5192 2.2897 -0.4590 0.0674 0.5440 5.0209 0.0000 0.0000 0.0000 0.0000 0.0000 0.0000 0.0000 
159 3.0114 2.0221 -0.1310 0.0554 0.5440 5.0209 0.0000 0.0000 0.0000 0.0000 0.0000 0.0000 0.0000 
160 1.6564 0.9275 -0.2150 0.0722 0.5440 5.0209 0.0000 0.0000 0.0000 0.0000 0.0000 0.0000 0.0000 
161 1.8424 3.1187 -0.0290 0.0748 0.5440 5.0209 0.0000 0.0000 0.0000 0.0000 0.0000 0.0000 0.0000 
162 2.0669 2.7631 -0.7540 0.2527 0.5440 5.0209 0.0000 0.0000 0.0000 0.0000 0.0000 0.0000 0.0000 
163 0.7006 2.3355 -0.3960 0.0817 0.5440 5.0209 0.0000 0.0000 0.0000 0.0000 0.0000 0.0000 0.0000 
164 2.3258 0.3155 0.8300 0.0125 0.5440 5.0209 0.0000 0.0000 0.0000 0.0000 0.0000 0.0000 0.0000 
165 2.5947 0.6355 1.9510 0.0000 0.5440 5.0209 0.0000 0.0000 0.0000 0.0000 0.0000 0.0000 0.0000 
166 0.7611 0.2862 0.9450 0.0121 0.5440 5.0209 0.0000 0.0000 0.0000 0.0000 0.0000 0.0000 0.0000 
167 2.1156 0.5328 0.7020 0.0275 0.5440 5.0209 0.0000 0.0000 0.0000 0.0000 0.0000 0.0000 0.0000 
168 3.0677 0.1001 0.2890 0.0547 0.5440 5.0209 0.0000 0.0000 0.0000 0.0000 0.0000 0.0000 0.0000 
169 2.5621 2.4091 -0.8340 0.1128 0.5440 5.0209 0.0000 0.0000 0.0000 0.0000 0.0000 0.0000 0.0000 
170 1.8316 1.8397 0.4160 0.0361 0.5440 5.0209 0.0000 0.0000 0.0000 0.0000 0.0000 0.0000 0.0000 
171 2.5271 2.0356 -0.0570 0.0173 0.5440 5.0209 0.0000 0.0000 0.0000 0.0000 0.0000 0.0000 0.0000 
172 0.5239 2.5237 -1.0470 0.1521 0.5440 5.0209 0.0000 0.0000 0.0000 0.0000 0.0000 0.0000 0.0000 
173 1.1764 1.8756 0.4630 0.0260 0.5440 5.0209 0.0000 0.0000 0.0000 0.0000 0.0000 0.0000 0.0000 
174 1.6586 2.8497 -0.5730 0.2732 0.5440 5.0209 0.0000 0.0000 0.0000 0.0000 0.0000 0.0000 0.0000 
175 1.3603 2.6958 -0.5860 0.3118 0.5440 5.0209 0.0000 0.0000 0.0000 0.0000 0.0000 0.0000 0.0000 
176 0.3488 1.0921 0.7540 0.0519 0.5440 5.0209 0.0000 0.0000 0.0000 0.0000 0.0000 0.0000 0.0000 
177 2.1396 1.9613 0.2280 0.0108 0.5440 5.0209 0.0000 0.0000 0.0000 0.0000 0.0000 0.0000 0.0000 
178 2.6316 0.7324 1.8450 0.0008 0.5440 5.0209 0.0000 0.0000 0.0000 0.0000 0.0000 0.0000 0.0000 
179 2.5460 2.5200 -0.8660 0.1503 0.5440 5.0209 0.0000 0.0000 0.0000 0.0000 0.0000 0.0000 0.0000 
180 0.5347 0.5253 1.8190 0.0001 0.5440 5.0209 0.0000 0.0000 0.0000 0.0000 0.0000 0.0000 0.0000 
181 1.8741 3.0674 -0.2600 0.1048 0.5440 5.0209 0.0000 0.0000 0.0000 0.0000 0.0000 0.0000 0.0000 
182 1.9667 1.4017 -0.2500 0.0399 0.5440 5.0209 0.0000 0.0000 0.0000 0.0000 0.0000 0.0000 0.0000 
183 1.6417 2.5623 -0.3790 0.2727 0.5440 5.0209 0.0000 0.0000 0.0000 0.0000 0.0000 0.0000 0.0000 
184 1.6886 1.7326 0.1110 0.0600 0.5440 5.0209 0.0000 0.0000 0.0000 0.0000 0.0000 0.0000 0.0000 
185 1.9045 2.9351 -0.4030 0.1954 0.5440 5.0209 0.0000 0.0000 0.0000 0.0000 0.0000 0.0000 0.0000 
186 2.5345 2.6523 -0.9940 0.1755 0.5440 5.0209 0.0000 0.0000 0.0000 0.0000 0.0000 0.0000 0.0000 
187 0.9097 1.9254 0.2900 0.0147 0.5440 5.0209 0.0000 0.0000 0.0000 0.0000 0.0000 0.0000 0.0000 
188 2.6035 2.2843 -0.5440 0.0704 0.5440 5.0209 0.0000 0.0000 0.0000 0.0000 0.0000 0.0000 0.0000 
189 2.9950 2.8837 -0.7160 0.1017 0.5440 5.0209 0.0000 0.0000 0.0000 0.0000 0.0000 0.0000 0.0000 
190 0.4882 1.6457 -0.0670 0.0525 0.5440 5.0209 0.0000 0.0000 0.0000 0.0000 0.0000 0.0000 0.0000 
191 1.1882 0.7239 0.4230 0.0638 0.5440 5.0209 0.0000 0.0000 0.0000 0.0000 0.0000 0.0000 0.0000 
192 1.6232 3.0917 -0.1630 0.0962 0.5440 5.0209 0.0000 0.0000 0.0000 0.0000 0.0000 0.0000 0.0000 
193 2.4368 0.4015 1.3130 0.0024 0.5440 5.0209 0.0000 0.0000 0.0000 0.0000 0.0000 0.0000 0.0000 
194 0.8535 1.2244 -0.0700 0.0354 0.5440 5.0209 0.0000 0.0000 0.0000 0.0000 0.0000 0.0000 0.0000 
195 2.7923 1.4976 -0.0580 0.0697 0.5440 5.0209 0.0000 0.0000 0.0000 0.0000 0.0000 0.0000 0.0000 
196 0.5852 1.7735 0.0200 0.0340 0.5440 5.0209 0.0000 0.0000 0.0000 0.0000 0.0000 0.0000 0.0000 
197 0.8520 0.2166 0.5630 0.0240 0.5440 5.0209 0.0000 0.0000 0.0000 0.0000 0.0000 0.0000 0.0000 
198 1.9027 3.1138 0.0060 0.0763 0.5440 5.0209 0.0000 0.0000 0.0000 0.0000 0.0000 0.0000 0.0000 
199 2.4600 2.3392 -0.4400 0.0835 0.5440 5.0209 0.0000 0.0000 0.0000 0.0000 0.0000 0.0000 0.0000 
200 0.5643 1.8085 -0.0050 0.0300 0.5440 5.0209 0.0000 0.0000 0.0000 0.0000 0.0000 0.0000 0.0000 
201 2.0373 2.4090 -0.2110 0.1494 0.5440 5.0209 0.0000 0.0000 0.0000 0.0000 0.0000 0.0000 0.0000 
202 1.4587 0.2621 0.4370 0.0109 0.5440 5.0209 0.0000 0.0000 0.0000 0.0000 0.0000 0.0000 0.0000 
203 2.9217 0.9077 0.9440 0.0371 0.5440 5.0209 0.0000 0.0000 0.0000 0.0000 0.0000 0.0000 0.0000 
204 2.3460 1.5119 -0.0320 0.0661 0.5440 5.0209 0.0000 0.0000 0.0000 0.0000 0.0000 0.0000 0.0000 
205 2.4700 1.1272 0.4900 0.0335 0.5440 5.0209 0.0000 0.0000 0.0000 0.0000 0.0000 0.0000 0.0000 
206 0.3812 1.4018 0.0670 0.0759 0.5440 5.0209 0.0000 0.0000 0.0000 0.0000 0.0000 0.0000 0.0000 
207 1.5600 2.5107 -0.4490 0.2409 0.5440 5.0209 0.0000 0.0000 0.0000 0.0000 0.0000 0.0000 0.0000 
208 1.3281 2.1271 0.4250 0.0086 0.5440 5.0209 0.0000 0.0000 0.0000 0.0000 0.0000 0.0000 0.0000 
209 1.2446 2.3285 -0.1480 0.1017 0.5440 5.0209 0.0000 0.0000 0.0000 0.0000 0.0000 0.0000 0.0000 
210 0.6299 2.7768 -0.9830 0.1701 0.5440 5.0209 0.0000 0.0000 0.0000 0.0000 0.0000 0.0000 0.0000 
211 2.9725 0.1721 0.5250 0.0365 0.5440 5.0209 0.0000 0.0000 0.0000 0.0000 0.0000 0.0000 0.0000 
212 2.7109 2.4666 -1.1730 0.1354 0.5440 5.0209 0.0000 0.0000 0.0000 0.0000 0.0000 0.0000 0.0000 
213 2.2078 0.4221 0.8020 0.0160 0.5440 5.0209 0.0000 0.0000 0.0000 0.0000 0.0000 0.0000 0.0000 
214 2.3291 2.4471 -0.5550 0.1338 0.5440 5.0209 0.0000 0.0000 0.0000 0.0000 0.0000 0.0000 0.0000 
215 2.0049 3.0311 -0.2500 0.1176 0.5440 5.0209 0.0000 0.0000 0.0000 0.0000 0.0000 0.0000 0.0000 
216 2.9802 2.0272 -0.2690 0.0534 0.5440 5.0209 0.0000 0.0000 0.0000 0.0000 0.0000 0.0000 0.0000 
217 2.9135 0.5373 1.6090 0.0106 0.5440 5.0209 0.0000 0.0000 0.0000 0.0000 0.0000 0.0000 0.0000 
218 1.0073 1.7116 0.2330 0.0507 0.5440 5.0209 0.0000 0.0000 0.0000 0.0000 0.0000 0.0000 0.0000 
219 1.6898 2.9982 -0.4500 0.1669 0.5440 5.0209 0.0000 0.0000 0.0000 0.0000 0.0000 0.0000 0.0000 
220 2.0343 1.9898 0.4450 0.0075 0.5440 5.0209 0.0000 0.0000 0.0000 0.0000 0.0000 0.0000 0.0000 
221 1.9897 2.9761 -0.4870 0.1544 0.5440 5.0209 0.0000 0.0000 0.0000 0.0000 0.0000 0.0000 0.0000 
222 1.3179 2.3490 -0.0660 0.1183 0.5440 5.0209 0.0000 0.0000 0.0000 0.0000 0.0000 0.0000 0.0000 
223 1.9254 1.3240 -0.4100 0.0225 0.5440 5.0209 0.0000 0.0000 0.0000 0.0000 0.0000 0.0000 0.0000 
224 1.1312 0.5674 0.6340 0.0496 0.5440 5.0209 0.0000 0.0000 0.0000 0.0000 0.0000 0.0000 0.0000 
225 0.1332 1.1220 0.3120 0.0645 0.5440 5.0209 0.0000 0.0000 0.0000 0.0000 0.0000 0.0000 0.0000 
226 1.0131 0.3470 0.6890 0.0258 0.5440 5.0209 0.0000 0.0000 0.0000 0.0000 0.0000 0.0000 0.0000 
227 1.5766 1.1673 -0.4460 0.0026 0.5440 5.0209 0.0000 0.0000 0.0000 0.0000 0.0000 0.0000 0.0000 
228 2.9165 2.4740 -1.0660 0.1181 0.5440 5.0209 0.0000 0.0000 0.0000 0.0000 0.0000 0.0000 0.0000 
229 2.1229 2.6762 -0.4450 0.2479 0.5440 5.0209 0.0000 0.0000 0.0000 0.0000 0.0000 0.0000 0.0000 
230 0.9354 0.4537 0.9050 0.0153 0.5440 5.0209 0.0000 0.0000 0.0000 0.0000 0.0000 0.0000 0.0000 
231 1.9544 0.7919 0.1490 0.0569 0.5440 5.0209 0.0000 0.0000 0.0000 0.0000 0.0000 0.0000 0.0000 
232 3.0961 1.3927 -0.0330 0.0650 0.5440 5.0209 0.0000 0.0000 0.0000 0.0000 0.0000 0.0000 0.0000 
233 2.7952 0.8475 1.5400 0.0159 0.5440 5.0209 0.0000 0.0000 0.0000 0.0000 0.0000 0.0000 0.0000 
234 0.3851 2.0071 -0.2040 0.0325 0.5440 5.0209 0.0000 0.0000 0.0000 0.0000 0.0000 0.0000 0.0000 
235 2.2075 0.8787 0.2940 0.0098 0.5440 5.0209 0.0000 0.0000 0.0000 0.0000 0.0000 0.0000 0.0000 
236 2.9190 3.0599 -0.2450 0.0815 0.5440 5.0209 0.0000 0.0000 0.0000 0.0000 0.0000 0.0000 0.0000 
237 2.1904 3.0848 -0.1680 0.0808 0.5440 5.0209 0.0000 0.0000 0.0000 0.0000 0.0000 0.0000 0.0000 
238 3.0904 0.5506 0.4050 0.0470 0.5440 5.0209 0.0000 0.0000 0.0000 0.0000 0.0000 0.0000 0.0000 
239 2.3215 2.3689 -0.4400 0.0983 0.5440 5.0209 0.0000 0.0000 0.0000 0.0000 0.0000 0.0000 0.0000 
240 2.3261 1.1328 0.0880 0.0238 0.5440 5.0209 0.0000 0.0000 0.0000 0.0000 0.0000 0.0000 0.0000 
241 1.7526 1.8887 0.4420 0.0254 0.5440 5.0209 0.0000 0.0000 0.0000 0.0000 0.0000 0.0000 0.0000 
242 2.6852 0.2565 1.2960 0.0091 0.5440 5.0209 0.0000 0.0000 0.0000 0.0000 0.0000 0.0000 0.0000 
243 1.2412 1.0577 -0.3400 0.0156 0.5440 5.0209 0.0000 0.0000 0.0000 0.0000 0.0000 0.0000 0.0000 
244 2.5076 0.4547 1.5890 0.0003 0.5440 5.0209 0.0000 0.0000 0.0000 0.0000 0.0000 0.0000 0.0000 
245 0.2876 0.4511 1.6820 0.0054 0.5440 5.0209 0.0000 0.0000 0.0000 0.0000 0.0000 0.0000 0.0000 
246 0.4529 1.4237 0.1200 0.0753 0.5440 5.0209 0.0000 0.0000 0.0000 0.0000 0.0000 0.0000 0.0000 
247 2.7331 1.1802 0.5290 0.0619 0.5440 5.0209 0.0000 0.0000 0.0000 0.0000 0.0000 0.0000 0.0000 
248 0.4077 2.1378 -0.3570 0.0443 0.5440 5.0209 0.0000 0.0000 0.0000 0.0000 0.0000 0.0000 0.0000 
249 1.1118 1.8373 0.4970 0.0323 0.5440 5.0209 0.0000 0.0000 0.0000 0.0000 0.0000 0.0000 0.0000 
250 2.3740 1.4866 -0.1320 0.0674 0.5440 5.0209 0.0000 0.0000 0.0000 0.0000 0.0000 0.0000 0.0000 
251 2.3303 1.9845 0.2700 0.0106 0.5440 5.0209 0.0000 0.0000 0.0000 0.0000 0.0000 0.0000 0.0000 
252 2.6908 2.4188 -1.0790 0.1200 0.5440 5.0209 0.0000 0.0000 0.0000 0.0000 0.0000 0.0000 0.0000 
253 2.8411 2.3699 -0.8860 0.1035 0.5440 5.0209 0.0000 0.0000 0.0000 0.0000 0.0000 0.0000 0.0000 
254 0.9584 1.6348 0.0970 0.0584 0.5440 5.0209 0.0000 0.0000 0.0000 0.0000 0.0000 0.0000 0.0000 
255 2.4489 2.4866 -0.8650 0.1409 0.5440 5.0209 0.0000 0.0000 0.0000 0.0000 0.0000 0.0000 0.0000 
256 2.3214 2.6643 -0.8680 0.1945 0.5440 5.0209 0.0000 0.0000 0.0000 0.0000 0.0000 0.0000 0.0000 
257 2.6080 1.7456 -0.0610 0.0384 0.5440 5.0209 0.0000 0.0000 0.0000 0.0000 0.0000 0.0000 0.0000 
258 2.0482 0.2332 0.5380 0.0286 0.5440 5.0209 0.0000 0.0000 0.0000 0.0000 0.0000 0.0000 0.0000 
259 1.5522 2.3105 0.0170 0.0921 0.5440 5.0209 0.0000 0.0000 0.0000 0.0000 0.0000 0.0000 0.0000 
260 2.8785 2.6803 -1.2450 0.1499 0.5440 5.0209 0.0000 0.0000 0.0000 0.0000 0.0000 0.0000 0.0000 
261 1.4362 0.7984 0.0650 0.1110 0.5440 5.0209 0.0000 0.0000 0.0000 0.0000 0.0000 0.0000 0.0000 
262 2.7935 2.0992 -0.3330 0.0439 0.5440 5.0209 0.0000 0.0000 0.0000 0.0000 0.0000 0.0000 0.0000 
263 0.6827 0.2146 0.9050 0.0172 0.5440 5.0209 0.0000 0.0000 0.0000 0.0000 0.0000 0.0000 0.0000 
264 2.7707 1.8541 -0.0490 0.0344 0.5440 5.0209 0.0000 0.0000 0.0000 0.0000 0.0000 0.0000 0.0000 
265 0.4330 3.1109 -0.1950 0.0724 0.5440 5.0209 0.0000 0.0000 0.0000 0.0000 0.0000 0.0000 0.0000 
266 1.8861 2.4075 -0.2420 0.1604 0.5440 5.0209 0.0000 0.0000 0.0000 0.0000 0.0000 0.0000 0.0000 
267 2.5528 0.8784 1.3470 0.0051 0.5440 5.0209 0.0000 0.0000 0.0000 0.0000 0.0000 0.0000 0.0000 
268 1.6889 0.6238 0.2970 0.1262 0.5440 5.0209 0.0000 0.0000 0.0000 0.0000 0.0000 0.0000 0.0000 
269 1.9628 1.4218 -0.2650 0.0435 0.5440 5.0209 0.0000 0.0000 0.0000 0.0000 0.0000 0.0000 0.0000 
270 2.5029 0.4522 1.5470 0.0004 0.5440 5.0209 0.0000 0.0000 0.0000 0.0000 0.0000 0.0000 0.0000 
271 0.7252 1.2772 0.1410 0.0551 0.5440 5.0209 0.0000 0.0000 0.0000 0.0000 0.0000 0.0000 0.0000 
272 0.1048 1.3366 0.0940 0.0688 0.5440 5.0209 0.0000 0.0000 0.0000 0.0000 0.0000 0.0000 0.0000 
273 3.0277 2.7332 -0.6480 0.1019 0.5440 5.0209 0.0000 0.0000 0.0000 0.0000 0.0000 0.0000 0.0000 
274 0.6476 2.6298 -1.0490 0.1739 0.5440 5.0209 0.0000 0.0000 0.0000 0.0000 0.0000 0.0000 0.0000 
275 0.7846 0.8289 0.8280 0.0029 0.5440 5.0209 0.0000 0.0000 0.0000 0.0000 0.0000 0.0000 0.0000 
276 2.0393 0.9945 -0.2350 0.0159 0.5440 5.0209 0.0000 0.0000 0.0000 0.0000 0.0000 0.0000 0.0000 
277 0.7122 0.3605 1.1770 0.0045 0.5440 5.0209 0.0000 0.0000 0.0000 0.0000 0.0000 0.0000 0.0000 
278 0.6377 0.6854 1.6480 0.0002 0.5440 5.0209 0.0000 0.0000 0.0000 0.0000 0.0000 0.0000 0.0000 
279 2.8735 0.2276 1.0730 0.0198 0.5440 5.0209 0.0000 0.0000 0.0000 0.0000 0.0000 0.0000 0.0000 
280 1.7429 0.7454 0.1170 0.1149 0.5440 5.0209 0.0000 0.0000 0.0000 0.0000 0.0000 0.0000 0.0000 
281 2.2908 0.1092 0.2910 0.0390 0.5440 5.0209 0.0000 0.0000 0.0000 0.0000 0.0000 0.0000 0.0000 
282 1.2297 2.3438 -0.0160 0.1119 0.5440 5.0209 0.0000 0.0000 0.0000 0.0000 0.0000 0.0000 0.0000 
283 0.1788 1.3511 -0.0060 0.0722 0.5440 5.0209 0.0000 0.0000 0.0000 0.0000 0.0000 0.0000 0.0000 
284 1.0915 1.5727 -0.0310 0.0625 0.5440 5.0209 0.0000 0.0000 0.0000 0.0000 0.0000 0.0000 0.0000 
285 2.0121 0.3431 0.6450 0.0340 0.5440 5.0209 0.0000 0.0000 0.0000 0.0000 0.0000 0.0000 0.0000 
286 2.7338 0.9213 1.4120 0.0196 0.5440 5.0209 0.0000 0.0000 0.0000 0.0000 0.0000 0.0000 0.0000 
287 2.4483 0.5043 1.5120 0.0003 0.5440 5.0209 0.0000 0.0000 0.0000 0.0000 0.0000 0.0000 0.0000 
288 0.3854 0.6891 1.9480 0.0028 0.5440 5.0209 0.0000 0.0000 0.0000 0.0000 0.0000 0.0000 0.0000 
289 0.3551 0.8538 1.5590 0.0158 0.5440 5.0209 0.0000 0.0000 0.0000 0.0000 0.0000 0.0000 0.0000 
290 0.5245 0.3631 1.7290 0.0021 0.5440 5.0209 0.0000 0.0000 0.0000 0.0000 0.0000 0.0000 0.0000 
291 2.6910 1.7073 -0.0590 0.0448 0.5440 5.0209 0.0000 0.0000 0.0000 0.0000 0.0000 0.0000 0.0000 
292 1.6103 1.6460 0.1630 0.0672 0.5440 5.0209 0.0000 0.0000 0.0000 0.0000 0.0000 0.0000 0.0000 
293 2.5653 0.2396 0.9570 0.0113 0.5440 5.0209 0.0000 0.0000 0.0000 0.0000 0.0000 0.0000 0.0000 
294 0.2379 2.1263 -0.3750 0.0562 0.5440 5.0209 0.0000 0.0000 0.0000 0.0000 0.0000 0.0000 0.0000 
295 0.1214 1.6381 0.0180 0.0595 0.5440 5.0209 0.0000 0.0000 0.0000 0.0000 0.0000 0.0000 0.0000 
296 2.0007 2.6838 -0.5670 0.2817 0.5440 5.0209 0.0000 0.0000 0.0000 0.0000 0.0000 0.0000 0.0000 
297 0.1020 1.3226 0.0300 0.0688 0.5440 5.0209 0.0000 0.0000 0.0000 0.0000 0.0000 0.0000 0.0000 
298 1.0519 1.8646 0.4800 0.0257 0.5440 5.0209 0.0000 0.0000 0.0000 0.0000 0.0000 0.0000 0.0000 
299 0.2004 2.3934 -0.8690 0.0998 0.5440 5.0209 0.0000 0.0000 0.0000 0.0000 0.0000 0.0000 0.0000 
156 0.4370 2.6162 -1.4030 0.1705 0.5440 5.0209 0.0000 0.0000 0.0000 0.0000 0.0000 0.0000 0.0000 
