0 2.9131 2.9853 2.8144 0.3541 -1.3990 0.2035 0.1781 1.0507 0.0000 0.0000 0.0000 0.0000 0.0000 0.0000 0.0000 
1 1.9007 1.3889 1.7123 0.4963 -0.0750 0.0762 0.1781 1.0507 0.0000 0.0000 0.0000 0.0000 0.0000 0.0000 0.0000 
2 0.6840 1.4522 0.7723 1.4840 -0.6210 0.1343 0.1781 1.0507 0.0000 0.0000 0.0000 0.0000 0.0000 0.0000 0.0000 
3 0.1753 0.3609 2.2596 1.3813 -0.2800 0.0641 0.1781 1.0507 0.0000 0.0000 0.0000 0.0000 0.0000 0.0000 0.0000 
4 1.6592 2.3332 1.1919 0.2751 -0.1290 0.1589 0.1781 1.0507 0.0000 0.0000 0.0000 0.0000 0.0000 0.0000 0.0000 
5 2.4819 1.8919 2.1011 1.9888 0.3110 0.0054 0.1781 1.0507 0.0000 0.0000 0.0000 0.0000 0.0000 0.0000 0.0000 
6 3.0526 1.2035 2.4110 1.2214 -0.1280 0.0161 0.1781 1.0507 0.0000 0.0000 0.0000 0.0000 0.0000 0.0000 0.0000 
7 1.8399 2.1091 1.0562 0.3608 0.3520 0.0861 0.1781 1.0507 0.0000 0.0000 0.0000 0.0000 0.0000 0.0000 0.0000 
8 1.5419 2.2836 1.8964 1.4610 -0.0050 0.1401 0.1781 1.0507 0.0000 0.0000 0.0000 0.0000 0.0000 0.0000 0.0000 
9 2.0539 0.6537 0.6430 1.0837 0.8370 0.0095 0.1781 1.0507 0.0000 0.0000 0.0000 0.0000 0.0000 0.0000 0.0000 
10 2.5816 0.6950 0.4477 0.3999 0.8630 0.0175 0.1781 1.0507 0.0000 0.0000 0.0000 0.0000 0.0000 0.0000 0.0000 
11 0.2184 0.9382 1.8423 2.5961 0.4060 0.1328 0.1781 1.0507 0.0000 0.0000 0.0000 0.0000 0.0000 0.0000 0.0000 
12 1.1062 1.2243 0.9775 1.0270 -0.1670 0.0340 0.1781 1.0507 0.0000 0.0000 0.0000 0.0000 0.0000 0.0000 0.0000 
13 2.4651 1.7698 0.8860 0.4258 0.0090 0.0547 0.1781 1.0507 0.0000 0.0000 0.0000 0.0000 0.0000 0.0000 0.0000 
14 2.4840 2.2508 2.6202 0.8240 -0.7450 0.2290 0.1781 1.0507 0.0000 0.0000 0.0000 0.0000 0.0000 0.0000 0.0000 
15 1.7591 2.8944 1.9027 2.9757 0.1430 0.1693 0.1781 1.0507 0.0000 0.0000 0.0000 0.0000 0.0000 0.0000 0.0000 
16 0.6087 3.0656 0.2701 1.3660 -0.0320 0.0484 0.1781 1.0507 0.0000 0.0000 0.0000 0.0000 0.0000 0.0000 0.0000 
17 0.1711 2.5624 2.1902 3.0617 -1.2590 0.1737 0.1781 1.0507 0.0000 0.0000 0.0000 0.0000 0.0000 0.0000 0.0000 
18 2.5484 2.9859 1.7382 3.1058 -0.5470 0.0932 0.1781 1.0507 0.0000 0.0000 0.0000 0.0000 0.0000 0.0000 0.0000 
19 2.3782 1.1528 3.0637 1.2467 -0.1990 0.0798 0.1781 1.0507 0.0000 0.0000 0.0000 0.0000 0.0000 0.0000 0.0000 
20 0.6880 0.3308 1.5173 0.6981 0.0240 0.1262 0.1781 1.0507 0.0000 0.0000 0.0000 0.0000 0.0000 0.0000 0.0000 
21 2.9396 2.9909 0.7568 0.4148 -1.4000 0.2327 0.1781 1.0507 0.0000 0.0000 0.0000 0.0000 0.0000 0.0000 0.0000 
22 1.7089 0.6161 1.7536 2.5723 -0.2710 0.0464 0.1781 1.0507 0.0000 0.0000 0.0000 0.0000 0.0000 0.0000 0.0000 
23 0.8697 1.3828 2.8401 1.4526 -0.4230 0.1011 0.1781 1.0507 0.0000 0.0000 0.0000 0.0000 0.0000 0.0000 0.0000 
24 1.1426 2.8141 2.5751 2.8228 0.3020 0.0529 0.1781 1.0507 0.0000 0.0000 0.0000 0.0000 0.0000 0.0000 0.0000 
25 2.1918 1.3550 2.2079 2.6240 0.1800 0.0269 0.1781 1.0507 0.0000 0.0000 0.0000 0.0000 0.0000 0.0000 0.0000 
26 2.0451 0.8252 0.9980 1.3459 0.2700 0.1095 0.1781 1.0507 0.0000 0.0000 0.0000 0.0000 0.0000 0.0000 0.0000 
27 2.4471 1.7944 1.7727 2.6140 0.2910 0.0750 0.1781 1.0507 0.0000 0.0000 0.0000 0.0000 0.0000 0.0000 0.0000 
28 0.4298 2.0200 1.1113 1.8013 2.1650 0.0010 0.1781 1.0507 0.0000 0.0000 0.0000 0.0000 0.0000 0.0000 0.0000 
29 2.6408 0.8554 2.9941 0.3390 1.5540 0.0030 0.1781 1.0507 0.0000 0.0000 0.0000 0.0000 0.0000 0.0000 0.0000 
30 1.8094 1.7480 0.8150 1.8059 0.7890 0.0309 0.1781 1.0507 0.0000 0.0000 0.0000 0.0000 0.0000 0.0000 0.0000 
31 1.5318 1.4675 2.2850 0.1120 -0.1180 0.0356 0.1781 1.0507 0.0000 0.0000 0.0000 0.0000 0.0000 0.0000 0.0000 
32 1.2472 2.4895 0.5315 2.7382 -0.8620 0.1166 0.1781 1.0507 0.0000 0.0000 0.0000 0.0000 0.0000 0.0000 0.0000 
33 0.7192 2.1717 0.6267 1.4667 1.2820 0.0011 0.1781 1.0507 0.0000 0.0000 0.0000 0.0000 0.0000 0.0000 0.0000 
34 1.3852 0.3488 2.2279 1.5605 0.4730 0.0179 0.1781 1.0507 0.0000 0.0000 0.0000 0.0000 0.0000 0.0000 0.0000 
35 2.1957 1.7398 1.7907 1.7003 0.6000 0.0262 0.1781 1.0507 0.0000 0.0000 0.0000 0.0000 0.0000 0.0000 0.0000 
36 1.0058 2.8336 0.3628 2.7663 -0.5690 0.2835 0.1781 1.0507 0.0000 0.0000 0.0000 0.0000 0.0000 0.0000 0.0000 
37 2.7263 1.6141 2.4632 2.1481 -0.1350 0.0473 0.1781 1.0507 0.0000 0.0000 0.0000 0.0000 0.0000 0.0000 0.0000 
38 1.9404 0.9870 1.0722 1.1627 0.1110 0.1412 0.1781 1.0507 0.0000 0.0000 0.0000 0.0000 0.0000 0.0000 0.0000 
39 1.0191 3.0190 1.1380 1.2788 -0.4100 0.0323 0.1781 1.0507 0.0000 0.0000 0.0000 0.0000 0.0000 0.0000 0.0000 
40 1.3761 2.5834 1.5531 1.7843 -0.1910 0.0346 0.1781 1.0507 0.0000 0.0000 0.0000 0.0000 0.0000 0.0000 0.0000 
41 0.8771 0.9458 0.3710 0.7608 1.4290 0.0015 0.1781 1.0507 0.0000 0.0000 0.0000 0.0000 0.0000 0.0000 0.0000 
42 0.9026 2.6923 1.6283 0.4358 0.7350 0.0182 0.1781 1.0507 0.0000 0.0000 0.0000 0.0000 0.0000 0.0000 0.0000 
43 1.5074 0.4678 1.8216 1.4448 0.5010 0.0005 0.1781 1.0507 0.0000 0.0000 0.0000 0.0000 0.0000 0.0000 0.0000 
44 2.7106 0.8886 2.6880 0.8531 -0.5470 0.0018 0.1781 1.0507 0.0000 0.0000 0.0000 0.0000 0.0000 0.0000 0.0000 
45 3.0887 2.0289 0.2298 2.5551 1.4390 0.0113 0.1781 1.0507 0.0000 0.0000 0.0000 0.0000 0.0000 0.0000 0.0000 
46 0.9384 1.2018 0.5458 2.6471 -0.8810 0.0176 0.1781 1.0507 0.0000 0.0000 0.0000 0.0000 0.0000 0.0000 0.0000 
47 0.3749 2.3455 1.3036 2.1666 1.2200 0.0769 0.1781 1.0507 0.0000 0.0000 0.0000 0.0000 0.0000 0.0000 0.0000 
48 0.9914 0.3381 2.8836 2.0915 0.3340 0.0557 0.1781 1.0507 0.0000 0.0000 0.0000 0.0000 0.0000 0.0000 0.0000 
49 0.6161 3.0692 2.8734 0.6554 -1.0440 0.1076 0.1781 1.0507 0.0000 0.0000 0.0000 0.0000 0.0000 0.0000 0.0000 
50 0.1581 1.9584 0.5232 2.3261 -0.3350 0.1252 0.1781 1.0507 0.0000 0.0000 0.0000 0.0000 0.0000 0.0000 0.0000 
51 1.5261 2.2567 1.8331 2.4442 0.3140 0.0128 0.1781 1.0507 0.0000 0.0000 0.0000 0.0000 0.0000 0.0000 0.0000 
52 2.5991 1.9338 1.8988 1.0942 1.3200 0.0189 0.1781 1.0507 0.0000 0.0000 0.0000 0.0000 0.0000 0.0000 0.0000 
53 0.5078 0.3813 2.7065 0.7268 -0.4610 0.1758 0.1781 1.0507 0.0000 0.0000 0.0000 0.0000 0.0000 0.0000 0.0000 
54 1.3974 1.0634 1.9847 1.7222 -0.1570 0.2764 0.1781 1.0507 0.0000 0.0000 0.0000 0.0000 0.0000 0.0000 0.0000 
55 2.7128 1.4263 1.2008 2.0807 -0.4670 0.0394 0.1781 1.0507 0.0000 0.0000 0.0000 0.0000 0.0000 0.0000 0.0000 
56 2.3654 2.9149 1.0485 2.7963 0.6400 0.0241 0.1781 1.0507 0.0000 0.0000 0.0000 0.0000 0.0000 0.0000 0.0000 
57 3.0851 3.0880 0.4930 1.2561 -0.0740 0.0294 0.1781 1.0507 0.0000 0.0000 0.0000 0.0000 0.0000 0.0000 0.0000 
58 2.4542 2.6276 0.2202 1.3016 1.6670 0.0042 0.1781 1.0507 0.0000 0.0000 0.0000 0.0000 0.0000 0.0000 0.0000 
59 2.3026 2.4064 1.7275 0.7404 -0.0730 0.2046 0.1781 1.0507 0.0000 0.0000 0.0000 0.0000 0.0000 0.0000 0.0000 
60 1.3373 0.2781 1.0602 1.3999 0.3030 0.0317 0.1781 1.0507 0.0000 0.0000 0.0000 0.0000 0.0000 0.0000 0.0000 
61 2.6030 1.8925 1.3603 0.8480 0.1470 0.1081 0.1781 1.0507 0.0000 0.0000 0.0000 0.0000 0.0000 0.0000 0.0000 
62 1.0589 2.1401 1.4549 0.6266 0.2580 0.0417 0.1781 1.0507 0.0000 0.0000 0.0000 0.0000 0.0000 0.0000 0.0000 
63 2.5994 1.8508 3.0428 1.7315 0.7260 0.0330 0.1781 1.0507 0.0000 0.0000 0.0000 0.0000 0.0000 0.0000 0.0000 
64 1.9951 1.4007 1.9502 2.8947 -0.4210 0.0837 0.1781 1.0507 0.0000 0.0000 0.0000 0.0000 0.0000 0.0000 0.0000 
65 3.0847 2.1104 1.4086 0.2906 -0.7060 0.2920 0.1781 1.0507 0.0000 0.0000 0.0000 0.0000 0.0000 0.0000 0.0000 
66 2.6555 1.2905 1.2633 0.2737 0.0360 0.1227 0.1781 1.0507 0.0000 0.0000 0.0000 0.0000 0.0000 0.0000 0.0000 
67 0.2038 1.2879 3.0647 2.3525 -0.7530 0.0589 0.1781 1.0507 0.0000 0.0000 0.0000 0.0000 0.0000 0.0000 0.0000 
68 2.2559 2.1331 0.9300 0.6130 0.0750 0.1051 0.1781 1.0507 0.0000 0.0000 0.0000 0.0000 0.0000 0.0000 0.0000 
69 1.9321 0.2933 1.8887 1.6648 0.4360 0.0307 0.1781 1.0507 0.0000 0.0000 0.0000 0.0000 0.0000 0.0000 0.0000 
70 1.7501 0.4691 0.3056 1.5394 0.5990 0.0025 0.1781 1.0507 0.0000 0.0000 0.0000 0.0000 0.0000 0.0000 0.0000 
71 0.5428 2.0510 1.0415 1.9877 1.5390 0.0175 0.1781 1.0507 0.0000 0.0000 0.0000 0.0000 0.0000 0.0000 0.0000 
72 2.3818 1.9445 1.7169 0.7002 -0.4520 0.1304 0.1781 1.0507 0.0000 0.0000 0.0000 0.0000 0.0000 0.0000 0.0000 
73 1.1560 3.0745 0.9169 0.9648 -0.0350 0.0128 0.1781 1.0507 0.0000 0.0000 0.0000 0.0000 0.0000 0.0000 0.0000 
74 1.6004 1.7606 2.5051 0.9980 0.6440 0.0760 0.1781 1.0507 0.0000 0.0000 0.0000 0.0000 0.0000 0.0000 0.0000 
75 3.0285 0.1676 2.5040 1.8329 -0.0660 0.0595 0.1781 1.0507 0.0000 0.0000 0.0000 0.0000 0.0000 0.0000 0.0000 
76 2.8410 0.5656 2.1963 2.9810 1.9370 0.0069 0.1781 1.0507 0.0000 0.0000 0.0000 0.0000 0.0000 0.0000 0.0000 
77 2.1289 0.4418 2.9011 3.0492 0.8340 0.0231 0.1781 1.0507 0.0000 0.0000 0.0000 0.0000 0.0000 0.0000 0.0000 
78 0.4370 2.6162 0.3413 0.3473 -0.5680 0.0746 0.1781 1.0507 0.0000 0.0000 0.0000 0.0000 0.0000 0.0000 0.0000 
79 2.5192 2.2897 3.0114 2.0221 0.8240 0.0072 0.1781 1.0507 0.0000 0.0000 0.0000 0.0000 0.0000 0.0000 0.0000 
80 1.6564 0.9275 1.8424 3.1187 -0.1540 0.0723 0.1781 1.0507 0.0000 0.0000 0.0000 0.0000 0.0000 0.0000 0.0000 
81 2.0669 2.7631 0.7006 2.3355 -0.4890 0.0237 0.1781 1.0507 0.0000 0.0000 0.0000 0.0000 0.0000 0.0000 0.0000 
82 2.3258 0.3155 2.5947 0.6355 -0.2870 0.2239 0.1781 1.0507 0.0000 0.0000 0.0000 0.0000 0.0000 0.0000 0.0000 
83 0.7611 0.2862 2.1156 0.5328 2.1540 0.0172 0.1781 1.0507 0.0000 0.0000 0.0000 0.0000 0.0000 0.0000 0.0000 
84 3.0677 0.1001 2.5621 2.4091 1.4610 0.0006 0.1781 1.0507 0.0000 0.0000 0.0000 0.0000 0.0000 0.0000 0.0000 
85 1.8316 1.8397 2.5271 2.0356 0.4030 0.0350 0.1781 1.0507 0.0000 0.0000 0.0000 0.0000 0.0000 0.0000 0.0000 
86 0.5239 2.5237 1.1764 1.8756 1.5320 0.0604 0.1781 1.0507 0.0000 0.0000 0.0000 0.0000 0.0000 0.0000 0.0000 
87 1.6586 2.8497 1.3603 2.6958 -0.0030 0.0274 0.1781 1.0507 0.0000 0.0000 0.0000 0.0000 0.0000 0.0000 0.0000 
88 0.3488 1.0921 2.1396 1.9613 -0.5030 0.0274 0.1781 1.0507 0.0000 0.0000 0.0000 0.0000 0.0000 0.0000 0.0000 
89 2.6316 0.7324 2.5460 2.5200 2.7830 0.0123 0.1781 1.0507 0.0000 0.0000 0.0000 0.0000 0.0000 0.0000 0.0000 
90 0.5347 0.5253 1.8741 3.0674 1.6960 0.0001 0.1781 1.0507 0.0000 0.0000 0.0000 0.0000 0.0000 0.0000 0.0000 
91 1.9667 1.4017 1.6417 2.5623 0.6260 0.0901 0.1781 1.0507 0.0000 0.0000 0.0000 0.0000 0.0000 0.0000 0.0000 
92 1.6886 1.7326 1.9045 2.9351 0.0450 0.0599 0.1781 1.0507 0.0000 0.0000 0.0000 0.0000 0.0000 0.0000 0.0000 
93 2.5345 2.6523 0.9097 1.9254 -0.5970 0.0692 0.1781 1.0507 0.0000 0.0000 0.0000 0.0000 0.0000 0.0000 0.0000 
94 2.6035 2.2843 2.9950 2.8837 -0.8900 0.1259 0.1781 1.0507 0.0000 0.0000 0.0000 0.0000 0.0000 0.0000 0.0000 
95 0.4882 1.6457 1.1882 0.7239 0.2730 0.0854 0.1781 1.0507 0.0000 0.0000 0.0000 0.0000 0.0000 0.0000 0.0000 
96 1.6232 3.0917 2.4368 0.4015 -0.7200 0.2377 0.1781 1.0507 0.0000 0.0000 0.0000 0.0000 0.0000 0.0000 0.0000 
97 0.8535 1.2244 2.7923 1.4976 -0.8020 0.1769 0.1781 1.0507 0.0000 0.0000 0.0000 0.0000 0.0000 0.0000 0.0000 
98 0.5852 1.7735 0.8520 0.2166 0.6570 0.0080 0.1781 1.0507 0.0000 0.0000 0.0000 0.0000 0.0000 0.0000 0.0000 
99 1.9027 3.1138 2.4600 2.3392 0.2140 0.0656 0.1781 1.0507 0.0000 0.0000 0.0000 0.0000 0.0000 0.0000 0.0000 
100 0.5643 1.8085 2.0373 2.4090 -0.2450 0.1186 0.1781 1.0507 0.0000 0.0000 0.0000 0.0000 0.0000 0.0000 0.0000 
101 1.4587 0.2621 2.9217 0.9077 -0.3610 0.2135 0.1781 1.0507 0.0000 0.0000 0.0000 0.0000 0.0000 0.0000 0.0000 
102 2.3460 1.5119 2.4700 1.1272 0.7860 0.0204 0.1781 1.0507 0.0000 0.0000 0.0000 0.0000 0.0000 0.0000 0.0000 
103 0.3812 1.4018 1.5600 2.5107 -0.0620 0.0905 0.1781 1.0507 0.0000 0.0000 0.0000 0.0000 0.0000 0.0000 0.0000 
104 1.3281 2.1271 1.2446 2.3285 -0.6040 0.0383 0.1781 1.0507 0.0000 0.0000 0.0000 0.0000 0.0000 0.0000 0.0000 
105 0.6299 2.7768 2.9725 0.1721 -1.1200 0.1632 0.1781 1.0507 0.0000 0.0000 0.0000 0.0000 0.0000 0.0000 0.0000 
106 2.7109 2.4666 2.2078 0.4221 -1.4220 0.2899 0.1781 1.0507 0.0000 0.0000 0.0000 0.0000 0.0000 0.0000 0.0000 
107 2.3291 2.4471 2.0049 3.0311 -0.4430 0.1049 0.1781 1.0507 0.0000 0.0000 0.0000 0.0000 0.0000 0.0000 0.0000 
108 2.9802 2.0272 2.9135 0.5373 -1.2500 0.1587 0.1781 1.0507 0.0000 0.0000 0.0000 0.0000 0.0000 0.0000 0.0000 
109 1.0073 1.7116 1.6898 2.9982 -0.1000 0.0704 0.1781 1.0507 0.0000 0.0000 0.0000 0.0000 0.0000 0.0000 0.0000 
110 2.0343 1.9898 1.9897 2.9761 0.6910 0.0004 0.1781 1.0507 0.0000 0.0000 0.0000 0.0000 0.0000 0.0000 0.0000 
111 1.3179 2.3490 1.9254 1.3240 -0.0870 0.1290 0.1781 1.0507 0.0000 0.0000 0.0000 0.0000 0.0000 0.0000 0.0000 
112 1.1312 0.5674 0.1332 1.1220 0.3600 0.0443 0.1781 1.0507 0.0000 0.0000 0.0000 0.0000 0.0000 0.0000 0.0000 
113 1.0131 0.3470 1.5766 1.1673 -0.1400 0.0068 0.1781 1.0507 0.0000 0.0000 0.0000 0.0000 0.0000 0.0000 0.0000 
114 2.9165 2.4740 2.1229 2.6762 0.1460 0.0097 0.1781 1.0507 0.0000 0.0000 0.0000 0.0000 0.0000 0.0000 0.0000 
115 0.9354 0.4537 1.9544 0.7919 0.7280 0.0308 0.1781 1.0507 0.0000 0.0000 0.0000 0.0000 0.0000 0.0000 0.0000 
116 3.0961 1.3927 2.7952 0.8475 -0.6610 0.0740 0.1781 1.0507 0.0000 0.0000 0.0000 0.0000 0.0000 0.0000 0.0000 
117 0.3851 2.0071 2.2075 0.8787 -0.0560 0.0363 0.1781 1.0507 0.0000 0.0000 0.0000 0.0000 0.0000 0.0000 0.0000 
118 2.9190 3.0599 2.1904 3.0848 -0.1450 0.0569 0.1781 1.0507 0.0000 0.0000 0.0000 0.0000 0.0000 0.0000 0.0000 
119 3.0904 0.5506 2.3215 2.3689 0.9490 0.0069 0.1781 1.0507 0.0000 0.0000 0.0000 0.0000 0.0000 0.0000 0.0000 
120 2.3261 1.1328 1.7526 1.8887 -0.6210 0.0950 0.1781 1.0507 0.0000 0.0000 0.0000 0.0000 0.0000 0.0000 0.0000 
121 2.6852 0.2565 1.2412 1.0577 0.1320 0.0093 0.1781 1.0507 0.0000 0.0000 0.0000 0.0000 0.0000 0.0000 0.0000 
122 2.5076 0.4547 0.2876 0.4511 1.2100 0.0114 0.1781 1.0507 0.0000 0.0000 0.0000 0.0000 0.0000 0.0000 0.0000 
123 0.4529 1.4237 2.7331 1.1802 0.6490 0.0663 0.1781 1.0507 0.0000 0.0000 0.0000 0.0000 0.0000 0.0000 0.0000 
124 0.4077 2.1378 1.1118 1.8373 2.2690 0.0069 0.1781 1.0507 0.0000 0.0000 0.0000 0.0000 0.0000 0.0000 0.0000 
125 2.3740 1.4866 2.3303 1.9845 -0.5190 0.0929 0.1781 1.0507 0.0000 0.0000 0.0000 0.0000 0.0000 0.0000 0.0000 
126 2.6908 2.4188 2.8411 2.3699 0.4010 0.0138 0.1781 1.0507 0.0000 0.0000 0.0000 0.0000 0.0000 0.0000 0.0000 
127 0.9584 1.6348 2.4489 2.4866 0.0650 0.0025 0.1781 1.0507 0.0000 0.0000 0.0000 0.0000 0.0000 0.0000 0.0000 
128 2.3214 2.6643 2.6080 1.7456 0.2060 0.0061 0.1781 1.0507 0.0000 0.0000 0.0000 0.0000 0.0000 0.0000 0.0000 
129 2.0482 0.2332 1.5522 2.3105 0.5970 0.0151 0.1781 1.0507 0.0000 0.0000 0.0000 0.0000 0.0000 0.0000 0.0000 
130 2.8785 2.6803 1.4362 0.7984 0.1700 0.1149 0.1781 1.0507 0.0000 0.0000 0.0000 0.0000 0.0000 0.0000 0.0000 
131 2.7935 2.0992 0.6827 0.2146 -0.6840 0.1223 0.1781 1.0507 0.0000 0.0000 0.0000 0.0000 0.0000 0.0000 0.0000 
132 2.7707 1.8541 0.4330 3.1109 0.0290 0.0314 0.1781 1.0507 0.0000 0.0000 0.0000 0.0000 0.0000 0.0000 0.0000 
133 1.8861 2.4075 2.5528 0.8784 -0.9470 0.1150 0.1781 1.0507 0.0000 0.0000 0.0000 0.0000 0.0000 0.0000 0.0000 
134 1.6889 0.6238 1.9628 1.4218 0.4040 0.0422 0.1781 1.0507 0.0000 0.0000 0.0000 0.0000 0.0000 0.0000 0.0000 
135 2.5029 0.4522 0.7252 1.2772 0.2690 0.0016 0.1781 1.0507 0.0000 0.0000 0.0000 0.0000 0.0000 0.0000 0.0000 
136 0.1048 1.3366 3.0277 2.7332 -0.7480 0.0911 0.1781 1.0507 0.0000 0.0000 0.0000 0.0000 0.0000 0.0000 0.0000 
137 0.6476 2.6298 0.7846 0.8289 0.5690 0.0608 0.1781 1.0507 0.0000 0.0000 0.0000 0.0000 0.0000 0.0000 0.0000 
138 2.0393 0.9945 0.7122 0.3605 -0.1700 0.0009 0.1781 1.0507 0.0000 0.0000 0.0000 0.0000 0.0000 0.0000 0.0000 
139 0.6377 0.6854 2.8735 0.2276 1.1930 0.0050 0.1781 1.0507 0.0000 0.0000 0.0000 0.0000 0.0000 0.0000 0.0000 
140 1.7429 0.7454 2.2908 0.1092 0.1890 0.1509 0.1781 1.0507 0.0000 0.0000 0.0000 0.0000 0.0000 0.0000 0.0000 
141 1.2297 2.3438 0.1788 1.3511 0.5620 0.0848 0.1781 1.0507 0.0000 0.0000 0.0000 0.0000 0.0000 0.0000 0.0000 
142 1.0915 1.5727 2.0121 0.3431 1.1160 0.0340 0.1781 1.0507 0.0000 0.0000 0.0000 0.0000 0.0000 0.0000 0.0000 
143 2.7338 0.9213 2.4483 0.5043 -0.4710 0.0261 0.1781 1.0507 0.0000 0.0000 0.0000 0.0000 0.0000 0.0000 0.0000 
144 0.3854 0.6891 0.3551 0.8538 1.8840 0.0252 0.1781 1.0507 0.0000 0.0000 0.0000 0.0000 0.0000 0.0000 0.0000 
145 0.5245 0.3631 2.6910 1.7073 0.0950 0.0139 0.1781 1.0507 0.0000 0.0000 0.0000 0.0000 0.0000 0.0000 0.0000 
146 1.6103 1.6460 2.5653 0.2396 0.1880 0.0720 0.1781 1.0507 0.0000 0.0000 0.0000 0.0000 0.0000 0.0000 0.0000 
147 0.2379 2.1263 0.1214 1.6381 1.4980 0.0110 0.1781 1.0507 0.0000 0.0000 0.0000 0.0000 0.0000 0.0000 0.0000 
148 2.0007 2.6838 0.1020 1.3226 0.1120 0.0282 0.1781 1.0507 0.0000 0.0000 0.0000 0.0000 0.0000 0.0000 0.0000 
149 1.0519 1.8646 0.2004 2.3934 -0.5030 0.0126 0.1781 1.0507 0.0000 0.0000 0.0000 0.0000 0.0000 0.0000 0.0000 
150 3.0108 1.7689 2.1264 2.6401 0.6730 0.0230 0.1781 1.0507 0.0000 0.0000 0.0000 0.0000 0.0000 0.0000 0.0000 
151 2.6664 2.5922 1.5820 0.3665 -1.5060 0.4834 0.1781 1.0507 0.0000 0.0000 0.0000 0.0000 0.0000 0.0000 0.0000 
152 2.5163 2.6662 2.2320 1.0570 0.4140 0.0741 0.1781 1.0507 0.0000 0.0000 0.0000 0.0000 0.0000 0.0000 0.0000 
153 3.0654 1.9944 1.0502 2.4910 0.3910 0.0323 0.1781 1.0507 0.0000 0.0000 0.0000 0.0000 0.0000 0.0000 0.0000 
154 0.7817 0.8322 2.8534 0.2679 0.4190 0.0099 0.1781 1.0507 0.0000 0.0000 0.0000 0.0000 0.0000 0.0000 0.0000 
155 2.7455 1.3068 1.8399 2.2017 -0.1720 0.0103 0.1781 1.0507 0.0000 0.0000 0.0000 0.0000 0.0000 0.0000 0.0000 
156 2.8453 0.7688 0.3827 1.6578 -1.1600 0.1373 0.1781 1.0507 0.0000 0.0000 0.0000 0.0000 0.0000 0.0000 0.0000 
157 0.7816 1.3901 0.4353 0.3737 1.0670 0.0012 0.1781 1.0507 0.0000 0.0000 0.0000 0.0000 0.0000 0.0000 0.0000 
158 1.8261 0.2575 0.9109 1.2807 0.4460 0.0270 0.1781 1.0507 0.0000 0.0000 0.0000 0.0000 0.0000 0.0000 0.0000 
159 0.3888 2.5503 2.8422 0.1977 -0.7190 0.0680 0.1781 1.0507 0.0000 0.0000 0.0000 0.0000 0.0000 0.0000 0.0000 
160 2.5541 0.6350 2.3189 0.2845 0.9160 0.0077 0.1781 1.0507 0.0000 0.0000 0.0000 0.0000 0.0000 0.0000 0.0000 
161 2.3675 2.9362 0.8880 0.6021 0.1610 0.0478 0.1781 1.0507 0.0000 0.0000 0.0000 0.0000 0.0000 0.0000 0.0000 
162 1.1356 2.7152 2.4730 0.5767 -0.5100 0.0205 0.1781 1.0507 0.0000 0.0000 0.0000 0.0000 0.0000 0.0000 0.0000 
163 2.8430 2.3481 3.0112 3.0586 -1.0280 0.1058 0.1781 1.0507 0.0000 0.0000 0.0000 0.0000 0.0000 0.0000 0.0000 
164 0.5819 2.3131 0.1744 0.6833 -0.5490 0.0905 0.1781 1.0507 0.0000 0.0000 0.0000 0.0000 0.0000 0.0000 0.0000 
165 1.7317 0.8093 0.7639 1.1882 0.7510 0.0575 0.1781 1.0507 0.0000 0.0000 0.0000 0.0000 0.0000 0.0000 0.0000 
166 1.4974 2.8918 1.8679 1.7914 -0.2370 0.0698 0.1781 1.0507 0.0000 0.0000 0.0000 0.0000 0.0000 0.0000 0.0000 
167 2.2877 0.6730 2.5433 2.4201 1.2550 0.0348 0.1781 1.0507 0.0000 0.0000 0.0000 0.0000 0.0000 0.0000 0.0000 
168 2.5767 1.4692 1.7480 0.3276 -0.1500 0.1264 0.1781 1.0507 0.0000 0.0000 0.0000 0.0000 0.0000 0.0000 0.0000 
169 1.4945 2.0579 2.9893 2.8257 0.1750 0.1215 0.1781 1.0507 0.0000 0.0000 0.0000 0.0000 0.0000 0.0000 0.0000 
170 1.1318 2.4005 2.7038 3.0239 -0.0910 0.1803 0.1781 1.0507 0.0000 0.0000 0.0000 0.0000 0.0000 0.0000 0.0000 
171 2.1699 1.1024 2.7570 0.1495 -0.5550 0.0029 0.1781 1.0507 0.0000 0.0000 0.0000 0.0000 0.0000 0.0000 0.0000 
172 1.8261 1.4932 2.7850 1.9893 -0.5880 0.2478 0.1781 1.0507 0.0000 0.0000 0.0000 0.0000 0.0000 0.0000 0.0000 
173 0.7101 0.6034 0.2097 2.3880 -0.1730 0.0920 0.1781 1.0507 0.0000 0.0000 0.0000 0.0000 0.0000 0.0000 0.0000 
174 2.4823 1.2357 0.7803 1.7957 -1.3060 0.2139 0.1781 1.0507 0.0000 0.0000 0.0000 0.0000 0.0000 0.0000 0.0000 
175 0.6946 1.7019 1.1451 1.0706 0.1020 0.0118 0.1781 1.0507 0.0000 0.0000 0.0000 0.0000 0.0000 0.0000 0.0000 
176 2.2021 0.8565 1.1081 1.8152 -0.6260 0.1129 0.1781 1.0507 0.0000 0.0000 0.0000 0.0000 0.0000 0.0000 0.0000 
177 2.9647 0.5567 1.0322 0.9293 0.1800 0.0224 0.1781 1.0507 0.0000 0.0000 0.0000 0.0000 0.0000 0.0000 0.0000 
178 1.0581 1.5834 2.5950 0.6513 -0.4080 0.0142 0.1781 1.0507 0.0000 0.0000 0.0000 0.0000 0.0000 0.0000 0.0000 
179 2.2862 1.4139 1.8397 1.6289 -0.4510 0.1153 0.1781 1.0507 0.0000 0.0000 0.0000 0.0000 0.0000 0.0000 0.0000 
180 1.9340 0.6459 1.9738 1.3230 0.4160 0.0745 0.1781 1.0507 0.0000 0.0000 0.0000 0.0000 0.0000 0.0000 0.0000 
181 2.4849 1.9120 1.3408 3.1022 0.1250 0.0109 0.1781 1.0507 0.0000 0.0000 0.0000 0.0000 0.0000 0.0000 0.0000 
182 0.6446 0.1419 0.4747 2.1981 0.0930 0.0590 0.1781 1.0507 0.0000 0.0000 0.0000 0.0000 0.0000 0.0000 0.0000 
183 0.3794 2.3368 0.3686 1.0044 0.9770 0.0044 0.1781 1.0507 0.0000 0.0000 0.0000 0.0000 0.0000 0.0000 0.0000 
184 1.9927 0.1632 1.4166 3.1396 0.4170 0.0272 0.1781 1.0507 0.0000 0.0000 0.0000 0.0000 0.0000 0.0000 0.0000 
185 2.3139 1.2839 2.8631 1.8313 -0.9660 0.2266 0.1781 1.0507 0.0000 0.0000 0.0000 0.0000 0.0000 0.0000 0.0000 
186 2.5664 1.1458 1.2608 2.2307 0.1170 0.0102 0.1781 1.0507 0.0000 0.0000 0.0000 0.0000 0.0000 0.0000 0.0000 
187 2.4144 2.2067 0.5572 1.3817 1.5610 0.0025 0.1781 1.0507 0.0000 0.0000 0.0000 0.0000 0.0000 0.0000 0.0000 
188 1.0679 0.8040 0.4537 2.3759 -0.7290 0.1420 0.1781 1.0507 0.0000 0.0000 0.0000 0.0000 0.0000 0.0000 0.0000 
189 0.5305 1.1761 0.1571 2.2436 1.0490 0.0002 0.1781 1.0507 0.0000 0.0000 0.0000 0.0000 0.0000 0.0000 0.0000 
190 2.0020 0.3376 2.9900 3.1264 0.6860 0.0346 0.1781 1.0507 0.0000 0.0000 0.0000 0.0000 0.0000 0.0000 0.0000 
191 2.3813 2.5508 2.2399 0.1670 -0.9920 0.2424 0.1781 1.0507 0.0000 0.0000 0.0000 0.0000 0.0000 0.0000 0.0000 
192 0.9307 0.8203 0.1658 2.0416 -0.4570 0.1870 0.1781 1.0507 0.0000 0.0000 0.0000 0.0000 0.0000 0.0000 0.0000 
193 1.8982 1.2015 2.3759 0.8126 -0.2340 0.0915 0.1781 1.0507 0.0000 0.0000 0.0000 0.0000 0.0000 0.0000 0.0000 
194 0.9540 0.4500 0.8155 2.6877 0.5130 0.1173 0.1781 1.0507 0.0000 0.0000 0.0000 0.0000 0.0000 0.0000 0.0000 
195 1.5904 2.3407 2.7395 2.1269 0.7340 0.0039 0.1781 1.0507 0.0000 0.0000 0.0000 0.0000 0.0000 0.0000 0.0000 
196 1.1985 3.0420 0.3436 1.3565 -0.5180 0.0045 0.1781 1.0507 0.0000 0.0000 0.0000 0.0000 0.0000 0.0000 0.0000 
197 2.7919 2.1750 1.1757 2.6159 0.0320 0.0306 0.1781 1.0507 0.0000 0.0000 0.0000 0.0000 0.0000 0.0000 0.0000 
198 2.4051 2.3003 0.9106 2.1683 -0.4910 0.0936 0.1781 1.0507 0.0000 0.0000 0.0000 0.0000 0.0000 0.0000 0.0000 
199 2.0948 2.6550 1.6601 2.9265 -0.0790 0.1416 0.1781 1.0507 0.0000 0.0000 0.0000 0.0000 0.0000 0.0000 0.0000 
200 2.2903 0.7372 1.8593 0.6971 -0.4330 0.0962 0.1781 1.0507 0.0000 0.0000 0.0000 0.0000 0.0000 0.0000 0.0000 
201 1.9780 1.0905 3.1353 1.1409 -0.1020 0.0867 0.1781 1.0507 0.0000 0.0000 0.0000 0.0000 0.0000 0.0000 0.0000 
202 2.5023 2.6425 1.2358 1.8915 -0.3170 0.0792 0.1781 1.0507 0.0000 0.0000 0.0000 0.0000 0.0000 0.0000 0.0000 
203 0.8080 1.2417 1.4359 2.2642 0.0180 0.0377 0.1781 1.0507 0.0000 0.0000 0.0000 0.0000 0.0000 0.0000 0.0000 
204 1.6457 0.5893 2.0739 1.6696 0.4260 0.0162 0.1781 1.0507 0.0000 0.0000 0.0000 0.0000 0.0000 0.0000 0.0000 
205 1.6973 1.4553 2.7364 2.0900 -0.2920 0.1656 0.1781 1.0507 0.0000 0.0000 0.0000 0.0000 0.0000 0.0000 0.0000 
206 2.1124 1.6248 1.3221 1.3990 -0.2210 0.0452 0.1781 1.0507 0.0000 0.0000 0.0000 0.0000 0.0000 0.0000 0.0000 
207 2.1648 1.4319 0.3114 0.7714 -0.1400 0.0314 0.1781 1.0507 0.0000 0.0000 0.0000 0.0000 0.0000 0.0000 0.0000 
208 0.2627 0.2494 1.1927 1.2491 -0.6010 0.0058 0.1781 1.0507 0.0000 0.0000 0.0000 0.0000 0.0000 0.0000 0.0000 
209 1.4882 0.7118 0.8088 1.4600 0.4070 0.0593 0.1781 1.0507 0.0000 0.0000 0.0000 0.0000 0.0000 0.0000 0.0000 
210 0.9834 0.8936 1.5953 2.4227 0.2190 0.0726 0.1781 1.0507 0.0000 0.0000 0.0000 0.0000 0.0000 0.0000 0.0000 
211 0.2847 0.1414 1.4625 2.8198 0.0830 0.1934 0.1781 1.0507 0.0000 0.0000 0.0000 0.0000 0.0000 0.0000 0.0000 
212 2.0221 1.2099 3.0587 2.1647 0.3730 0.0297 0.1781 1.0507 0.0000 0.0000 0.0000 0.0000 0.0000 0.0000 0.0000 
213 2.6106 2.6617 0.2181 0.6928 1.5390 0.0220 0.1781 1.0507 0.0000 0.0000 0.0000 0.0000 0.0000 0.0000 0.0000 
214 2.5055 1.2898 2.8383 0.3166 -0.2260 0.0388 0.1781 1.0507 0.0000 0.0000 0.0000 0.0000 0.0000 0.0000 0.0000 
215 2.9528 1.9876 1.3514 2.6233 0.1720 0.0680 0.1781 1.0507 0.0000 0.0000 0.0000 0.0000 0.0000 0.0000 0.0000 
216 1.7288 1.4976 0.6606 2.4844 0.2510 0.0881 0.1781 1.0507 0.0000 0.0000 0.0000 0.0000 0.0000 0.0000 0.0000 
217 0.5448 1.0129 0.3680 0.1480 1.6400 0.0201 0.1781 1.0507 0.0000 0.0000 0.0000 0.0000 0.0000 0.0000 0.0000 
218 1.0036 0.2349 1.5272 1.1553 -0.0340 0.0098 0.1781 1.0507 0.0000 0.0000 0.0000 0.0000 0.0000 0.0000 0.0000 
219 0.1550 1.5110 0.9711 0.8042 0.3370 0.0143 0.1781 1.0507 0.0000 0.0000 0.0000 0.0000 0.0000 0.0000 0.0000 
220 1.7460 1.1117 0.2656 2.9316 -0.4990 0.0859 0.1781 1.0507 0.0000 0.0000 0.0000 0.0000 0.0000 0.0000 0.0000 
221 3.0554 0.8205 2.1053 1.8794 -0.5050 0.0488 0.1781 1.0507 0.0000 0.0000 0.0000 0.0000 0.0000 0.0000 0.0000 
222 0.8561 1.7370 0.9072 0.9371 0.3150 0.0076 0.1781 1.0507 0.0000 0.0000 0.0000 0.0000 0.0000 0.0000 0.0000 
223 1.4791 0.2371 0.7996 3.0922 0.2370 0.0070 0.1781 1.0507 0.0000 0.0000 0.0000 0.0000 0.0000 0.0000 0.0000 
224 2.4425 1.1082 3.1315 1.1003 0.0840 0.0579 0.1781 1.0507 0.0000 0.0000 0.0000 0.0000 0.0000 0.0000 0.0000 
225 2.6891 1.0809 2.8196 1.4750 -1.2470 0.1378 0.1781 1.0507 0.0000 0.0000 0.0000 0.0000 0.0000 0.0000 0.0000 
226 2.7518 0.5164 1.2996 1.1482 0.0960 0.0044 0.1781 1.0507 0.0000 0.0000 0.0000 0.0000 0.0000 0.0000 0.0000 
227 2.4777 2.7324 0.5124 1.3473 1.4290 0.0339 0.1781 1.0507 0.0000 0.0000 0.0000 0.0000 0.0000 0.0000 0.0000 
228 0.6250 0.3003 0.4958 0.3244 1.7300 0.0070 0.1781 1.0507 0.0000 0.0000 0.0000 0.0000 0.0000 0.0000 0.0000 
229 1.0178 1.4102 2.8514 2.0828 -0.3180 0.1133 0.1781 1.0507 0.0000 0.0000 0.0000 0.0000 0.0000 0.0000 0.0000 
230 2.4140 1.1055 1.0786 1.3532 -0.5820 0.1047 0.1781 1.0507 0.0000 0.0000 0.0000 0.0000 0.0000 0.0000 0.0000 
231 0.8079 0.1608 0.9376 2.9239 0.1690 0.1391 0.1781 1.0507 0.0000 0.0000 0.0000 0.0000 0.0000 0.0000 0.0000 
232 0.2553 1.6331 0.8054 2.4195 -0.0240 0.1319 0.1781 1.0507 0.0000 0.0000 0.0000 0.0000 0.0000 0.0000 0.0000 
233 0.2159 1.6521 2.3051 1.5063 0.2980 0.0454 0.1781 1.0507 0.0000 0.0000 0.0000 0.0000 0.0000 0.0000 0.0000 
234 0.5365 2.8037 0.1582 2.9185 -1.2470 0.1894 0.1781 1.0507 0.0000 0.0000 0.0000 0.0000 0.0000 0.0000 0.0000 
235 2.5885 2.7886 2.7325 1.2245 0.1850 0.0901 0.1781 1.0507 0.0000 0.0000 0.0000 0.0000 0.0000 0.0000 0.0000 
236 2.0045 1.5297 1.8792 1.2553 -0.4400 0.0917 0.1781 1.0507 0.0000 0.0000 0.0000 0.0000 0.0000 0.0000 0.0000 
237 2.6994 1.0363 1.8070 0.3073 0.5280 0.0602 0.1781 1.0507 0.0000 0.0000 0.0000 0.0000 0.0000 0.0000 0.0000 
238 0.2783 2.7920 1.1848 1.2391 -0.1270 0.0053 0.1781 1.0507 0.0000 0.0000 0.0000 0.0000 0.0000 0.0000 0.0000 
239 3.0980 2.2974 0.5728 1.7515 0.1170 0.0614 0.1781 1.0507 0.0000 0.0000 0.0000 0.0000 0.0000 0.0000 0.0000 
240 1.5693 1.9388 0.9293 0.9385 0.5980 0.0339 0.1781 1.0507 0.0000 0.0000 0.0000 0.0000 0.0000 0.0000 0.0000 
241 2.9734 1.9130 1.7754 2.2039 -0.3890 0.0490 0.1781 1.0507 0.0000 0.0000 0.0000 0.0000 0.0000 0.0000 0.0000 
242 2.3878 0.6442 2.4813 1.5683 -0.1720 0.0388 0.1781 1.0507 0.0000 0.0000 0.0000 0.0000 0.0000 0.0000 0.0000 
243 0.5577 1.0625 3.1136 2.6703 -0.0250 0.0721 0.1781 1.0507 0.0000 0.0000 0.0000 0.0000 0.0000 0.0000 0.0000 
244 2.8476 1.6225 2.0354 1.3052 0.7320 0.0121 0.1781 1.0507 0.0000 0.0000 0.0000 0.0000 0.0000 0.0000 0.0000 
245 2.3349 1.7294 1.1875 3.0729 0.2810 0.0362 0.1781 1.0507 0.0000 0.0000 0.0000 0.0000 0.0000 0.0000 0.0000 
246 1.6237 0.2228 2.5767 0.3917 -0.3870 0.1193 0.1781 1.0507 0.0000 0.0000 0.0000 0.0000 0.0000 0.0000 0.0000 
247 0.9515 1.4780 0.7437 1.4666 -0.3170 0.1178 0.1781 1.0507 0.0000 0.0000 0.0000 0.0000 0.0000 0.0000 0.0000 
248 1.4379 1.7124 2.0835 2.1848 -0.6470 0.0553 0.1781 1.0507 0.0000 0.0000 0.0000 0.0000 0.0000 0.0000 0.0000 
249 0.2532 0.8212 0.4547 1.1125 0.6110 0.0786 0.1781 1.0507 0.0000 0.0000 0.0000 0.0000 0.0000 0.0000 0.0000 
250 1.4897 2.6909 0.1429 2.5644 0.2190 0.0102 0.1781 1.0507 0.0000 0.0000 0.0000 0.0000 0.0000 0.0000 0.0000 
251 0.5738 2.3528 2.6806 3.0994 -0.6490 0.1075 0.1781 1.0507 0.0000 0.0000 0.0000 0.0000 0.0000 0.0000 0.0000 
252 1.8508 0.2685 0.9742 1.4253 0.4760 0.0285 0.1781 1.0507 0.0000 0.0000 0.0000 0.0000 0.0000 0.0000 0.0000 
253 2.1517 3.0461 2.7659 0.2920 -0.5410 0.3099 0.1781 1.0507 0.0000 0.0000 0.0000 0.0000 0.0000 0.0000 0.0000 
254 0.4914 2.0819 0.7301 1.8749 1.8820 0.0096 0.1781 1.0507 0.0000 0.0000 0.0000 0.0000 0.0000 0.0000 0.0000 
255 1.6488 1.7575 1.1619 2.8687 1.0090 0.0663 0.1781 1.0507 0.0000 0.0000 0.0000 0.0000 0.0000 0.0000 0.0000 
256 0.9926 1.1978 0.5918 0.9814 0.0150 0.0594 0.1781 1.0507 0.0000 0.0000 0.0000 0.0000 0.0000 0.0000 0.0000 
257 0.5041 2.0447 0.1624 0.8382 -0.8990 0.1288 0.1781 1.0507 0.0000 0.0000 0.0000 0.0000 0.0000 0.0000 0.0000 
258 2.5575 2.6913 1.1332 2.3346 0.4150 0.0431 0.1781 1.0507 0.0000 0.0000 0.0000 0.0000 0.0000 0.0000 0.0000 
259 2.5636 2.0775 1.9891 2.3928 -0.1390 0.0670 0.1781 1.0507 0.0000 0.0000 0.0000 0.0000 0.0000 0.0000 0.0000 
260 1.0720 1.1068 0.8797 0.8024 0.3310 0.0145 0.1781 1.0507 0.0000 0.0000 0.0000 0.0000 0.0000 0.0000 0.0000 
261 1.6613 1.7403 0.6804 0.3595 0.2910 0.0062 0.1781 1.0507 0.0000 0.0000 0.0000 0.0000 0.0000 0.0000 0.0000 
262 0.1750 0.7482 0.5748 1.9891 -0.6560 0.0210 0.1781 1.0507 0.0000 0.0000 0.0000 0.0000 0.0000 0.0000 0.0000 
263 2.5689 1.7256 2.0587 1.3811 1.2210 0.0052 0.1781 1.0507 0.0000 0.0000 0.0000 0.0000 0.0000 0.0000 0.0000 
264 0.3265 2.3727 2.4293 0.5492 -0.0320 0.0044 0.1781 1.0507 0.0000 0.0000 0.0000 0.0000 0.0000 0.0000 0.0000 
265 1.0444 2.1761 2.2465 0.5987 0.0720 0.0096 0.1781 1.0507 0.0000 0.0000 0.0000 0.0000 0.0000 0.0000 0.0000 
266 1.2774 1.2727 1.7601 2.5945 -0.4690 0.0683 0.1781 1.0507 0.0000 0.0000 0.0000 0.0000 0.0000 0.0000 0.0000 
267 0.5453 1.2437 2.9063 0.6398 1.7290 0.0040 0.1781 1.0507 0.0000 0.0000 0.0000 0.0000 0.0000 0.0000 0.0000 
268 0.6374 2.4907 1.9976 1.5477 0.8400 0.0068 0.1781 1.0507 0.0000 0.0000 0.0000 0.0000 0.0000 0.0000 0.0000 
269 1.4945 0.2895 2.0495 0.9044 -0.2520 0.1220 0.1781 1.0507 0.0000 0.0000 0.0000 0.0000 0.0000 0.0000 0.0000 
270 1.4424 2.9251 1.6083 1.3006 -0.2520 0.1113 0.1781 1.0507 0.0000 0.0000 0.0000 0.0000 0.0000 0.0000 0.0000 
271 1.1723 0.9660 1.9796 2.2789 0.4920 0.0650 0.1781 1.0507 0.0000 0.0000 0.0000 0.0000 0.0000 0.0000 0.0000 
272 0.4507 0.1134 1.3014 0.6034 0.2440 0.1467 0.1781 1.0507 0.0000 0.0000 0.0000 0.0000 0.0000 0.0000 0.0000 
273 1.9210 0.5894 1.6339 1.5435 0.4430 0.0207 0.1781 1.0507 0.0000 0.0000 0.0000 0.0000 0.0000 0.0000 0.0000 
274 3.0601 1.0736 0.8972 1.1266 -0.0230 0.0087 0.1781 1.0507 0.0000 0.0000 0.0000 0.0000 0.0000 0.0000 0.0000 
275 2.1052 0.8311 0.8353 2.2632 0.1590 0.0417 0.1781 1.0507 0.0000 0.0000 0.0000 0.0000 0.0000 0.0000 0.0000 
276 1.7106 0.3172 2.6745 0.4856 -0.3220 0.1648 0.1781 1.0507 0.0000 0.0000 0.0000 0.0000 0.0000 0.0000 0.0000 
277 1.0013 1.7611 1.4889 2.4291 -0.4200 0.0011 0.1781 1.0507 0.0000 0.0000 0.0000 0.0000 0.0000 0.0000 0.0000 
278 0.5509 2.0913 0.6447 0.4536 0.6140 0.0176 0.1781 1.0507 0.0000 0.0000 0.0000 0.0000 0.0000 0.0000 0.0000 
279 2.2257 2.4604 0.4283 0.2013 -0.3520 0.1638 0.1781 1.0507 0.0000 0.0000 0.0000 0.0000 0.0000 0.0000 0.0000 
280 0.7106 1.8479 0.1963 2.9911 -0.2580 0.0680 0.1781 1.0507 0.0000 0.0000 0.0000 0.0000 0.0000 0.0000 0.0000 
281 0.1555 2.3573 2.5482 1.2686 0.3220 0.0274 0.1781 1.0507 0.0000 0.0000 0.0000 0.0000 0.0000 0.0000 0.0000 
282 2.5789 0.6336 2.4572 1.8483 -0.4030 0.0599 0.1781 1.0507 0.0000 0.0000 0.0000 0.0000 0.0000 0.0000 0.0000 
283 2.6895 2.5151 2.4935 2.7276 -0.1070 0.0399 0.1781 1.0507 0.0000 0.0000 0.0000 0.0000 0.0000 0.0000 0.0000 
284 0.8735 0.1956 0.6208 2.3733 -0.0820 0.1870 0.1781 1.0507 0.0000 0.0000 0.0000 0.0000 0.0000 0.0000 0.0000 
285 1.6750 1.6013 1.5392 0.1764 -0.1370 0.0677 0.1781 1.0507 0.0000 0.0000 0.0000 0.0000 0.0000 0.0000 0.0000 
286 2.9165 1.8305 1.8800 1.6035 0.9200 0.0202 0.1781 1.0507 0.0000 0.0000 0.0000 0.0000 0.0000 0.0000 0.0000 
287 2.7909 1.5376 1.7393 2.5287 0.3830 0.1179 0.1781 1.0507 0.0000 0.0000 0.0000 0.0000 0.0000 0.0000 0.0000 
288 0.5509 2.6117 1.9995 1.1114 -0.4710 0.0750 0.1781 1.0507 0.0000 0.0000 0.0000 0.0000 0.0000 0.0000 0.0000 
289 0.5517 1.6669 0.9927 0.1057 0.1990 0.0301 0.1781 1.0507 0.0000 0.0000 0.0000 0.0000 0.0000 0.0000 0.0000 
290 2.6082 2.3749 2.8363 2.4193 -0.1110 0.0374 0.1781 1.0507 0.0000 0.0000 0.0000 0.0000 0.0000 0.0000 0.0000 
291 1.3347 2.8803 0.8309 0.8839 0.2240 0.0154 0.1781 1.0507 0.0000 0.0000 0.0000 0.0000 0.0000 0.0000 0.0000 
292 1.5254 2.1615 0.4017 0.2753 0.7990 0.0775 0.1781 1.0507 0.0000 0.0000 0.0000 0.0000 0.0000 0.0000 0.0000 
293 2.9332 0.1422 2.3583 1.5267 -0.0010 0.0496 0.1781 1.0507 0.0000 0.0000 0.0000 0.0000 0.0000 0.0000 0.0000 
294 3.0196 2.7133 1.5119 1.7633 -0.2330 0.0254 0.1781 1.0507 0.0000 0.0000 0.0000 0.0000 0.0000 0.0000 0.0000 
295 2.2198 0.8949 0.1591 3.1142 0.2590 0.0095 0.1781 1.0507 0.0000 0.0000 0.0000 0.0000 0.0000 0.0000 0.0000 
296 1.7535 2.5331 1.7369 0.3310 0.3020 0.1491 0.1781 1.0507 0.0000 0.0000 0.0000 0.0000 0.0000 0.0000 0.0000 
297 0.4127 0.8139 3.0362 2.5815 -0.3400 0.0962 0.1781 1.0507 0.0000 0.0000 0.0000 0.0000 0.0000 0.0000 0.0000 
298 0.9901 1.4578 3.0448 1.6373 -0.3560 0.1363 0.1781 1.0507 0.0000 0.0000 0.0000 0.0000 0.0000 0.0000 0.0000 
299 1.0636 1.7082 0.6131 1.8322 0.8050 0.0287 0.1781 1.0507 0.0000 0.0000 0.0000 0.0000 0.0000 0.0000 0.0000 
151 2.6664 2.5922 1.5820 0.3665 -1.5060 0.4834 0.1781 1.0507 0.0000 0.0000 0.0000 0.0000 0.0000 0.0000 0.0000 
