0 2.9131 2.9853 2.8144 0.3541 -1.3950 0.2035 0.1908 1.1461 0.0000 0.0000 0.0000 0.0000 0.0000 0.0000 0.0000 
1 1.9007 1.3889 1.7123 0.4963 0.0620 0.0762 0.1908 1.1461 0.0000 0.0000 0.0000 0.0000 0.0000 0.0000 0.0000 
2 0.6840 1.4522 0.7723 1.4840 -0.6290 0.1343 0.1908 1.1461 0.0000 0.0000 0.0000 0.0000 0.0000 0.0000 0.0000 
3 0.1753 0.3609 2.2596 1.3813 -0.3070 0.0641 0.1908 1.1461 0.0000 0.0000 0.0000 0.0000 0.0000 0.0000 0.0000 
4 1.6592 2.3332 1.1919 0.2751 -0.1200 0.1589 0.1908 1.1461 0.0000 0.0000 0.0000 0.0000 0.0000 0.0000 0.0000 
5 2.4819 1.8919 2.1011 1.9888 0.1640 0.0054 0.1908 1.1461 0.0000 0.0000 0.0000 0.0000 0.0000 0.0000 0.0000 
6 3.0526 1.2035 2.4110 1.2214 -0.1130 0.0161 0.1908 1.1461 0.0000 0.0000 0.0000 0.0000 0.0000 0.0000 0.0000 
7 1.8399 2.1091 1.0562 0.3608 0.3980 0.0861 0.1908 1.1461 0.0000 0.0000 0.0000 0.0000 0.0000 0.0000 0.0000 
8 1.5419 2.2836 1.8964 1.4610 0.1150 0.1401 0.1908 1.1461 0.0000 0.0000 0.0000 0.0000 0.0000 0.0000 0.0000 
9 2.0539 0.6537 0.6430 1.0837 0.8570 0.0095 0.1908 1.1461 0.0000 0.0000 0.0000 0.0000 0.0000 0.0000 0.0000 
10 2.5816 0.6950 0.4477 0.3999 0.8760 0.0175 0.1908 1.1461 0.0000 0.0000 0.0000 0.0000 0.0000 0.0000 0.0000 
11 0.2184 0.9382 1.8423 2.5961 0.2870 0.1328 0.1908 1.1461 0.0000 0.0000 0.0000 0.0000 0.0000 0.0000 0.0000 
12 1.1062 1.2243 0.9775 1.0270 -0.1650 0.0340 0.1908 1.1461 0.0000 0.0000 0.0000 0.0000 0.0000 0.0000 0.0000 
13 2.4651 1.7698 0.8860 0.4258 -0.0490 0.0547 0.1908 1.1461 0.0000 0.0000 0.0000 0.0000 0.0000 0.0000 0.0000 
14 2.4840 2.2508 2.6202 0.8240 -0.6400 0.2290 0.1908 1.1461 0.0000 0.0000 0.0000 0.0000 0.0000 0.0000 0.0000 
15 1.7591 2.8944 1.9027 2.9757 0.0080 0.1693 0.1908 1.1461 0.0000 0.0000 0.0000 0.0000 0.0000 0.0000 0.0000 
16 0.6087 3.0656 0.2701 1.3660 -0.1340 0.0484 0.1908 1.1461 0.0000 0.0000 0.0000 0.0000 0.0000 0.0000 0.0000 
17 0.1711 2.5624 2.1902 3.0617 -1.3000 0.1737 0.1908 1.1461 0.0000 0.0000 0.0000 0.0000 0.0000 0.0000 0.0000 
18 2.5484 2.9859 1.7382 3.1058 -0.5300 0.0932 0.1908 1.1461 0.0000 0.0000 0.0000 0.0000 0.0000 0.0000 0.0000 
19 2.3782 1.1528 3.0637 1.2467 -0.1860 0.0798 0.1908 1.1461 0.0000 0.0000 0.0000 0.0000 0.0000 0.0000 0.0000 
20 0.6880 0.3308 1.5173 0.6981 0.2040 0.1262 0.1908 1.1461 0.0000 0.0000 0.0000 0.0000 0.0000 0.0000 0.0000 
21 2.9396 2.9909 0.7568 0.4148 -1.4390 0.2327 0.1908 1.1461 0.0000 0.0000 0.0000 0.0000 0.0000 0.0000 0.0000 
22 1.7089 0.6161 1.7536 2.5723 -0.2030 0.0464 0.1908 1.1461 0.0000 0.0000 0.0000 0.0000 0.0000 0.0000 0.0000 
23 0.8697 1.3828 2.8401 1.4526 -0.3880 0.1011 0.1908 1.1461 0.0000 0.0000 0.0000 0.0000 0.0000 0.0000 0.0000 
24 1.1426 2.8141 2.5751 2.8228 0.3880 0.0529 0.1908 1.1461 0.0000 0.0000 0.0000 0.0000 0.0000 0.0000 0.0000 
25 2.1918 1.3550 2.2079 2.6240 0.3730 0.0269 0.1908 1.1461 0.0000 0.0000 0.0000 0.0000 0.0000 0.0000 0.0000 
26 2.0451 0.8252 0.9980 1.3459 0.2310 0.1095 0.1908 1.1461 0.0000 0.0000 0.0000 0.0000 0.0000 0.0000 0.0000 
27 2.4471 1.7944 1.7727 2.6140 0.3640 0.0750 0.1908 1.1461 0.0000 0.0000 0.0000 0.0000 0.0000 0.0000 0.0000 
28 0.4298 2.0200 1.1113 1.8013 2.3350 0.0010 0.1908 1.1461 0.0000 0.0000 0.0000 0.0000 0.0000 0.0000 0.0000 
29 2.6408 0.8554 2.9941 0.3390 1.4360 0.0030 0.1908 1.1461 0.0000 0.0000 0.0000 0.0000 0.0000 0.0000 0.0000 
30 1.8094 1.7480 0.8150 1.8059 0.8130 0.0309 0.1908 1.1461 0.0000 0.0000 0.0000 0.0000 0.0000 0.0000 0.0000 
31 1.5318 1.4675 2.2850 0.1120 -0.0970 0.0356 0.1908 1.1461 0.0000 0.0000 0.0000 0.0000 0.0000 0.0000 0.0000 
32 1.2472 2.4895 0.5315 2.7382 -0.7590 0.1166 0.1908 1.1461 0.0000 0.0000 0.0000 0.0000 0.0000 0.0000 0.0000 
33 0.7192 2.1717 0.6267 1.4667 1.2380 0.0011 0.1908 1.1461 0.0000 0.0000 0.0000 0.0000 0.0000 0.0000 0.0000 
34 1.3852 0.3488 2.2279 1.5605 0.4140 0.0179 0.1908 1.1461 0.0000 0.0000 0.0000 0.0000 0.0000 0.0000 0.0000 
35 2.1957 1.7398 1.7907 1.7003 0.6460 0.0262 0.1908 1.1461 0.0000 0.0000 0.0000 0.0000 0.0000 0.0000 0.0000 
36 1.0058 2.8336 0.3628 2.7663 -0.5810 0.2835 0.1908 1.1461 0.0000 0.0000 0.0000 0.0000 0.0000 0.0000 0.0000 
37 2.7263 1.6141 2.4632 2.1481 -0.0900 0.0473 0.1908 1.1461 0.0000 0.0000 0.0000 0.0000 0.0000 0.0000 0.0000 
38 1.9404 0.9870 1.0722 1.1627 0.1590 0.1412 0.1908 1.1461 0.0000 0.0000 0.0000 0.0000 0.0000 0.0000 0.0000 
39 1.0191 3.0190 1.1380 1.2788 -0.3980 0.0323 0.1908 1.1461 0.0000 0.0000 0.0000 0.0000 0.0000 0.0000 0.0000 
40 1.3761 2.5834 1.5531 1.7843 -0.2410 0.0346 0.1908 1.1461 0.0000 0.0000 0.0000 0.0000 0.0000 0.0000 0.0000 
41 0.8771 0.9458 0.3710 0.7608 1.2500 0.0015 0.1908 1.1461 0.0000 0.0000 0.0000 0.0000 0.0000 0.0000 0.0000 
42 0.9026 2.6923 1.6283 0.4358 0.6570 0.0182 0.1908 1.1461 0.0000 0.0000 0.0000 0.0000 0.0000 0.0000 0.0000 
43 1.5074 0.4678 1.8216 1.4448 0.5690 0.0005 0.1908 1.1461 0.0000 0.0000 0.0000 0.0000 0.0000 0.0000 0.0000 
44 2.7106 0.8886 2.6880 0.8531 -0.6250 0.0018 0.1908 1.1461 0.0000 0.0000 0.0000 0.0000 0.0000 0.0000 0.0000 
45 3.0887 2.0289 0.2298 2.5551 1.4660 0.0113 0.1908 1.1461 0.0000 0.0000 0.0000 0.0000 0.0000 0.0000 0.0000 
46 0.9384 1.2018 0.5458 2.6471 -0.8350 0.0176 0.1908 1.1461 0.0000 0.0000 0.0000 0.0000 0.0000 0.0000 0.0000 
47 0.3749 2.3455 1.3036 2.1666 1.0980 0.0769 0.1908 1.1461 0.0000 0.0000 0.0000 0.0000 0.0000 0.0000 0.0000 
48 0.9914 0.3381 2.8836 2.0915 0.3660 0.0557 0.1908 1.1461 0.0000 0.0000 0.0000 0.0000 0.0000 0.0000 0.0000 
49 0.6161 3.0692 2.8734 0.6554 -1.0210 0.1076 0.1908 1.1461 0.0000 0.0000 0.0000 0.0000 0.0000 0.0000 0.0000 
50 0.1581 1.9584 0.5232 2.3261 -0.4320 0.1252 0.1908 1.1461 0.0000 0.0000 0.0000 0.0000 0.0000 0.0000 0.0000 
51 1.5261 2.2567 1.8331 2.4442 0.3090 0.0128 0.1908 1.1461 0.0000 0.0000 0.0000 0.0000 0.0000 0.0000 0.0000 
52 2.5991 1.9338 1.8988 1.0942 1.2010 0.0189 0.1908 1.1461 0.0000 0.0000 0.0000 0.0000 0.0000 0.0000 0.0000 
53 0.5078 0.3813 2.7065 0.7268 -0.3930 0.1758 0.1908 1.1461 0.0000 0.0000 0.0000 0.0000 0.0000 0.0000 0.0000 
54 1.3974 1.0634 1.9847 1.7222 -0.3820 0.2764 0.1908 1.1461 0.0000 0.0000 0.0000 0.0000 0.0000 0.0000 0.0000 
55 2.7128 1.4263 1.2008 2.0807 -0.5160 0.0394 0.1908 1.1461 0.0000 0.0000 0.0000 0.0000 0.0000 0.0000 0.0000 
56 2.3654 2.9149 1.0485 2.7963 0.6310 0.0241 0.1908 1.1461 0.0000 0.0000 0.0000 0.0000 0.0000 0.0000 0.0000 
57 3.0851 3.0880 0.4930 1.2561 -0.0560 0.0294 0.1908 1.1461 0.0000 0.0000 0.0000 0.0000 0.0000 0.0000 0.0000 
58 2.4542 2.6276 0.2202 1.3016 1.6110 0.0042 0.1908 1.1461 0.0000 0.0000 0.0000 0.0000 0.0000 0.0000 0.0000 
59 2.3026 2.4064 1.7275 0.7404 -0.0660 0.2046 0.1908 1.1461 0.0000 0.0000 0.0000 0.0000 0.0000 0.0000 0.0000 
60 1.3373 0.2781 1.0602 1.3999 0.3560 0.0317 0.1908 1.1461 0.0000 0.0000 0.0000 0.0000 0.0000 0.0000 0.0000 
61 2.6030 1.8925 1.3603 0.8480 0.1160 0.1081 0.1908 1.1461 0.0000 0.0000 0.0000 0.0000 0.0000 0.0000 0.0000 
62 1.0589 2.1401 1.4549 0.6266 0.2680 0.0417 0.1908 1.1461 0.0000 0.0000 0.0000 0.0000 0.0000 0.0000 0.0000 
63 2.5994 1.8508 3.0428 1.7315 0.5530 0.0330 0.1908 1.1461 0.0000 0.0000 0.0000 0.0000 0.0000 0.0000 0.0000 
64 1.9951 1.4007 1.9502 2.8947 -0.4450 0.0837 0.1908 1.1461 0.0000 0.0000 0.0000 0.0000 0.0000 0.0000 0.0000 
65 3.0847 2.1104 1.4086 0.2906 -0.7070 0.2920 0.1908 1.1461 0.0000 0.0000 0.0000 0.0000 0.0000 0.0000 0.0000 
66 2.6555 1.2905 1.2633 0.2737 0.0100 0.1227 0.1908 1.1461 0.0000 0.0000 0.0000 0.0000 0.0000 0.0000 0.0000 
67 0.2038 1.2879 3.0647 2.3525 -0.6540 0.0589 0.1908 1.1461 0.0000 0.0000 0.0000 0.0000 0.0000 0.0000 0.0000 
68 2.2559 2.1331 0.9300 0.6130 0.0370 0.1051 0.1908 1.1461 0.0000 0.0000 0.0000 0.0000 0.0000 0.0000 0.0000 
69 1.9321 0.2933 1.8887 1.6648 0.4730 0.0307 0.1908 1.1461 0.0000 0.0000 0.0000 0.0000 0.0000 0.0000 0.0000 
70 1.7501 0.4691 0.3056 1.5394 0.4800 0.0025 0.1908 1.1461 0.0000 0.0000 0.0000 0.0000 0.0000 0.0000 0.0000 
71 0.5428 2.0510 1.0415 1.9877 1.4230 0.0175 0.1908 1.1461 0.0000 0.0000 0.0000 0.0000 0.0000 0.0000 0.0000 
72 2.3818 1.9445 1.7169 0.7002 -0.5290 0.1304 0.1908 1.1461 0.0000 0.0000 0.0000 0.0000 0.0000 0.0000 0.0000 
73 1.1560 3.0745 0.9169 0.9648 -0.1360 0.0128 0.1908 1.1461 0.0000 0.0000 0.0000 0.0000 0.0000 0.0000 0.0000 
74 1.6004 1.7606 2.5051 0.9980 0.4890 0.0760 0.1908 1.1461 0.0000 0.0000 0.0000 0.0000 0.0000 0.0000 0.0000 
75 3.0285 0.1676 2.5040 1.8329 -0.0370 0.0595 0.1908 1.1461 0.0000 0.0000 0.0000 0.0000 0.0000 0.0000 0.0000 
76 2.8410 0.5656 2.1963 2.9810 2.1270 0.0069 0.1908 1.1461 0.0000 0.0000 0.0000 0.0000 0.0000 0.0000 0.0000 
77 2.1289 0.4418 2.9011 3.0492 0.8890 0.0231 0.1908 1.1461 0.0000 0.0000 0.0000 0.0000 0.0000 0.0000 0.0000 
78 0.4370 2.6162 0.3413 0.3473 -0.5750 0.0746 0.1908 1.1461 0.0000 0.0000 0.0000 0.0000 0.0000 0.0000 0.0000 
79 2.5192 2.2897 3.0114 2.0221 1.0520 0.0072 0.1908 1.1461 0.0000 0.0000 0.0000 0.0000 0.0000 0.0000 0.0000 
80 1.6564 0.9275 1.8424 3.1187 -0.2270 0.0723 0.1908 1.1461 0.0000 0.0000 0.0000 0.0000 0.0000 0.0000 0.0000 
81 2.0669 2.7631 0.7006 2.3355 -0.6110 0.0237 0.1908 1.1461 0.0000 0.0000 0.0000 0.0000 0.0000 0.0000 0.0000 
82 2.3258 0.3155 2.5947 0.6355 -0.2530 0.2239 0.1908 1.1461 0.0000 0.0000 0.0000 0.0000 0.0000 0.0000 0.0000 
83 0.7611 0.2862 2.1156 0.5328 2.2740 0.0172 0.1908 1.1461 0.0000 0.0000 0.0000 0.0000 0.0000 0.0000 0.0000 
84 3.0677 0.1001 2.5621 2.4091 1.3880 0.0006 0.1908 1.1461 0.0000 0.0000 0.0000 0.0000 0.0000 0.0000 0.0000 
85 1.8316 1.8397 2.5271 2.0356 0.6240 0.0350 0.1908 1.1461 0.0000 0.0000 0.0000 0.0000 0.0000 0.0000 0.0000 
86 0.5239 2.5237 1.1764 1.8756 1.5490 0.0604 0.1908 1.1461 0.0000 0.0000 0.0000 0.0000 0.0000 0.0000 0.0000 
87 1.6586 2.8497 1.3603 2.6958 0.0850 0.0274 0.1908 1.1461 0.0000 0.0000 0.0000 0.0000 0.0000 0.0000 0.0000 
88 0.3488 1.0921 2.1396 1.9613 -0.4590 0.0274 0.1908 1.1461 0.0000 0.0000 0.0000 0.0000 0.0000 0.0000 0.0000 
89 2.6316 0.7324 2.5460 2.5200 2.8000 0.0123 0.1908 1.1461 0.0000 0.0000 0.0000 0.0000 0.0000 0.0000 0.0000 
90 0.5347 0.5253 1.8741 3.0674 1.8710 0.0001 0.1908 1.1461 0.0000 0.0000 0.0000 0.0000 0.0000 0.0000 0.0000 
91 1.9667 1.4017 1.6417 2.5623 0.5240 0.0901 0.1908 1.1461 0.0000 0.0000 0.0000 0.0000 0.0000 0.0000 0.0000 
92 1.6886 1.7326 1.9045 2.9351 0.0240 0.0599 0.1908 1.1461 0.0000 0.0000 0.0000 0.0000 0.0000 0.0000 0.0000 
93 2.5345 2.6523 0.9097 1.9254 -0.5160 0.0692 0.1908 1.1461 0.0000 0.0000 0.0000 0.0000 0.0000 0.0000 0.0000 
94 2.6035 2.2843 2.9950 2.8837 -0.9240 0.1259 0.1908 1.1461 0.0000 0.0000 0.0000 0.0000 0.0000 0.0000 0.0000 
95 0.4882 1.6457 1.1882 0.7239 0.1810 0.0854 0.1908 1.1461 0.0000 0.0000 0.0000 0.0000 0.0000 0.0000 0.0000 
96 1.6232 3.0917 2.4368 0.4015 -0.6060 0.2377 0.1908 1.1461 0.0000 0.0000 0.0000 0.0000 0.0000 0.0000 0.0000 
97 0.8535 1.2244 2.7923 1.4976 -0.8260 0.1769 0.1908 1.1461 0.0000 0.0000 0.0000 0.0000 0.0000 0.0000 0.0000 
98 0.5852 1.7735 0.8520 0.2166 0.7190 0.0080 0.1908 1.1461 0.0000 0.0000 0.0000 0.0000 0.0000 0.0000 0.0000 
99 1.9027 3.1138 2.4600 2.3392 0.1980 0.0656 0.1908 1.1461 0.0000 0.0000 0.0000 0.0000 0.0000 0.0000 0.0000 
100 0.5643 1.8085 2.0373 2.4090 -0.2100 0.1186 0.1908 1.1461 0.0000 0.0000 0.0000 0.0000 0.0000 0.0000 0.0000 
101 1.4587 0.2621 2.9217 0.9077 -0.2530 0.2135 0.1908 1.1461 0.0000 0.0000 0.0000 0.0000 0.0000 0.0000 0.0000 
102 2.3460 1.5119 2.4700 1.1272 0.7730 0.0204 0.1908 1.1461 0.0000 0.0000 0.0000 0.0000 0.0000 0.0000 0.0000 
103 0.3812 1.4018 1.5600 2.5107 -0.0280 0.0905 0.1908 1.1461 0.0000 0.0000 0.0000 0.0000 0.0000 0.0000 0.0000 
104 1.3281 2.1271 1.2446 2.3285 -0.5490 0.0383 0.1908 1.1461 0.0000 0.0000 0.0000 0.0000 0.0000 0.0000 0.0000 
105 0.6299 2.7768 2.9725 0.1721 -1.1590 0.1632 0.1908 1.1461 0.0000 0.0000 0.0000 0.0000 0.0000 0.0000 0.0000 
106 2.7109 2.4666 2.2078 0.4221 -1.3900 0.2899 0.1908 1.1461 0.0000 0.0000 0.0000 0.0000 0.0000 0.0000 0.0000 
107 2.3291 2.4471 2.0049 3.0311 -0.5380 0.1049 0.1908 1.1461 0.0000 0.0000 0.0000 0.0000 0.0000 0.0000 0.0000 
108 2.9802 2.0272 2.9135 0.5373 -1.1920 0.1587 0.1908 1.1461 0.0000 0.0000 0.0000 0.0000 0.0000 0.0000 0.0000 
109 1.0073 1.7116 1.6898 2.9982 -0.1040 0.0704 0.1908 1.1461 0.0000 0.0000 0.0000 0.0000 0.0000 0.0000 0.0000 
110 2.0343 1.9898 1.9897 2.9761 0.6490 0.0004 0.1908 1.1461 0.0000 0.0000 0.0000 0.0000 0.0000 0.0000 0.0000 
111 1.3179 2.3490 1.9254 1.3240 -0.1420 0.1290 0.1908 1.1461 0.0000 0.0000 0.0000 0.0000 0.0000 0.0000 0.0000 
112 1.1312 0.5674 0.1332 1.1220 0.2040 0.0443 0.1908 1.1461 0.0000 0.0000 0.0000 0.0000 0.0000 0.0000 0.0000 
113 1.0131 0.3470 1.5766 1.1673 -0.1180 0.0068 0.1908 1.1461 0.0000 0.0000 0.0000 0.0000 0.0000 0.0000 0.0000 
114 2.9165 2.4740 2.1229 2.6762 0.2190 0.0097 0.1908 1.1461 0.0000 0.0000 0.0000 0.0000 0.0000 0.0000 0.0000 
115 0.9354 0.4537 1.9544 0.7919 0.6650 0.0308 0.1908 1.1461 0.0000 0.0000 0.0000 0.0000 0.0000 0.0000 0.0000 
116 3.0961 1.3927 2.7952 0.8475 -0.6460 0.0740 0.1908 1.1461 0.0000 0.0000 0.0000 0.0000 0.0000 0.0000 0.0000 
117 0.3851 2.0071 2.2075 0.8787 -0.1650 0.0363 0.1908 1.1461 0.0000 0.0000 0.0000 0.0000 0.0000 0.0000 0.0000 
118 2.9190 3.0599 2.1904 3.0848 -0.0730 0.0569 0.1908 1.1461 0.0000 0.0000 0.0000 0.0000 0.0000 0.0000 0.0000 
119 3.0904 0.5506 2.3215 2.3689 0.9270 0.0069 0.1908 1.1461 0.0000 0.0000 0.0000 0.0000 0.0000 0.0000 0.0000 
120 2.3261 1.1328 1.7526 1.8887 -0.7270 0.0950 0.1908 1.1461 0.0000 0.0000 0.0000 0.0000 0.0000 0.0000 0.0000 
121 2.6852 0.2565 1.2412 1.0577 0.1340 0.0093 0.1908 1.1461 0.0000 0.0000 0.0000 0.0000 0.0000 0.0000 0.0000 
122 2.5076 0.4547 0.2876 0.4511 1.1230 0.0114 0.1908 1.1461 0.0000 0.0000 0.0000 0.0000 0.0000 0.0000 0.0000 
123 0.4529 1.4237 2.7331 1.1802 0.7920 0.0663 0.1908 1.1461 0.0000 0.0000 0.0000 0.0000 0.0000 0.0000 0.0000 
124 0.4077 2.1378 1.1118 1.8373 2.0570 0.0069 0.1908 1.1461 0.0000 0.0000 0.0000 0.0000 0.0000 0.0000 0.0000 
125 2.3740 1.4866 2.3303 1.9845 -0.2780 0.0929 0.1908 1.1461 0.0000 0.0000 0.0000 0.0000 0.0000 0.0000 0.0000 
126 2.6908 2.4188 2.8411 2.3699 0.3090 0.0138 0.1908 1.1461 0.0000 0.0000 0.0000 0.0000 0.0000 0.0000 0.0000 
127 0.9584 1.6348 2.4489 2.4866 0.1350 0.0025 0.1908 1.1461 0.0000 0.0000 0.0000 0.0000 0.0000 0.0000 0.0000 
128 2.3214 2.6643 2.6080 1.7456 0.1230 0.0061 0.1908 1.1461 0.0000 0.0000 0.0000 0.0000 0.0000 0.0000 0.0000 
129 2.0482 0.2332 1.5522 2.3105 0.7830 0.0151 0.1908 1.1461 0.0000 0.0000 0.0000 0.0000 0.0000 0.0000 0.0000 
130 2.8785 2.6803 1.4362 0.7984 0.1640 0.1149 0.1908 1.1461 0.0000 0.0000 0.0000 0.0000 0.0000 0.0000 0.0000 
131 2.7935 2.0992 0.6827 0.2146 -0.7150 0.1223 0.1908 1.1461 0.0000 0.0000 0.0000 0.0000 0.0000 0.0000 0.0000 
132 2.7707 1.8541 0.4330 3.1109 0.0100 0.0314 0.1908 1.1461 0.0000 0.0000 0.0000 0.0000 0.0000 0.0000 0.0000 
133 1.8861 2.4075 2.5528 0.8784 -0.8190 0.1150 0.1908 1.1461 0.0000 0.0000 0.0000 0.0000 0.0000 0.0000 0.0000 
134 1.6889 0.6238 1.9628 1.4218 0.3770 0.0422 0.1908 1.1461 0.0000 0.0000 0.0000 0.0000 0.0000 0.0000 0.0000 
135 2.5029 0.4522 0.7252 1.2772 0.4060 0.0016 0.1908 1.1461 0.0000 0.0000 0.0000 0.0000 0.0000 0.0000 0.0000 
136 0.1048 1.3366 3.0277 2.7332 -0.6160 0.0911 0.1908 1.1461 0.0000 0.0000 0.0000 0.0000 0.0000 0.0000 0.0000 
137 0.6476 2.6298 0.7846 0.8289 0.5560 0.0608 0.1908 1.1461 0.0000 0.0000 0.0000 0.0000 0.0000 0.0000 0.0000 
138 2.0393 0.9945 0.7122 0.3605 -0.0640 0.0009 0.1908 1.1461 0.0000 0.0000 0.0000 0.0000 0.0000 0.0000 0.0000 
139 0.6377 0.6854 2.8735 0.2276 1.1620 0.0050 0.1908 1.1461 0.0000 0.0000 0.0000 0.0000 0.0000 0.0000 0.0000 
140 1.7429 0.7454 2.2908 0.1092 0.1990 0.1509 0.1908 1.1461 0.0000 0.0000 0.0000 0.0000 0.0000 0.0000 0.0000 
141 1.2297 2.3438 0.1788 1.3511 0.5610 0.0848 0.1908 1.1461 0.0000 0.0000 0.0000 0.0000 0.0000 0.0000 0.0000 
142 1.0915 1.5727 2.0121 0.3431 1.0160 0.0340 0.1908 1.1461 0.0000 0.0000 0.0000 0.0000 0.0000 0.0000 0.0000 
143 2.7338 0.9213 2.4483 0.5043 -0.4410 0.0261 0.1908 1.1461 0.0000 0.0000 0.0000 0.0000 0.0000 0.0000 0.0000 
144 0.3854 0.6891 0.3551 0.8538 1.8020 0.0252 0.1908 1.1461 0.0000 0.0000 0.0000 0.0000 0.0000 0.0000 0.0000 
145 0.5245 0.3631 2.6910 1.7073 0.1680 0.0139 0.1908 1.1461 0.0000 0.0000 0.0000 0.0000 0.0000 0.0000 0.0000 
146 1.6103 1.6460 2.5653 0.2396 -0.0050 0.0720 0.1908 1.1461 0.0000 0.0000 0.0000 0.0000 0.0000 0.0000 0.0000 
147 0.2379 2.1263 0.1214 1.6381 1.5660 0.0110 0.1908 1.1461 0.0000 0.0000 0.0000 0.0000 0.0000 0.0000 0.0000 
148 2.0007 2.6838 0.1020 1.3226 0.1210 0.0282 0.1908 1.1461 0.0000 0.0000 0.0000 0.0000 0.0000 0.0000 0.0000 
149 1.0519 1.8646 0.2004 2.3934 -0.4010 0.0126 0.1908 1.1461 0.0000 0.0000 0.0000 0.0000 0.0000 0.0000 0.0000 
150 3.0108 1.7689 2.1264 2.6401 0.7880 0.0230 0.1908 1.1461 0.0000 0.0000 0.0000 0.0000 0.0000 0.0000 0.0000 
151 2.6664 2.5922 1.5820 0.3665 -1.5270 0.4834 0.1908 1.1461 0.0000 0.0000 0.0000 0.0000 0.0000 0.0000 0.0000 
152 2.5163 2.6662 2.2320 1.0570 0.5200 0.0741 0.1908 1.1461 0.0000 0.0000 0.0000 0.0000 0.0000 0.0000 0.0000 
153 3.0654 1.9944 1.0502 2.4910 0.3960 0.0323 0.1908 1.1461 0.0000 0.0000 0.0000 0.0000 0.0000 0.0000 0.0000 
154 0.7817 0.8322 2.8534 0.2679 0.3610 0.0099 0.1908 1.1461 0.0000 0.0000 0.0000 0.0000 0.0000 0.0000 0.0000 
155 2.7455 1.3068 1.8399 2.2017 -0.0470 0.0103 0.1908 1.1461 0.0000 0.0000 0.0000 0.0000 0.0000 0.0000 0.0000 
156 2.8453 0.7688 0.3827 1.6578 -1.1160 0.1373 0.1908 1.1461 0.0000 0.0000 0.0000 0.0000 0.0000 0.0000 0.0000 
157 0.7816 1.3901 0.4353 0.3737 1.0660 0.0012 0.1908 1.1461 0.0000 0.0000 0.0000 0.0000 0.0000 0.0000 0.0000 
158 1.8261 0.2575 0.9109 1.2807 0.4250 0.0270 0.1908 1.1461 0.0000 0.0000 0.0000 0.0000 0.0000 0.0000 0.0000 
159 0.3888 2.5503 2.8422 0.1977 -0.7540 0.0680 0.1908 1.1461 0.0000 0.0000 0.0000 0.0000 0.0000 0.0000 0.0000 
160 2.5541 0.6350 2.3189 0.2845 0.8490 0.0077 0.1908 1.1461 0.0000 0.0000 0.0000 0.0000 0.0000 0.0000 0.0000 
161 2.3675 2.9362 0.8880 0.6021 0.2700 0.0478 0.1908 1.1461 0.0000 0.0000 0.0000 0.0000 0.0000 0.0000 0.0000 
162 1.1356 2.7152 2.4730 0.5767 -0.4650 0.0205 0.1908 1.1461 0.0000 0.0000 0.0000 0.0000 0.0000 0.0000 0.0000 
163 2.8430 2.3481 3.0112 3.0586 -0.9480 0.1058 0.1908 1.1461 0.0000 0.0000 0.0000 0.0000 0.0000 0.0000 0.0000 
164 0.5819 2.3131 0.1744 0.6833 -0.5090 0.0905 0.1908 1.1461 0.0000 0.0000 0.0000 0.0000 0.0000 0.0000 0.0000 
165 1.7317 0.8093 0.7639 1.1882 0.7210 0.0575 0.1908 1.1461 0.0000 0.0000 0.0000 0.0000 0.0000 0.0000 0.0000 
166 1.4974 2.8918 1.8679 1.7914 -0.2280 0.0698 0.1908 1.1461 0.0000 0.0000 0.0000 0.0000 0.0000 0.0000 0.0000 
167 2.2877 0.6730 2.5433 2.4201 1.1240 0.0348 0.1908 1.1461 0.0000 0.0000 0.0000 0.0000 0.0000 0.0000 0.0000 
168 2.5767 1.4692 1.7480 0.3276 -0.2680 0.1264 0.1908 1.1461 0.0000 0.0000 0.0000 0.0000 0.0000 0.0000 0.0000 
169 1.4945 2.0579 2.9893 2.8257 0.1190 0.1215 0.1908 1.1461 0.0000 0.0000 0.0000 0.0000 0.0000 0.0000 0.0000 
170 1.1318 2.4005 2.7038 3.0239 -0.0970 0.1803 0.1908 1.1461 0.0000 0.0000 0.0000 0.0000 0.0000 0.0000 0.0000 
171 2.1699 1.1024 2.7570 0.1495 -0.5470 0.0029 0.1908 1.1461 0.0000 0.0000 0.0000 0.0000 0.0000 0.0000 0.0000 
172 1.8261 1.4932 2.7850 1.9893 -0.5200 0.2478 0.1908 1.1461 0.0000 0.0000 0.0000 0.0000 0.0000 0.0000 0.0000 
173 0.7101 0.6034 0.2097 2.3880 -0.1550 0.0920 0.1908 1.1461 0.0000 0.0000 0.0000 0.0000 0.0000 0.0000 0.0000 
174 2.4823 1.2357 0.7803 1.7957 -1.2260 0.2139 0.1908 1.1461 0.0000 0.0000 0.0000 0.0000 0.0000 0.0000 0.0000 
175 0.6946 1.7019 1.1451 1.0706 0.0750 0.0118 0.1908 1.1461 0.0000 0.0000 0.0000 0.0000 0.0000 0.0000 0.0000 
176 2.2021 0.8565 1.1081 1.8152 -0.5110 0.1129 0.1908 1.1461 0.0000 0.0000 0.0000 0.0000 0.0000 0.0000 0.0000 
177 2.9647 0.5567 1.0322 0.9293 0.2010 0.0224 0.1908 1.1461 0.0000 0.0000 0.0000 0.0000 0.0000 0.0000 0.0000 
178 1.0581 1.5834 2.5950 0.6513 -0.4750 0.0142 0.1908 1.1461 0.0000 0.0000 0.0000 0.0000 0.0000 0.0000 0.0000 
179 2.2862 1.4139 1.8397 1.6289 -0.4600 0.1153 0.1908 1.1461 0.0000 0.0000 0.0000 0.0000 0.0000 0.0000 0.0000 
180 1.9340 0.6459 1.9738 1.3230 0.3560 0.0745 0.1908 1.1461 0.0000 0.0000 0.0000 0.0000 0.0000 0.0000 0.0000 
181 2.4849 1.9120 1.3408 3.1022 0.2420 0.0109 0.1908 1.1461 0.0000 0.0000 0.0000 0.0000 0.0000 0.0000 0.0000 
182 0.6446 0.1419 0.4747 2.1981 0.1150 0.0590 0.1908 1.1461 0.0000 0.0000 0.0000 0.0000 0.0000 0.0000 0.0000 
183 0.3794 2.3368 0.3686 1.0044 1.0140 0.0044 0.1908 1.1461 0.0000 0.0000 0.0000 0.0000 0.0000 0.0000 0.0000 
184 1.9927 0.1632 1.4166 3.1396 0.3570 0.0272 0.1908 1.1461 0.0000 0.0000 0.0000 0.0000 0.0000 0.0000 0.0000 
185 2.3139 1.2839 2.8631 1.8313 -0.8490 0.2266 0.1908 1.1461 0.0000 0.0000 0.0000 0.0000 0.0000 0.0000 0.0000 
186 2.5664 1.1458 1.2608 2.2307 0.0310 0.0102 0.1908 1.1461 0.0000 0.0000 0.0000 0.0000 0.0000 0.0000 0.0000 
187 2.4144 2.2067 0.5572 1.3817 1.6090 0.0025 0.1908 1.1461 0.0000 0.0000 0.0000 0.0000 0.0000 0.0000 0.0000 
188 1.0679 0.8040 0.4537 2.3759 -0.6920 0.1420 0.1908 1.1461 0.0000 0.0000 0.0000 0.0000 0.0000 0.0000 0.0000 
189 0.5305 1.1761 0.1571 2.2436 0.9420 0.0002 0.1908 1.1461 0.0000 0.0000 0.0000 0.0000 0.0000 0.0000 0.0000 
190 2.0020 0.3376 2.9900 3.1264 0.7670 0.0346 0.1908 1.1461 0.0000 0.0000 0.0000 0.0000 0.0000 0.0000 0.0000 
191 2.3813 2.5508 2.2399 0.1670 -1.0290 0.2424 0.1908 1.1461 0.0000 0.0000 0.0000 0.0000 0.0000 0.0000 0.0000 
192 0.9307 0.8203 0.1658 2.0416 -0.3860 0.1870 0.1908 1.1461 0.0000 0.0000 0.0000 0.0000 0.0000 0.0000 0.0000 
193 1.8982 1.2015 2.3759 0.8126 -0.1890 0.0915 0.1908 1.1461 0.0000 0.0000 0.0000 0.0000 0.0000 0.0000 0.0000 
194 0.9540 0.4500 0.8155 2.6877 0.4420 0.1173 0.1908 1.1461 0.0000 0.0000 0.0000 0.0000 0.0000 0.0000 0.0000 
195 1.5904 2.3407 2.7395 2.1269 0.7190 0.0039 0.1908 1.1461 0.0000 0.0000 0.0000 0.0000 0.0000 0.0000 0.0000 
196 1.1985 3.0420 0.3436 1.3565 -0.4760 0.0045 0.1908 1.1461 0.0000 0.0000 0.0000 0.0000 0.0000 0.0000 0.0000 
197 2.7919 2.1750 1.1757 2.6159 0.0220 0.0306 0.1908 1.1461 0.0000 0.0000 0.0000 0.0000 0.0000 0.0000 0.0000 
198 2.4051 2.3003 0.9106 2.1683 -0.4920 0.0936 0.1908 1.1461 0.0000 0.0000 0.0000 0.0000 0.0000 0.0000 0.0000 
199 2.0948 2.6550 1.6601 2.9265 -0.1960 0.1416 0.1908 1.1461 0.0000 0.0000 0.0000 0.0000 0.0000 0.0000 0.0000 
200 2.2903 0.7372 1.8593 0.6971 -0.4180 0.0962 0.1908 1.1461 0.0000 0.0000 0.0000 0.0000 0.0000 0.0000 0.0000 
201 1.9780 1.0905 3.1353 1.1409 -0.0840 0.0867 0.1908 1.1461 0.0000 0.0000 0.0000 0.0000 0.0000 0.0000 0.0000 
202 2.5023 2.6425 1.2358 1.8915 -0.3750 0.0792 0.1908 1.1461 0.0000 0.0000 0.0000 0.0000 0.0000 0.0000 0.0000 
203 0.8080 1.2417 1.4359 2.2642 0.0750 0.0377 0.1908 1.1461 0.0000 0.0000 0.0000 0.0000 0.0000 0.0000 0.0000 
204 1.6457 0.5893 2.0739 1.6696 0.4270 0.0162 0.1908 1.1461 0.0000 0.0000 0.0000 0.0000 0.0000 0.0000 0.0000 
205 1.6973 1.4553 2.7364 2.0900 -0.3230 0.1656 0.1908 1.1461 0.0000 0.0000 0.0000 0.0000 0.0000 0.0000 0.0000 
206 2.1124 1.6248 1.3221 1.3990 -0.1150 0.0452 0.1908 1.1461 0.0000 0.0000 0.0000 0.0000 0.0000 0.0000 0.0000 
207 2.1648 1.4319 0.3114 0.7714 -0.1510 0.0314 0.1908 1.1461 0.0000 0.0000 0.0000 0.0000 0.0000 0.0000 0.0000 
208 0.2627 0.2494 1.1927 1.2491 -0.6220 0.0058 0.1908 1.1461 0.0000 0.0000 0.0000 0.0000 0.0000 0.0000 0.0000 
209 1.4882 0.7118 0.8088 1.4600 0.3120 0.0593 0.1908 1.1461 0.0000 0.0000 0.0000 0.0000 0.0000 0.0000 0.0000 
210 0.9834 0.8936 1.5953 2.4227 0.2240 0.0726 0.1908 1.1461 0.0000 0.0000 0.0000 0.0000 0.0000 0.0000 0.0000 
211 0.2847 0.1414 1.4625 2.8198 0.1280 0.1934 0.1908 1.1461 0.0000 0.0000 0.0000 0.0000 0.0000 0.0000 0.0000 
212 2.0221 1.2099 3.0587 2.1647 0.2050 0.0297 0.1908 1.1461 0.0000 0.0000 0.0000 0.0000 0.0000 0.0000 0.0000 
213 2.6106 2.6617 0.2181 0.6928 1.5100 0.0220 0.1908 1.1461 0.0000 0.0000 0.0000 0.0000 0.0000 0.0000 0.0000 
214 2.5055 1.2898 2.8383 0.3166 -0.2750 0.0388 0.1908 1.1461 0.0000 0.0000 0.0000 0.0000 0.0000 0.0000 0.0000 
215 2.9528 1.9876 1.3514 2.6233 0.1750 0.0680 0.1908 1.1461 0.0000 0.0000 0.0000 0.0000 0.0000 0.0000 0.0000 
216 1.7288 1.4976 0.6606 2.4844 0.5180 0.0881 0.1908 1.1461 0.0000 0.0000 0.0000 0.0000 0.0000 0.0000 0.0000 
217 0.5448 1.0129 0.3680 0.1480 1.5650 0.0201 0.1908 1.1461 0.0000 0.0000 0.0000 0.0000 0.0000 0.0000 0.0000 
218 1.0036 0.2349 1.5272 1.1553 0.0900 0.0098 0.1908 1.1461 0.0000 0.0000 0.0000 0.0000 0.0000 0.0000 0.0000 
219 0.1550 1.5110 0.9711 0.8042 0.3440 0.0143 0.1908 1.1461 0.0000 0.0000 0.0000 0.0000 0.0000 0.0000 0.0000 
220 1.7460 1.1117 0.2656 2.9316 -0.5140 0.0859 0.1908 1.1461 0.0000 0.0000 0.0000 0.0000 0.0000 0.0000 0.0000 
221 3.0554 0.8205 2.1053 1.8794 -0.6410 0.0488 0.1908 1.1461 0.0000 0.0000 0.0000 0.0000 0.0000 0.0000 0.0000 
222 0.8561 1.7370 0.9072 0.9371 0.2810 0.0076 0.1908 1.1461 0.0000 0.0000 0.0000 0.0000 0.0000 0.0000 0.0000 
223 1.4791 0.2371 0.7996 3.0922 0.2890 0.0070 0.1908 1.1461 0.0000 0.0000 0.0000 0.0000 0.0000 0.0000 0.0000 
224 2.4425 1.1082 3.1315 1.1003 0.0960 0.0579 0.1908 1.1461 0.0000 0.0000 0.0000 0.0000 0.0000 0.0000 0.0000 
225 2.6891 1.0809 2.8196 1.4750 -1.2310 0.1378 0.1908 1.1461 0.0000 0.0000 0.0000 0.0000 0.0000 0.0000 0.0000 
226 2.7518 0.5164 1.2996 1.1482 0.2240 0.0044 0.1908 1.1461 0.0000 0.0000 0.0000 0.0000 0.0000 0.0000 0.0000 
227 2.4777 2.7324 0.5124 1.3473 1.3700 0.0339 0.1908 1.1461 0.0000 0.0000 0.0000 0.0000 0.0000 0.0000 0.0000 
228 0.6250 0.3003 0.4958 0.3244 1.6830 0.0070 0.1908 1.1461 0.0000 0.0000 0.0000 0.0000 0.0000 0.0000 0.0000 
229 1.0178 1.4102 2.8514 2.0828 -0.3820 0.1133 0.1908 1.1461 0.0000 0.0000 0.0000 0.0000 0.0000 0.0000 0.0000 
230 2.4140 1.1055 1.0786 1.3532 -0.6020 0.1047 0.1908 1.1461 0.0000 0.0000 0.0000 0.0000 0.0000 0.0000 0.0000 
231 0.8079 0.1608 0.9376 2.9239 0.1860 0.1391 0.1908 1.1461 0.0000 0.0000 0.0000 0.0000 0.0000 0.0000 0.0000 
232 0.2553 1.6331 0.8054 2.4195 0.0910 0.1319 0.1908 1.1461 0.0000 0.0000 0.0000 0.0000 0.0000 0.0000 0.0000 
233 0.2159 1.6521 2.3051 1.5063 0.3590 0.0454 0.1908 1.1461 0.0000 0.0000 0.0000 0.0000 0.0000 0.0000 0.0000 
234 0.5365 2.8037 0.1582 2.9185 -1.2780 0.1894 0.1908 1.1461 0.0000 0.0000 0.0000 0.0000 0.0000 0.0000 0.0000 
235 2.5885 2.7886 2.7325 1.2245 0.1760 0.0901 0.1908 1.1461 0.0000 0.0000 0.0000 0.0000 0.0000 0.0000 0.0000 
236 2.0045 1.5297 1.8792 1.2553 -0.3110 0.0917 0.1908 1.1461 0.0000 0.0000 0.0000 0.0000 0.0000 0.0000 0.0000 
237 2.6994 1.0363 1.8070 0.3073 0.6080 0.0602 0.1908 1.1461 0.0000 0.0000 0.0000 0.0000 0.0000 0.0000 0.0000 
238 0.2783 2.7920 1.1848 1.2391 -0.1630 0.0053 0.1908 1.1461 0.0000 0.0000 0.0000 0.0000 0.0000 0.0000 0.0000 
239 3.0980 2.2974 0.5728 1.7515 0.0820 0.0614 0.1908 1.1461 0.0000 0.0000 0.0000 0.0000 0.0000 0.0000 0.0000 
240 1.5693 1.9388 0.9293 0.9385 0.6570 0.0339 0.1908 1.1461 0.0000 0.0000 0.0000 0.0000 0.0000 0.0000 0.0000 
241 2.9734 1.9130 1.7754 2.2039 -0.4100 0.0490 0.1908 1.1461 0.0000 0.0000 0.0000 0.0000 0.0000 0.0000 0.0000 
242 2.3878 0.6442 2.4813 1.5683 -0.0300 0.0388 0.1908 1.1461 0.0000 0.0000 0.0000 0.0000 0.0000 0.0000 0.0000 
243 0.5577 1.0625 3.1136 2.6703 -0.2310 0.0721 0.1908 1.1461 0.0000 0.0000 0.0000 0.0000 0.0000 0.0000 0.0000 
244 2.8476 1.6225 2.0354 1.3052 0.6710 0.0121 0.1908 1.1461 0.0000 0.0000 0.0000 0.0000 0.0000 0.0000 0.0000 
245 2.3349 1.7294 1.1875 3.0729 0.2680 0.0362 0.1908 1.1461 0.0000 0.0000 0.0000 0.0000 0.0000 0.0000 0.0000 
246 1.6237 0.2228 2.5767 0.3917 -0.4830 0.1193 0.1908 1.1461 0.0000 0.0000 0.0000 0.0000 0.0000 0.0000 0.0000 
247 0.9515 1.4780 0.7437 1.4666 -0.3880 0.1178 0.1908 1.1461 0.0000 0.0000 0.0000 0.0000 0.0000 0.0000 0.0000 
248 1.4379 1.7124 2.0835 2.1848 -0.7100 0.0553 0.1908 1.1461 0.0000 0.0000 0.0000 0.0000 0.0000 0.0000 0.0000 
249 0.2532 0.8212 0.4547 1.1125 0.6910 0.0786 0.1908 1.1461 0.0000 0.0000 0.0000 0.0000 0.0000 0.0000 0.0000 
250 1.4897 2.6909 0.1429 2.5644 0.2110 0.0102 0.1908 1.1461 0.0000 0.0000 0.0000 0.0000 0.0000 0.0000 0.0000 
251 0.5738 2.3528 2.6806 3.0994 -0.7670 0.1075 0.1908 1.1461 0.0000 0.0000 0.0000 0.0000 0.0000 0.0000 0.0000 
252 1.8508 0.2685 0.9742 1.4253 0.4730 0.0285 0.1908 1.1461 0.0000 0.0000 0.0000 0.0000 0.0000 0.0000 0.0000 
253 2.1517 3.0461 2.7659 0.2920 -0.5480 0.3099 0.1908 1.1461 0.0000 0.0000 0.0000 0.0000 0.0000 0.0000 0.0000 
254 0.4914 2.0819 0.7301 1.8749 1.9460 0.0096 0.1908 1.1461 0.0000 0.0000 0.0000 0.0000 0.0000 0.0000 0.0000 
255 1.6488 1.7575 1.1619 2.8687 1.1690 0.0663 0.1908 1.1461 0.0000 0.0000 0.0000 0.0000 0.0000 0.0000 0.0000 
256 0.9926 1.1978 0.5918 0.9814 0.1360 0.0594 0.1908 1.1461 0.0000 0.0000 0.0000 0.0000 0.0000 0.0000 0.0000 
257 0.5041 2.0447 0.1624 0.8382 -0.8670 0.1288 0.1908 1.1461 0.0000 0.0000 0.0000 0.0000 0.0000 0.0000 0.0000 
258 2.5575 2.6913 1.1332 2.3346 0.3040 0.0431 0.1908 1.1461 0.0000 0.0000 0.0000 0.0000 0.0000 0.0000 0.0000 
259 2.5636 2.0775 1.9891 2.3928 -0.2430 0.0670 0.1908 1.1461 0.0000 0.0000 0.0000 0.0000 0.0000 0.0000 0.0000 
260 1.0720 1.1068 0.8797 0.8024 0.3680 0.0145 0.1908 1.1461 0.0000 0.0000 0.0000 0.0000 0.0000 0.0000 0.0000 
261 1.6613 1.7403 0.6804 0.3595 0.4110 0.0062 0.1908 1.1461 0.0000 0.0000 0.0000 0.0000 0.0000 0.0000 0.0000 
262 0.1750 0.7482 0.5748 1.9891 -0.6660 0.0210 0.1908 1.1461 0.0000 0.0000 0.0000 0.0000 0.0000 0.0000 0.0000 
263 2.5689 1.7256 2.0587 1.3811 1.1340 0.0052 0.1908 1.1461 0.0000 0.0000 0.0000 0.0000 0.0000 0.0000 0.0000 
264 0.3265 2.3727 2.4293 0.5492 -0.1000 0.0044 0.1908 1.1461 0.0000 0.0000 0.0000 0.0000 0.0000 0.0000 0.0000 
265 1.0444 2.1761 2.2465 0.5987 0.0630 0.0096 0.1908 1.1461 0.0000 0.0000 0.0000 0.0000 0.0000 0.0000 0.0000 
266 1.2774 1.2727 1.7601 2.5945 -0.3100 0.0683 0.1908 1.1461 0.0000 0.0000 0.0000 0.0000 0.0000 0.0000 0.0000 
267 0.5453 1.2437 2.9063 0.6398 1.7330 0.0040 0.1908 1.1461 0.0000 0.0000 0.0000 0.0000 0.0000 0.0000 0.0000 
268 0.6374 2.4907 1.9976 1.5477 0.8400 0.0068 0.1908 1.1461 0.0000 0.0000 0.0000 0.0000 0.0000 0.0000 0.0000 
269 1.4945 0.2895 2.0495 0.9044 -0.2220 0.1220 0.1908 1.1461 0.0000 0.0000 0.0000 0.0000 0.0000 0.0000 0.0000 
270 1.4424 2.9251 1.6083 1.3006 -0.2770 0.1113 0.1908 1.1461 0.0000 0.0000 0.0000 0.0000 0.0000 0.0000 0.0000 
271 1.1723 0.9660 1.9796 2.2789 0.5050 0.0650 0.1908 1.1461 0.0000 0.0000 0.0000 0.0000 0.0000 0.0000 0.0000 
272 0.4507 0.1134 1.3014 0.6034 0.3680 0.1467 0.1908 1.1461 0.0000 0.0000 0.0000 0.0000 0.0000 0.0000 0.0000 
273 1.9210 0.5894 1.6339 1.5435 0.4040 0.0207 0.1908 1.1461 0.0000 0.0000 0.0000 0.0000 0.0000 0.0000 0.0000 
274 3.0601 1.0736 0.8972 1.1266 -0.1380 0.0087 0.1908 1.1461 0.0000 0.0000 0.0000 0.0000 0.0000 0.0000 0.0000 
275 2.1052 0.8311 0.8353 2.2632 0.0160 0.0417 0.1908 1.1461 0.0000 0.0000 0.0000 0.0000 0.0000 0.0000 0.0000 
276 1.7106 0.3172 2.6745 0.4856 -0.4120 0.1648 0.1908 1.1461 0.0000 0.0000 0.0000 0.0000 0.0000 0.0000 0.0000 
277 1.0013 1.7611 1.4889 2.4291 -0.4690 0.0011 0.1908 1.1461 0.0000 0.0000 0.0000 0.0000 0.0000 0.0000 0.0000 
278 0.5509 2.0913 0.6447 0.4536 0.6420 0.0176 0.1908 1.1461 0.0000 0.0000 0.0000 0.0000 0.0000 0.0000 0.0000 
279 2.2257 2.4604 0.4283 0.2013 -0.2810 0.1638 0.1908 1.1461 0.0000 0.0000 0.0000 0.0000 0.0000 0.0000 0.0000 
280 0.7106 1.8479 0.1963 2.9911 -0.1980 0.0680 0.1908 1.1461 0.0000 0.0000 0.0000 0.0000 0.0000 0.0000 0.0000 
281 0.1555 2.3573 2.5482 1.2686 0.3700 0.0274 0.1908 1.1461 0.0000 0.0000 0.0000 0.0000 0.0000 0.0000 0.0000 
282 2.5789 0.6336 2.4572 1.8483 -0.2720 0.0599 0.1908 1.1461 0.0000 0.0000 0.0000 0.0000 0.0000 0.0000 0.0000 
283 2.6895 2.5151 2.4935 2.7276 -0.0320 0.0399 0.1908 1.1461 0.0000 0.0000 0.0000 0.0000 0.0000 0.0000 0.0000 
284 0.8735 0.1956 0.6208 2.3733 -0.1540 0.1870 0.1908 1.1461 0.0000 0.0000 0.0000 0.0000 0.0000 0.0000 0.0000 
285 1.6750 1.6013 1.5392 0.1764 -0.1500 0.0677 0.1908 1.1461 0.0000 0.0000 0.0000 0.0000 0.0000 0.0000 0.0000 
286 2.9165 1.8305 1.8800 1.6035 0.8630 0.0202 0.1908 1.1461 0.0000 0.0000 0.0000 0.0000 0.0000 0.0000 0.0000 
287 2.7909 1.5376 1.7393 2.5287 0.3010 0.1179 0.1908 1.1461 0.0000 0.0000 0.0000 0.0000 0.0000 0.0000 0.0000 
288 0.5509 2.6117 1.9995 1.1114 -0.3080 0.0750 0.1908 1.1461 0.0000 0.0000 0.0000 0.0000 0.0000 0.0000 0.0000 
289 0.5517 1.6669 0.9927 0.1057 0.3690 0.0301 0.1908 1.1461 0.0000 0.0000 0.0000 0.0000 0.0000 0.0000 0.0000 
290 2.6082 2.3749 2.8363 2.4193 -0.0290 0.0374 0.1908 1.1461 0.0000 0.0000 0.0000 0.0000 0.0000 0.0000 0.0000 
291 1.3347 2.8803 0.8309 0.8839 0.4080 0.0154 0.1908 1.1461 0.0000 0.0000 0.0000 0.0000 0.0000 0.0000 0.0000 
292 1.5254 2.1615 0.4017 0.2753 0.6330 0.0775 0.1908 1.1461 0.0000 0.0000 0.0000 0.0000 0.0000 0.0000 0.0000 
293 2.9332 0.1422 2.3583 1.5267 0.0180 0.0496 0.1908 1.1461 0.0000 0.0000 0.0000 0.0000 0.0000 0.0000 0.0000 
294 3.0196 2.7133 1.5119 1.7633 -0.1490 0.0254 0.1908 1.1461 0.0000 0.0000 0.0000 0.0000 0.0000 0.0000 0.0000 
295 2.2198 0.8949 0.1591 3.1142 0.3120 0.0095 0.1908 1.1461 0.0000 0.0000 0.0000 0.0000 0.0000 0.0000 0.0000 
296 1.7535 2.5331 1.7369 0.3310 0.2170 0.1491 0.1908 1.1461 0.0000 0.0000 0.0000 0.0000 0.0000 0.0000 0.0000 
297 0.4127 0.8139 3.0362 2.5815 -0.2930 0.0962 0.1908 1.1461 0.0000 0.0000 0.0000 0.0000 0.0000 0.0000 0.0000 
298 0.9901 1.4578 3.0448 1.6373 -0.4500 0.1363 0.1908 1.1461 0.0000 0.0000 0.0000 0.0000 0.0000 0.0000 0.0000 
299 1.0636 1.7082 0.6131 1.8322 0.7470 0.0287 0.1908 1.1461 0.0000 0.0000 0.0000 0.0000 0.0000 0.0000 0.0000 
300 0.3181 1.6826 0.4378 0.2193 0.9440 0.0031 0.1908 1.1461 0.0000 0.0000 0.0000 0.0000 0.0000 0.0000 0.0000 
301 2.3968 1.6361 0.5858 1.3129 0.1480 0.0263 0.1908 1.1461 0.0000 0.0000 0.0000 0.0000 0.0000 0.0000 0.0000 
302 2.7999 1.1982 0.9305 1.5606 -1.3420 0.1595 0.1908 1.1461 0.0000 0.0000 0.0000 0.0000 0.0000 0.0000 0.0000 
303 2.8231 1.9734 1.5406 2.0091 0.0750 0.0086 0.1908 1.1461 0.0000 0.0000 0.0000 0.0000 0.0000 0.0000 0.0000 
304 1.1728 2.9426 0.9283 0.7651 0.4200 0.0227 0.1908 1.1461 0.0000 0.0000 0.0000 0.0000 0.0000 0.0000 0.0000 
305 1.5829 2.5360 2.4488 2.1092 0.5460 0.0187 0.1908 1.1461 0.0000 0.0000 0.0000 0.0000 0.0000 0.0000 0.0000 
306 0.1064 2.5312 2.8731 0.4827 0.9600 0.0079 0.1908 1.1461 0.0000 0.0000 0.0000 0.0000 0.0000 0.0000 0.0000 
307 0.6975 0.7645 0.4959 0.5428 2.5300 0.0025 0.1908 1.1461 0.0000 0.0000 0.0000 0.0000 0.0000 0.0000 0.0000 
308 1.6270 2.2133 1.5128 1.7434 0.2340 0.0928 0.1908 1.1461 0.0000 0.0000 0.0000 0.0000 0.0000 0.0000 0.0000 
309 2.1898 2.6090 3.0587 2.2479 0.6070 0.0348 0.1908 1.1461 0.0000 0.0000 0.0000 0.0000 0.0000 0.0000 0.0000 
310 1.6114 0.2712 0.9955 0.6860 0.7180 0.0136 0.1908 1.1461 0.0000 0.0000 0.0000 0.0000 0.0000 0.0000 0.0000 
311 3.0178 2.3137 0.4902 1.1280 0.8030 0.0141 0.1908 1.1461 0.0000 0.0000 0.0000 0.0000 0.0000 0.0000 0.0000 
312 1.3829 2.0107 3.0630 1.1127 -0.2220 0.0738 0.1908 1.1461 0.0000 0.0000 0.0000 0.0000 0.0000 0.0000 0.0000 
313 2.2255 1.3556 2.8503 1.6242 -0.5920 0.1726 0.1908 1.1461 0.0000 0.0000 0.0000 0.0000 0.0000 0.0000 0.0000 
314 2.4320 1.8736 2.2891 2.3962 0.3770 0.0281 0.1908 1.1461 0.0000 0.0000 0.0000 0.0000 0.0000 0.0000 0.0000 
315 1.2873 1.4575 1.9875 2.2732 -0.9150 0.0524 0.1908 1.1461 0.0000 0.0000 0.0000 0.0000 0.0000 0.0000 0.0000 
316 1.9030 1.1934 1.5868 1.6503 -0.5150 0.2849 0.1908 1.1461 0.0000 0.0000 0.0000 0.0000 0.0000 0.0000 0.0000 
317 1.2601 1.0769 0.2973 0.3022 0.4570 0.0217 0.1908 1.1461 0.0000 0.0000 0.0000 0.0000 0.0000 0.0000 0.0000 
318 0.5733 0.3656 1.2332 3.0475 1.3050 0.0110 0.1908 1.1461 0.0000 0.0000 0.0000 0.0000 0.0000 0.0000 0.0000 
319 1.3188 2.8753 2.1942 2.9307 0.1850 0.1352 0.1908 1.1461 0.0000 0.0000 0.0000 0.0000 0.0000 0.0000 0.0000 
320 2.0820 3.0122 2.5480 0.3406 -0.7360 0.3562 0.1908 1.1461 0.0000 0.0000 0.0000 0.0000 0.0000 0.0000 0.0000 
321 0.1079 3.0238 1.1369 2.0897 0.5590 0.0040 0.1908 1.1461 0.0000 0.0000 0.0000 0.0000 0.0000 0.0000 0.0000 
322 2.9999 3.1008 1.6967 1.0997 0.5840 0.0004 0.1908 1.1461 0.0000 0.0000 0.0000 0.0000 0.0000 0.0000 0.0000 
323 1.8962 2.2199 0.3850 2.5436 -0.7560 0.0694 0.1908 1.1461 0.0000 0.0000 0.0000 0.0000 0.0000 0.0000 0.0000 
324 0.1113 1.2799 2.6662 2.7983 -1.1010 0.1478 0.1908 1.1461 0.0000 0.0000 0.0000 0.0000 0.0000 0.0000 0.0000 
325 2.7214 2.7307 1.4839 1.3921 1.0370 0.0733 0.1908 1.1461 0.0000 0.0000 0.0000 0.0000 0.0000 0.0000 0.0000 
326 1.5554 1.6721 0.7610 1.2296 -0.2190 0.0396 0.1908 1.1461 0.0000 0.0000 0.0000 0.0000 0.0000 0.0000 0.0000 
327 1.5576 0.1568 1.8396 0.2962 -0.6560 0.0936 0.1908 1.1461 0.0000 0.0000 0.0000 0.0000 0.0000 0.0000 0.0000 
328 1.8015 0.2802 0.6624 1.4934 0.3620 0.0420 0.1908 1.1461 0.0000 0.0000 0.0000 0.0000 0.0000 0.0000 0.0000 
329 2.4114 3.1064 2.4292 2.5887 0.3160 0.1108 0.1908 1.1461 0.0000 0.0000 0.0000 0.0000 0.0000 0.0000 0.0000 
330 1.4243 1.6748 1.7630 3.0475 -0.0700 0.0730 0.1908 1.1461 0.0000 0.0000 0.0000 0.0000 0.0000 0.0000 0.0000 
331 2.6798 0.1395 2.1991 2.2885 -0.0870 0.1122 0.1908 1.1461 0.0000 0.0000 0.0000 0.0000 0.0000 0.0000 0.0000 
332 2.8096 2.9294 1.3052 1.3611 0.5950 0.0615 0.1908 1.1461 0.0000 0.0000 0.0000 0.0000 0.0000 0.0000 0.0000 
333 0.8162 0.6848 2.7713 2.3568 0.7750 0.0356 0.1908 1.1461 0.0000 0.0000 0.0000 0.0000 0.0000 0.0000 0.0000 
334 2.6251 1.0833 2.4228 0.1491 0.1830 0.0487 0.1908 1.1461 0.0000 0.0000 0.0000 0.0000 0.0000 0.0000 0.0000 
335 1.6157 1.0501 1.0137 3.1084 -0.4470 0.0352 0.1908 1.1461 0.0000 0.0000 0.0000 0.0000 0.0000 0.0000 0.0000 
336 0.1097 3.0047 2.1327 3.1208 -0.4370 0.0867 0.1908 1.1461 0.0000 0.0000 0.0000 0.0000 0.0000 0.0000 0.0000 
337 1.3336 2.8366 1.7778 1.8519 -0.0630 0.0759 0.1908 1.1461 0.0000 0.0000 0.0000 0.0000 0.0000 0.0000 0.0000 
338 2.0091 0.8955 1.9413 0.6344 -0.3730 0.1314 0.1908 1.1461 0.0000 0.0000 0.0000 0.0000 0.0000 0.0000 0.0000 
339 0.1988 2.2932 0.1808 2.9025 -0.8440 0.0968 0.1908 1.1461 0.0000 0.0000 0.0000 0.0000 0.0000 0.0000 0.0000 
340 0.7892 2.8714 1.0352 2.2763 0.2160 0.0101 0.1908 1.1461 0.0000 0.0000 0.0000 0.0000 0.0000 0.0000 0.0000 
341 1.1297 2.2127 0.6489 0.7941 1.1920 0.0023 0.1908 1.1461 0.0000 0.0000 0.0000 0.0000 0.0000 0.0000 0.0000 
342 0.9115 3.0880 2.8425 1.2761 0.0320 0.0259 0.1908 1.1461 0.0000 0.0000 0.0000 0.0000 0.0000 0.0000 0.0000 
343 3.0132 2.9434 0.5329 1.9822 0.5720 0.0506 0.1908 1.1461 0.0000 0.0000 0.0000 0.0000 0.0000 0.0000 0.0000 
344 0.7458 1.1483 1.0265 0.7810 0.1710 0.0213 0.1908 1.1461 0.0000 0.0000 0.0000 0.0000 0.0000 0.0000 0.0000 
345 1.8840 0.7610 1.1094 0.5288 0.0290 0.0138 0.1908 1.1461 0.0000 0.0000 0.0000 0.0000 0.0000 0.0000 0.0000 
346 0.9131 2.4555 0.9731 3.0482 -0.6750 0.1670 0.1908 1.1461 0.0000 0.0000 0.0000 0.0000 0.0000 0.0000 0.0000 
347 0.4368 0.1841 0.8576 1.6657 0.2240 0.0376 0.1908 1.1461 0.0000 0.0000 0.0000 0.0000 0.0000 0.0000 0.0000 
348 1.0443 1.3173 2.3751 2.1155 -0.2600 0.0365 0.1908 1.1461 0.0000 0.0000 0.0000 0.0000 0.0000 0.0000 0.0000 
349 0.8339 2.7748 1.1971 1.8363 0.5620 0.0591 0.1908 1.1461 0.0000 0.0000 0.0000 0.0000 0.0000 0.0000 0.0000 
350 1.1957 2.4019 1.8589 1.6157 0.0400 0.0401 0.1908 1.1461 0.0000 0.0000 0.0000 0.0000 0.0000 0.0000 0.0000 
351 0.6249 0.3343 0.8939 2.6856 0.3660 0.1273 0.1908 1.1461 0.0000 0.0000 0.0000 0.0000 0.0000 0.0000 0.0000 
352 2.9147 1.3339 0.3208 0.7049 -1.1570 0.0722 0.1908 1.1461 0.0000 0.0000 0.0000 0.0000 0.0000 0.0000 0.0000 
353 2.9449 0.4903 1.3661 0.3205 0.7230 0.1105 0.1908 1.1461 0.0000 0.0000 0.0000 0.0000 0.0000 0.0000 0.0000 
354 1.6089 1.1484 3.0919 3.0906 -0.5060 0.0005 0.1908 1.1461 0.0000 0.0000 0.0000 0.0000 0.0000 0.0000 0.0000 
355 1.6302 2.6408 2.1496 1.5068 -0.3830 0.0246 0.1908 1.1461 0.0000 0.0000 0.0000 0.0000 0.0000 0.0000 0.0000 
356 2.4440 0.2043 0.6116 2.6098 -0.0600 0.1144 0.1908 1.1461 0.0000 0.0000 0.0000 0.0000 0.0000 0.0000 0.0000 
357 1.6742 2.1785 1.9402 2.6596 0.6770 0.0068 0.1908 1.1461 0.0000 0.0000 0.0000 0.0000 0.0000 0.0000 0.0000 
358 0.8655 0.6383 0.9796 2.7401 0.7830 0.0324 0.1908 1.1461 0.0000 0.0000 0.0000 0.0000 0.0000 0.0000 0.0000 
359 1.6330 2.4223 2.4484 1.1420 -0.5890 0.0032 0.1908 1.1461 0.0000 0.0000 0.0000 0.0000 0.0000 0.0000 0.0000 
360 2.3419 2.4939 1.6511 1.6995 0.2720 0.0271 0.1908 1.1461 0.0000 0.0000 0.0000 0.0000 0.0000 0.0000 0.0000 
361 1.5322 1.4837 0.7406 1.8451 0.1740 0.0147 0.1908 1.1461 0.0000 0.0000 0.0000 0.0000 0.0000 0.0000 0.0000 
362 2.7056 0.8747 1.3702 1.2353 -0.6840 0.0440 0.1908 1.1461 0.0000 0.0000 0.0000 0.0000 0.0000 0.0000 0.0000 
363 1.0012 2.9176 2.3144 0.3632 -0.8980 0.1298 0.1908 1.1461 0.0000 0.0000 0.0000 0.0000 0.0000 0.0000 0.0000 
364 1.6713 1.1626 1.2112 0.4357 -0.0320 0.0254 0.1908 1.1461 0.0000 0.0000 0.0000 0.0000 0.0000 0.0000 0.0000 
365 1.9322 1.1933 2.1606 0.4657 -0.1550 0.0612 0.1908 1.1461 0.0000 0.0000 0.0000 0.0000 0.0000 0.0000 0.0000 
366 1.6749 1.4490 2.0442 0.2902 0.4420 0.0238 0.1908 1.1461 0.0000 0.0000 0.0000 0.0000 0.0000 0.0000 0.0000 
367 2.4960 1.6990 0.8652 0.6078 -0.0350 0.0350 0.1908 1.1461 0.0000 0.0000 0.0000 0.0000 0.0000 0.0000 0.0000 
368 2.5749 0.1389 1.8835 1.0338 0.2270 0.0186 0.1908 1.1461 0.0000 0.0000 0.0000 0.0000 0.0000 0.0000 0.0000 
369 1.1434 3.0390 0.5206 0.6608 0.3630 0.1360 0.1908 1.1461 0.0000 0.0000 0.0000 0.0000 0.0000 0.0000 0.0000 
370 0.1345 1.2123 0.3306 0.2343 1.3750 0.0158 0.1908 1.1461 0.0000 0.0000 0.0000 0.0000 0.0000 0.0000 0.0000 
371 2.1789 2.9732 0.6120 1.9275 -0.2280 0.0405 0.1908 1.1461 0.0000 0.0000 0.0000 0.0000 0.0000 0.0000 0.0000 
372 3.0302 0.6383 0.5709 1.6367 -0.4100 0.0836 0.1908 1.1461 0.0000 0.0000 0.0000 0.0000 0.0000 0.0000 0.0000 
373 0.2581 1.8639 2.6365 2.7766 -1.0510 0.1125 0.1908 1.1461 0.0000 0.0000 0.0000 0.0000 0.0000 0.0000 0.0000 
374 0.4462 1.7931 1.6330 1.4716 0.9180 0.0122 0.1908 1.1461 0.0000 0.0000 0.0000 0.0000 0.0000 0.0000 0.0000 
375 0.6592 1.9424 0.5633 2.1751 0.6360 0.0535 0.1908 1.1461 0.0000 0.0000 0.0000 0.0000 0.0000 0.0000 0.0000 
376 0.3709 0.1030 2.7007 1.1249 0.0460 0.0791 0.1908 1.1461 0.0000 0.0000 0.0000 0.0000 0.0000 0.0000 0.0000 
377 1.3430 1.6609 1.5565 0.1533 0.3070 0.0472 0.1908 1.1461 0.0000 0.0000 0.0000 0.0000 0.0000 0.0000 0.0000 
378 2.5905 3.0757 1.0230 0.9710 -0.2110 0.0405 0.1908 1.1461 0.0000 0.0000 0.0000 0.0000 0.0000 0.0000 0.0000 
379 0.9454 2.1081 1.7035 1.8003 0.9100 0.0034 0.1908 1.1461 0.0000 0.0000 0.0000 0.0000 0.0000 0.0000 0.0000 
380 1.9593 0.8891 1.6813 1.7195 -0.3670 0.1794 0.1908 1.1461 0.0000 0.0000 0.0000 0.0000 0.0000 0.0000 0.0000 
381 2.0044 2.0460 3.0846 0.5007 -0.1220 0.0748 0.1908 1.1461 0.0000 0.0000 0.0000 0.0000 0.0000 0.0000 0.0000 
382 1.6527 1.9036 0.5902 1.2270 0.3210 0.0099 0.1908 1.1461 0.0000 0.0000 0.0000 0.0000 0.0000 0.0000 0.0000 
383 0.8474 1.7549 2.2369 0.9066 -0.6500 0.0007 0.1908 1.1461 0.0000 0.0000 0.0000 0.0000 0.0000 0.0000 0.0000 
384 1.5066 0.7291 1.3457 3.1127 0.0610 0.1264 0.1908 1.1461 0.0000 0.0000 0.0000 0.0000 0.0000 0.0000 0.0000 
385 2.7990 1.2009 1.1364 0.6533 0.0460 0.0609 0.1908 1.1461 0.0000 0.0000 0.0000 0.0000 0.0000 0.0000 0.0000 
386 2.7834 2.9166 0.2404 1.4612 0.3810 0.0711 0.1908 1.1461 0.0000 0.0000 0.0000 0.0000 0.0000 0.0000 0.0000 
387 1.3166 0.8273 2.1220 2.6153 -0.0370 0.0174 0.1908 1.1461 0.0000 0.0000 0.0000 0.0000 0.0000 0.0000 0.0000 
388 1.2198 3.0856 1.9520 0.8364 -0.1620 0.0570 0.1908 1.1461 0.0000 0.0000 0.0000 0.0000 0.0000 0.0000 0.0000 
389 2.1809 0.5055 1.3557 1.8616 -0.1500 0.0005 0.1908 1.1461 0.0000 0.0000 0.0000 0.0000 0.0000 0.0000 0.0000 
390 0.6614 0.4245 1.2535 2.7064 0.3070 0.0908 0.1908 1.1461 0.0000 0.0000 0.0000 0.0000 0.0000 0.0000 0.0000 
391 0.7190 1.5369 1.9558 0.6651 0.4700 0.0419 0.1908 1.1461 0.0000 0.0000 0.0000 0.0000 0.0000 0.0000 0.0000 
392 1.2383 2.7369 2.5050 1.7995 0.0210 0.0055 0.1908 1.1461 0.0000 0.0000 0.0000 0.0000 0.0000 0.0000 0.0000 
393 2.0051 0.1197 0.8185 1.1818 0.3560 0.0545 0.1908 1.1461 0.0000 0.0000 0.0000 0.0000 0.0000 0.0000 0.0000 
394 0.2736 1.4699 1.9659 2.1233 0.0330 0.0201 0.1908 1.1461 0.0000 0.0000 0.0000 0.0000 0.0000 0.0000 0.0000 
395 1.9505 1.6558 2.6486 0.8356 0.5130 0.0504 0.1908 1.1461 0.0000 0.0000 0.0000 0.0000 0.0000 0.0000 0.0000 
396 1.0053 0.8233 0.9998 2.7431 0.4540 0.0385 0.1908 1.1461 0.0000 0.0000 0.0000 0.0000 0.0000 0.0000 0.0000 
397 1.4896 2.8738 1.5779 1.2781 -0.3810 0.1184 0.1908 1.1461 0.0000 0.0000 0.0000 0.0000 0.0000 0.0000 0.0000 
398 1.9743 0.2047 1.5579 1.1699 0.1480 0.0245 0.1908 1.1461 0.0000 0.0000 0.0000 0.0000 0.0000 0.0000 0.0000 
399 1.5699 1.3384 2.1189 2.0770 -0.4660 0.0530 0.1908 1.1461 0.0000 0.0000 0.0000 0.0000 0.0000 0.0000 0.0000 
400 0.1035 1.6914 1.3638 1.2314 -0.4340 0.0005 0.1908 1.1461 0.0000 0.0000 0.0000 0.0000 0.0000 0.0000 0.0000 
401 0.6652 2.5606 0.6441 0.8872 0.8500 0.0436 0.1908 1.1461 0.0000 0.0000 0.0000 0.0000 0.0000 0.0000 0.0000 
402 1.0952 2.8773 1.5587 0.5728 1.4500 0.0097 0.1908 1.1461 0.0000 0.0000 0.0000 0.0000 0.0000 0.0000 0.0000 
403 0.7471 1.0345 2.6000 0.1117 0.2980 0.0124 0.1908 1.1461 0.0000 0.0000 0.0000 0.0000 0.0000 0.0000 0.0000 
404 0.8371 2.2980 0.3610 1.8811 0.1720 0.0279 0.1908 1.1461 0.0000 0.0000 0.0000 0.0000 0.0000 0.0000 0.0000 
405 2.6522 1.4993 2.2174 1.8072 -0.6000 0.1274 0.1908 1.1461 0.0000 0.0000 0.0000 0.0000 0.0000 0.0000 0.0000 
406 2.7828 3.0479 1.9007 2.3015 -0.0630 0.0823 0.1908 1.1461 0.0000 0.0000 0.0000 0.0000 0.0000 0.0000 0.0000 
407 2.2433 2.6174 1.3374 2.0731 -0.2410 0.1539 0.1908 1.1461 0.0000 0.0000 0.0000 0.0000 0.0000 0.0000 0.0000 
408 1.3615 2.7080 2.5906 1.1106 -0.4350 0.0156 0.1908 1.1461 0.0000 0.0000 0.0000 0.0000 0.0000 0.0000 0.0000 
409 1.7513 3.1012 2.3330 0.7794 -0.1860 0.0870 0.1908 1.1461 0.0000 0.0000 0.0000 0.0000 0.0000 0.0000 0.0000 
410 1.5610 0.3427 0.9185 2.5466 -0.1480 0.0895 0.1908 1.1461 0.0000 0.0000 0.0000 0.0000 0.0000 0.0000 0.0000 
411 0.6429 1.9723 2.4091 3.0024 0.1540 0.0282 0.1908 1.1461 0.0000 0.0000 0.0000 0.0000 0.0000 0.0000 0.0000 
412 1.3968 0.2732 1.3817 2.0807 0.0290 0.0786 0.1908 1.1461 0.0000 0.0000 0.0000 0.0000 0.0000 0.0000 0.0000 
413 2.4142 2.7041 0.2993 1.4204 0.7320 0.0187 0.1908 1.1461 0.0000 0.0000 0.0000 0.0000 0.0000 0.0000 0.0000 
414 2.3199 0.9297 2.5670 3.0880 0.6940 0.0076 0.1908 1.1461 0.0000 0.0000 0.0000 0.0000 0.0000 0.0000 0.0000 
415 1.1010 1.9509 0.2421 2.1384 -0.1260 0.0119 0.1908 1.1461 0.0000 0.0000 0.0000 0.0000 0.0000 0.0000 0.0000 
416 2.9970 2.4632 1.0906 2.9172 -0.0960 0.0271 0.1908 1.1461 0.0000 0.0000 0.0000 0.0000 0.0000 0.0000 0.0000 
417 0.1094 1.8124 0.2846 1.3491 0.2740 0.0705 0.1908 1.1461 0.0000 0.0000 0.0000 0.0000 0.0000 0.0000 0.0000 
418 0.9217 0.4792 2.7681 2.5703 1.3240 0.0099 0.1908 1.1461 0.0000 0.0000 0.0000 0.0000 0.0000 0.0000 0.0000 
419 1.7265 0.5984 1.6510 0.7859 -0.0630 0.1208 0.1908 1.1461 0.0000 0.0000 0.0000 0.0000 0.0000 0.0000 0.0000 
420 1.7687 2.1463 2.9733 0.8494 -0.6490 0.0198 0.1908 1.1461 0.0000 0.0000 0.0000 0.0000 0.0000 0.0000 0.0000 
421 0.9111 0.6670 2.9695 2.5432 0.2570 0.0274 0.1908 1.1461 0.0000 0.0000 0.0000 0.0000 0.0000 0.0000 0.0000 
422 1.1677 1.4106 2.5978 1.8729 -0.5200 0.1691 0.1908 1.1461 0.0000 0.0000 0.0000 0.0000 0.0000 0.0000 0.0000 
423 1.8861 1.3446 1.9042 0.1018 -0.2200 0.0099 0.1908 1.1461 0.0000 0.0000 0.0000 0.0000 0.0000 0.0000 0.0000 
424 0.6309 2.6536 2.9075 1.8084 1.4780 0.0089 0.1908 1.1461 0.0000 0.0000 0.0000 0.0000 0.0000 0.0000 0.0000 
425 2.1043 1.4229 1.1944 1.8748 0.7810 0.0705 0.1908 1.1461 0.0000 0.0000 0.0000 0.0000 0.0000 0.0000 0.0000 
426 2.4774 2.8626 0.8735 1.4847 0.4040 0.0642 0.1908 1.1461 0.0000 0.0000 0.0000 0.0000 0.0000 0.0000 0.0000 
427 1.4399 2.3750 2.7523 3.0581 0.0270 0.1671 0.1908 1.1461 0.0000 0.0000 0.0000 0.0000 0.0000 0.0000 0.0000 
428 2.1365 1.9357 0.4416 0.2831 0.5230 0.0237 0.1908 1.1461 0.0000 0.0000 0.0000 0.0000 0.0000 0.0000 0.0000 
429 0.1654 1.9858 1.8542 0.2169 0.3150 0.0105 0.1908 1.1461 0.0000 0.0000 0.0000 0.0000 0.0000 0.0000 0.0000 
430 2.7875 2.1997 2.1944 0.8555 0.1670 0.1621 0.1908 1.1461 0.0000 0.0000 0.0000 0.0000 0.0000 0.0000 0.0000 
431 1.0224 1.7843 1.1145 1.7485 0.4620 0.0276 0.1908 1.1461 0.0000 0.0000 0.0000 0.0000 0.0000 0.0000 0.0000 
432 2.0878 1.9270 1.0881 3.1235 0.4050 0.0153 0.1908 1.1461 0.0000 0.0000 0.0000 0.0000 0.0000 0.0000 0.0000 
433 0.8756 1.8003 1.2635 0.2101 0.4420 0.0117 0.1908 1.1461 0.0000 0.0000 0.0000 0.0000 0.0000 0.0000 0.0000 
434 1.1727 2.0901 2.7453 1.3062 0.3040 0.0702 0.1908 1.1461 0.0000 0.0000 0.0000 0.0000 0.0000 0.0000 0.0000 
435 0.5836 2.0271 0.2479 1.6694 1.8490 0.0000 0.1908 1.1461 0.0000 0.0000 0.0000 0.0000 0.0000 0.0000 0.0000 
436 0.4540 2.2234 2.4108 2.4664 0.0740 0.2189 0.1908 1.1461 0.0000 0.0000 0.0000 0.0000 0.0000 0.0000 0.0000 
437 1.1419 2.4992 1.6642 0.8093 0.2060 0.0405 0.1908 1.1461 0.0000 0.0000 0.0000 0.0000 0.0000 0.0000 0.0000 
438 2.2517 0.7595 2.9899 2.5877 0.2300 0.0327 0.1908 1.1461 0.0000 0.0000 0.0000 0.0000 0.0000 0.0000 0.0000 
439 0.1334 2.1983 1.4755 0.2577 0.1640 0.0105 0.1908 1.1461 0.0000 0.0000 0.0000 0.0000 0.0000 0.0000 0.0000 
440 1.5383 1.9129 0.1768 0.5795 0.0080 0.1819 0.1908 1.1461 0.0000 0.0000 0.0000 0.0000 0.0000 0.0000 0.0000 
441 2.4321 0.8899 2.7313 1.3009 -0.3850 0.1097 0.1908 1.1461 0.0000 0.0000 0.0000 0.0000 0.0000 0.0000 0.0000 
442 2.1056 1.2306 0.1534 2.1419 0.3160 0.0330 0.1908 1.1461 0.0000 0.0000 0.0000 0.0000 0.0000 0.0000 0.0000 
443 0.9841 1.7969 2.2321 1.7768 0.4910 0.0078 0.1908 1.1461 0.0000 0.0000 0.0000 0.0000 0.0000 0.0000 0.0000 
444 0.6754 0.5951 2.6188 2.8332 1.0430 0.0100 0.1908 1.1461 0.0000 0.0000 0.0000 0.0000 0.0000 0.0000 0.0000 
445 1.1227 1.9813 3.0261 0.5573 -0.2340 0.0426 0.1908 1.1461 0.0000 0.0000 0.0000 0.0000 0.0000 0.0000 0.0000 
446 1.6382 2.4917 2.0874 1.8432 -0.1150 0.0101 0.1908 1.1461 0.0000 0.0000 0.0000 0.0000 0.0000 0.0000 0.0000 
447 2.5059 1.2299 0.7812 1.0511 -0.0380 0.0059 0.1908 1.1461 0.0000 0.0000 0.0000 0.0000 0.0000 0.0000 0.0000 
448 1.0600 1.4443 0.4659 2.6590 -0.4550 0.0026 0.1908 1.1461 0.0000 0.0000 0.0000 0.0000 0.0000 0.0000 0.0000 
449 2.0627 2.2388 2.1018 2.4397 0.4200 0.0212 0.1908 1.1461 0.0000 0.0000 0.0000 0.0000 0.0000 0.0000 0.0000 
151 2.6664 2.5922 1.5820 0.3665 -1.5270 0.4834 0.1908 1.1461 0.0000 0.0000 0.0000 0.0000 0.0000 0.0000 0.0000 
