0 3.0145 0.5269 0.1718 3.1374 0.6604 0.4668 -0.3420 0.1158 0.1689 0.9889 0.0000 0.0000 0.0000 0.0000 0.0000 0.0000 0.0000 
1 2.0814 1.1513 2.8057 0.8049 3.0184 1.0716 0.6940 0.0125 0.1689 0.9889 0.0000 0.0000 0.0000 0.0000 0.0000 0.0000 0.0000 
2 1.9284 2.9350 2.1843 2.9100 2.2538 0.2473 0.0080 0.0287 0.1689 0.9889 0.0000 0.0000 0.0000 0.0000 0.0000 0.0000 0.0000 
3 2.7808 1.8932 1.0450 0.6783 2.6848 1.8727 -0.1830 0.0379 0.1689 0.9889 0.0000 0.0000 0.0000 0.0000 0.0000 0.0000 0.0000 
4 2.9530 2.4540 3.0236 1.8225 2.2242 1.9624 -0.4810 0.0120 0.1689 0.9889 0.0000 0.0000 0.0000 0.0000 0.0000 0.0000 0.0000 
5 0.8860 3.0099 1.0504 2.4758 3.0036 2.0797 0.4470 0.0733 0.1689 0.9889 0.0000 0.0000 0.0000 0.0000 0.0000 0.0000 0.0000 
6 0.5326 2.6100 2.1303 0.6628 0.2494 1.7176 0.5890 0.0742 0.1689 0.9889 0.0000 0.0000 0.0000 0.0000 0.0000 0.0000 0.0000 
7 0.1981 2.9137 1.6399 1.6735 1.3454 2.1105 1.7930 0.0162 0.1689 0.9889 0.0000 0.0000 0.0000 0.0000 0.0000 0.0000 0.0000 
8 2.8875 1.0347 1.2369 1.8720 1.0043 1.9117 0.4820 0.0958 0.1689 0.9889 0.0000 0.0000 0.0000 0.0000 0.0000 0.0000 0.0000 
9 1.7520 1.4184 2.1477 1.7067 0.3680 3.1309 -0.4500 0.1713 0.1689 0.9889 0.0000 0.0000 0.0000 0.0000 0.0000 0.0000 0.0000 
10 1.1819 1.4132 1.3252 2.9272 2.9961 1.6573 0.3180 0.0786 0.1689 0.9889 0.0000 0.0000 0.0000 0.0000 0.0000 0.0000 0.0000 
11 1.3186 0.3937 2.8237 0.6213 1.7626 1.1619 0.4190 0.1057 0.1689 0.9889 0.0000 0.0000 0.0000 0.0000 0.0000 0.0000 0.0000 
12 1.0985 1.1865 0.6817 0.2125 1.7286 2.5208 0.0330 0.0007 0.1689 0.9889 0.0000 0.0000 0.0000 0.0000 0.0000 0.0000 0.0000 
13 2.0681 0.7129 2.2098 0.2584 1.3493 2.6187 1.2900 0.0057 0.1689 0.9889 0.0000 0.0000 0.0000 0.0000 0.0000 0.0000 0.0000 
14 2.9014 1.5009 2.6748 1.6163 1.6937 1.8779 0.2140 0.0333 0.1689 0.9889 0.0000 0.0000 0.0000 0.0000 0.0000 0.0000 0.0000 
15 3.1151 2.3620 1.5388 2.3120 2.0566 1.1760 0.5680 0.1473 0.1689 0.9889 0.0000 0.0000 0.0000 0.0000 0.0000 0.0000 0.0000 
16 2.4851 2.5935 1.9505 2.9674 0.1553 1.6208 0.9990 0.0341 0.1689 0.9889 0.0000 0.0000 0.0000 0.0000 0.0000 0.0000 0.0000 
17 2.0301 1.1359 0.6213 2.2050 1.4213 0.9182 0.2190 0.0527 0.1689 0.9889 0.0000 0.0000 0.0000 0.0000 0.0000 0.0000 0.0000 
18 0.2273 3.0416 1.1715 0.4592 0.7580 0.8754 0.3190 0.0198 0.1689 0.9889 0.0000 0.0000 0.0000 0.0000 0.0000 0.0000 0.0000 
19 2.7346 0.6495 0.9406 0.3961 1.5294 0.7318 -0.0070 0.0047 0.1689 0.9889 0.0000 0.0000 0.0000 0.0000 0.0000 0.0000 0.0000 
20 1.1467 2.3353 2.9137 2.6372 0.2164 1.2490 -0.0920 0.0368 0.1689 0.9889 0.0000 0.0000 0.0000 0.0000 0.0000 0.0000 0.0000 
21 2.6821 0.2003 0.7181 1.5904 1.2632 2.3821 0.1830 0.0711 0.1689 0.9889 0.0000 0.0000 0.0000 0.0000 0.0000 0.0000 0.0000 
22 2.2843 1.5127 0.8574 0.8018 0.9099 0.2983 -0.4040 0.0089 0.1689 0.9889 0.0000 0.0000 0.0000 0.0000 0.0000 0.0000 0.0000 
23 2.1250 0.5799 2.8052 2.0647 0.2727 1.6170 -0.3640 0.1334 0.1689 0.9889 0.0000 0.0000 0.0000 0.0000 0.0000 0.0000 0.0000 
24 1.9361 0.2285 1.5804 0.1908 2.4307 0.1124 -0.4500 0.0991 0.1689 0.9889 0.0000 0.0000 0.0000 0.0000 0.0000 0.0000 0.0000 
25 1.7507 1.4040 2.1752 1.7568 0.3280 3.1263 -0.3470 0.1744 0.1689 0.9889 0.0003 0.0094 44.0000 4.3708 0.1690 0.7011 5.2409 
26 2.9546 2.4635 3.0350 1.8225 2.2288 1.9686 -0.4130 0.0113 0.1934 0.9739 0.0008 0.0074 42.0000 4.1409 0.1600 0.6581 4.9591 
27 2.3030 1.4136 0.8622 0.7270 0.9973 0.2774 -0.3610 0.0121 0.1990 0.9657 0.0002 0.0098 40.0000 4.3012 0.1598 0.7354 5.1964 
28 2.2649 1.5444 0.7938 0.7889 0.8204 0.1524 -0.2280 0.0048 0.2437 0.9618 0.0001 0.0093 43.0000 4.7052 0.1530 0.7791 5.6373 
29 2.2948 1.5187 0.9236 0.8248 0.9849 0.4583 -0.3630 0.0182 0.2530 0.9694 0.0000 0.0024 69.0000 9.7579 0.2011 0.8559 10.8149 
30 1.9730 0.5747 2.9366 2.1673 0.1079 1.6599 -0.2910 0.1758 0.2799 0.9763 0.0001 0.0076 42.0000 6.7649 0.3705 1.1350 8.2705 
31 3.0652 2.4803 3.1048 1.8580 2.2530 1.9587 -0.0290 0.0118 0.3005 0.9849 0.0002 0.0088 54.0000 8.8712 0.2029 0.8192 9.8934 
32 2.7370 2.4240 2.8783 1.7565 2.1790 1.9758 -0.4990 0.0249 0.2052 1.0290 0.0003 0.0089 36.0000 5.8195 0.1980 0.7699 6.7875 
33 2.2231 0.4174 2.8525 2.0943 0.2009 1.4907 -0.1360 0.1392 0.2145 1.0141 0.0000 0.0090 58.0000 10.1508 0.2959 1.2272 11.6740 
34 2.0083 0.7341 2.7774 2.0488 0.3150 1.7587 -0.4520 0.0968 0.2193 1.0299 0.0004 0.0094 32.0000 5.8687 0.2650 1.8361 7.9698 
35 2.0296 0.7159 2.7580 2.0475 0.2999 1.8882 -0.4230 0.0769 0.2384 1.0464 0.0005 0.0099 52.0000 12.1775 0.3678 1.4957 14.0410 
36 1.9752 0.8029 2.8527 2.0785 0.4001 1.7540 -0.1510 0.0814 0.2526 1.0584 0.0002 0.0096 42.0000 9.4688 0.4309 4.3777 14.2774 
37 2.0175 0.6650 2.6437 1.9937 0.1732 1.7755 -0.5060 0.1024 0.2318 1.0869 0.0004 0.0089 36.0000 6.3688 0.4031 5.2951 12.0670 
38 2.0315 0.6438 2.6708 2.0352 0.2132 1.7875 -0.4150 0.1056 0.2453 1.0934 0.0001 0.0098 40.0000 8.1933 0.2699 5.6890 14.1522 
39 1.9399 0.1869 1.4342 0.1364 2.4183 0.1000 -0.5150 0.0951 0.2495 1.1179 0.0003 0.0096 50.0000 10.0684 0.2188 4.9268 15.2140 
40 1.9398 0.1719 1.3836 0.1169 2.4156 0.1000 -0.4490 0.0845 0.2634 1.1333 0.0007 0.0098 43.0000 10.5442 0.2944 3.9072 14.7458 
41 2.0047 0.2012 1.4637 0.1683 2.3528 0.1000 -0.5480 0.1112 0.2671 1.1492 0.0003 0.0094 58.0000 13.9282 0.3106 5.7830 20.0218 
42 2.0592 0.2040 1.4610 0.1841 2.2959 0.1000 -0.5790 0.1146 0.2764 1.1632 0.0008 0.0078 38.0000 11.5504 0.4043 5.6494 17.6042 
43 2.1044 0.2034 1.4564 0.1955 2.2484 0.1000 -0.5340 0.1142 0.2857 1.1811 0.0007 0.0077 44.0000 8.7142 0.3005 5.1453 14.1600 
44 2.0558 0.2858 1.4314 0.1993 2.2884 0.1000 -0.3710 0.1063 0.2918 1.1951 0.0003 0.0096 74.0000 17.5877 0.4775 4.5295 22.5947 
45 2.1693 0.1000 1.6071 0.1000 2.3119 0.1000 -0.2910 0.0820 0.2842 1.2342 0.0006 0.0093 67.0000 21.4787 0.3790 4.2857 26.1434 
46 1.9478 0.1000 1.4457 0.3022 2.2450 0.1000 -1.2420 0.1898 0.2671 1.2458 0.0005 0.0083 64.0000 20.6217 0.7470 4.5776 25.9464 
47 1.8184 0.1000 1.4262 0.4759 2.1394 0.1000 -1.0880 0.1898 0.2520 1.3662 0.0010 0.0095 48.0000 13.9341 0.4944 4.6845 19.1130 
48 1.9107 0.1000 1.4419 0.3558 2.2178 0.1000 -1.3320 0.2011 0.2447 1.2782 0.0009 0.0035 67.0000 15.6236 0.3272 4.4082 20.3590 
49 1.9239 0.1000 1.4361 0.3997 2.2446 0.1000 -1.3530 0.2138 0.2457 1.2329 0.0009 0.0019 69.0000 23.8724 0.6794 5.8892 30.4411 
50 1.9346 0.1000 1.4298 0.4218 2.2608 0.1000 -1.5200 0.2182 0.2537 1.2019 0.0010 0.0022 75.0000 20.1998 0.6072 5.4194 26.2264 
51 1.9713 0.1000 1.4072 0.4992 2.3164 0.1000 -1.6230 0.2238 0.2574 1.1935 0.0009 0.0031 62.0000 17.0553 0.2371 5.7216 23.0140 
52 1.9948 0.1000 1.3890 0.5538 2.3518 0.1000 -1.6090 0.2200 0.2712 1.1831 0.0008 0.0040 58.0000 14.6452 0.5844 4.1547 19.3844 
53 1.9957 0.1000 1.3870 0.5588 2.3540 0.1000 -1.6800 0.2193 0.2818 1.1458 0.0009 0.0016 77.0000 25.8124 0.3701 5.7441 31.9266 
54 2.0151 0.1000 1.3617 0.6226 2.3884 0.1000 -1.6060 0.2092 0.2930 1.1236 0.0009 0.0033 68.0000 22.9585 0.4272 5.5412 28.9270 
55 2.0214 0.1000 1.4466 0.6083 2.3610 0.1000 -1.5760 0.2155 0.3015 1.0982 0.0010 0.0034 78.0000 22.2409 0.5345 6.3685 29.1438 
56 2.0074 0.1000 1.2997 0.5737 2.3555 0.1000 -1.4990 0.2032 0.3113 1.0816 0.0009 0.0036 77.0000 25.0909 0.4378 6.9744 32.5031 
57 1.9376 0.1000 1.4237 0.5864 2.4248 0.1000 -1.5790 0.2056 0.3155 1.0710 0.0006 0.0020 76.0000 23.4099 0.6993 4.4064 28.5155 
58 1.9957 0.1000 1.4150 0.5836 2.3695 0.1971 -1.7410 0.3032 0.3257 1.0604 0.0009 0.0030 65.0000 16.7854 0.2222 4.9553 21.9629 
59 2.0000 0.1000 1.4132 0.6068 2.3798 0.2571 -1.7610 0.3417 0.3305 1.0560 0.0007 0.0031 61.0000 15.8237 0.4433 6.2379 22.5050 
60 2.0026 0.1000 1.4106 0.6243 2.3875 0.2838 -1.7310 0.3521 0.3383 1.0537 0.0010 0.0035 53.0000 16.2159 0.4531 6.0742 22.7432 
61 2.0048 0.1000 1.4092 0.6424 2.3948 0.2925 -1.7260 0.3505 0.3458 1.0468 0.0010 0.0049 58.0000 21.0591 0.6715 4.5797 26.3104 
62 2.0283 0.1000 1.4218 0.6393 2.3601 0.2815 -1.7790 0.3572 0.3528 1.0427 0.0009 0.0054 52.0000 16.9557 0.5367 7.4260 24.9185 
63 2.0498 0.1000 1.4236 0.6923 2.3676 0.3041 -1.5820 0.3481 0.3604 1.0411 0.0009 0.0044 60.0000 21.1190 0.4764 6.2187 27.8142 
64 1.9691 0.1000 1.3941 0.5678 2.3881 0.2816 -1.7820 0.3506 0.3593 1.0386 0.0007 0.0023 63.0000 25.5962 0.2950 6.7603 32.6515 
65 1.9635 0.1000 1.3890 0.5685 2.3930 0.2875 -1.7040 0.3495 0.3646 1.0405 0.0006 0.0021 63.0000 17.5641 0.6068 5.0298 23.2007 
66 1.9320 0.1000 1.3854 0.6132 2.4379 0.2954 -1.7060 0.3275 0.3713 1.0405 0.0010 0.0042 70.0000 20.5741 0.2007 6.2739 27.0487 
67 2.0218 0.1000 1.4004 0.5576 2.4000 0.2770 -1.7820 0.3475 0.3781 1.0425 0.0009 0.0028 70.0000 16.3827 0.2616 5.7732 22.4176 
68 2.0241 0.1000 1.3963 0.5590 2.4054 0.2791 -1.7440 0.3463 0.3824 1.0482 0.0009 0.0034 70.0000 26.4686 0.3264 6.3393 33.1344 
69 2.0075 0.1000 1.3788 0.5586 2.3582 0.2888 -1.9030 0.3686 0.3877 1.0523 0.0010 0.0032 72.0000 20.6961 0.2175 7.2532 28.1668 
70 2.0232 0.1000 1.2454 0.5670 2.3488 0.4229 -1.4740 0.3493 0.3877 1.0600 0.0010 0.0051 59.0000 18.8459 0.3511 3.9904 23.1875 
71 2.0397 0.1000 1.3458 0.7945 2.8202 0.3263 -1.4930 0.2003 0.3865 1.0608 0.0010 0.0092 57.0000 21.1834 0.1690 6.1873 27.5397 
72 1.9381 0.1000 1.0000 1.1449 3.1416 0.1062 0.4350 0.0586 0.3957 1.0678 0.0005 0.0100 69.0000 22.8753 0.3887 5.5023 28.7662 
73 3.1416 3.1416 0.1000 0.1000 3.1416 3.1416 -0.2760 0.0737 0.3771 1.1502 0.0008 0.0036 110.0000 35.6976 0.3808 7.8827 43.9611 
74 2.0735 0.1000 1.4977 0.6163 2.6087 0.3907 -0.4200 0.1913 0.3726 1.1239 0.0009 0.0039 96.0000 30.2910 0.4667 5.9207 36.6785 
75 0.1000 0.1000 0.1000 3.1416 0.1000 3.1416 0.2210 0.0521 0.2687 1.2387 0.0009 0.0100 79.0000 20.9112 0.4714 6.0035 27.3861 
76 0.1000 0.1000 0.1000 3.1416 0.1000 0.1000 0.6210 0.0309 0.2662 1.2127 0.0007 0.0093 78.0000 24.0130 0.6401 5.3077 29.9608 
77 0.1000 0.1000 3.1416 3.1416 3.1416 3.1416 0.2160 0.0521 0.2656 1.1933 0.0009 0.0096 95.0000 28.5598 0.2982 5.7760 34.6341 
78 3.1416 3.1416 0.1000 0.1000 0.1000 3.1416 -0.2810 0.0737 0.2632 1.1691 0.0008 0.0066 104.0000 31.3233 0.6605 5.6451 37.6288 
79 3.1416 0.1000 0.1000 3.1416 3.1416 3.1416 0.1380 0.0625 0.2601 1.1476 0.0010 0.0040 93.0000 29.8215 0.1552 5.3075 35.2842 
80 3.1416 3.1416 0.1000 0.1000 3.1416 0.1000 0.0760 0.0625 0.2576 1.1251 0.0009 0.0074 85.0000 30.7002 0.2537 4.9018 35.8557 
81 0.1000 0.1000 0.1000 0.1000 0.1000 0.1000 1.0550 0.0202 0.2550 1.1034 0.0009 0.0067 104.0000 31.5579 0.4021 5.1107 37.0707 
82 0.1000 0.1000 3.1416 3.1416 3.1416 0.1000 0.3890 0.0436 0.2574 1.0980 0.0009 0.0076 85.0000 24.0313 0.4633 5.3900 29.8846 
83 1.9932 0.1000 1.3597 0.5826 2.3112 0.2642 -1.8140 0.3628 0.2556 1.0789 0.0010 0.0019 114.0000 35.5487 0.4503 5.1994 41.1984 
84 3.1416 3.1416 3.1416 0.1000 0.1000 0.1000 0.0860 0.0521 0.2616 1.0901 0.0002 0.0012 138.0000 35.4984 0.2741 7.8367 43.6092 
85 0.1000 0.1000 0.1000 0.1000 3.1416 3.1416 0.6520 0.0360 0.2590 1.0703 0.0010 0.0081 82.0000 19.3454 0.5277 5.8921 25.7653 
86 3.1416 3.1416 3.1416 0.1000 3.1416 3.1416 0.0090 0.0625 0.2581 1.0545 0.0008 0.0096 90.0000 27.6532 0.3827 7.1365 35.1725 
87 1.9774 0.1000 1.3289 0.6181 2.3450 0.2616 -1.7290 0.3327 0.2554 1.0361 0.0010 0.0017 107.0000 32.5795 0.4054 6.2077 39.1926 
88 3.1416 3.1416 0.1000 3.1416 3.1416 3.1416 0.0840 0.0625 0.2592 1.0487 0.0010 0.0062 103.0000 22.6063 0.2811 5.9579 28.8453 
89 3.1416 3.1416 0.1000 0.1000 0.1000 0.1000 -0.6440 0.0951 0.2568 1.0309 0.0001 0.0007 147.0000 33.2485 0.3551 7.7994 41.4030 
90 0.1000 3.1416 3.1416 0.1000 3.1416 0.1000 -0.0270 0.0625 0.2548 1.0223 0.0010 0.0072 106.0000 21.8372 0.5808 6.6776 29.0956 
91 0.1000 3.1416 0.1000 0.1000 3.1416 0.1000 0.1700 0.0625 0.2524 1.0061 0.0009 0.0063 104.0000 20.2162 0.1967 7.4571 27.8701 
92 1.9132 0.1000 1.2325 0.8004 2.5647 0.2599 -1.2770 0.1961 0.2503 0.9903 0.0009 0.0039 106.0000 27.6396 0.2586 6.3357 34.2340 
93 3.1416 3.1416 0.1000 0.1000 0.1000 1.1336 -0.2320 0.0483 0.2512 1.0000 0.0010 0.0096 104.0000 25.9527 0.1856 5.8551 31.9935 
94 0.1000 0.1000 3.1416 3.1416 0.1000 3.1416 0.1800 0.0521 0.2496 0.9893 0.0008 0.0070 113.0000 22.8135 0.1471 8.0613 31.0219 
95 3.1416 0.1000 3.1416 3.1416 3.1416 3.1416 0.0560 0.0625 0.2474 0.9739 0.0008 0.0052 112.0000 19.1605 0.1585 7.9500 27.2690 
96 0.1000 0.1000 3.1416 3.1416 0.1000 0.1000 -0.0730 0.0719 0.2452 0.9591 0.0009 0.0068 123.0000 27.2103 0.1777 6.9817 34.3696 
97 3.1416 3.1416 3.1416 0.1000 0.1000 3.1416 0.0740 0.0625 0.2428 0.9453 0.0010 0.0080 108.0000 18.7492 0.3396 6.6526 25.7414 
98 3.1416 3.1416 0.1000 1.2676 0.1000 0.1000 -0.1620 0.0668 0.2406 0.9311 0.0008 0.0087 105.0000 20.2244 0.1832 6.9298 27.3373 
99 0.1000 3.1416 0.1000 3.1416 0.1000 0.1000 0.4120 0.0382 0.2387 0.9203 0.0010 0.0084 112.0000 26.0683 0.3805 7.4360 33.8848 
100 2.0145 3.1416 3.1416 3.1416 3.1416 3.1416 -0.0780 0.0625 0.2374 0.9084 0.0001 0.0097 126.0000 28.5962 0.1792 7.1136 35.8891 
101 0.1000 0.1000 0.1000 3.1416 3.1416 3.1416 0.2280 0.0521 0.2352 0.8960 0.0010 0.0089 85.0000 17.9069 0.1599 6.9055 24.9723 
102 3.1416 0.1000 3.1416 0.1000 0.1000 0.1000 0.2040 0.0521 0.2334 0.8836 0.0006 0.0035 170.0000 43.0327 0.4836 7.0724 50.5887 
103 0.1000 0.1000 0.1000 0.1000 0.1000 3.1416 0.5780 0.0360 0.2314 0.8712 0.0006 0.0051 111.0000 24.7059 0.5716 5.7241 31.0016 
104 3.1416 0.1000 3.1416 3.1416 3.1416 0.1000 -0.0870 0.0625 0.2308 0.8619 0.0010 0.0094 108.0000 25.5002 0.5499 7.2566 33.3066 
105 3.1416 0.1000 3.1416 3.1416 0.1000 3.1416 0.0340 0.0625 0.2285 0.8508 0.0009 0.0073 104.0000 24.7666 0.1636 7.0007 31.9310 
106 0.1000 3.1416 3.1416 0.1000 3.1416 3.1416 -0.1240 0.0737 0.2262 0.8393 0.0009 0.0092 109.0000 24.2140 0.1575 6.8122 31.1838 
107 3.1416 0.1000 0.1000 0.1000 3.1416 3.1416 -0.1820 0.0737 0.2239 0.8289 0.0009 0.0066 92.0000 20.9969 0.1430 7.7002 28.8402 
108 2.0094 0.1000 1.3982 0.5483 2.2928 0.2733 -1.8860 0.3850 0.2216 0.8192 0.0009 0.0011 127.0000 25.7260 0.2888 7.0983 33.1131 
109 2.0081 0.1000 1.3995 0.5488 2.2899 0.2741 -1.8780 0.3866 0.2270 0.8298 0.0006 0.0013 104.0000 25.7670 0.3415 7.8430 33.9515 
110 0.1000 3.1416 3.1416 3.1416 3.1416 0.1000 0.2520 0.0521 0.2320 0.8397 0.0009 0.0052 100.0000 25.2137 0.2934 6.6549 32.1620 
111 3.1416 3.1416 0.1000 3.1416 0.1000 3.1416 0.0130 0.0625 0.2302 0.8290 0.0010 0.0059 95.0000 27.7274 0.1677 6.9115 34.8066 
112 0.1000 0.1000 0.1000 3.1416 3.1416 0.1000 -0.2060 0.0719 0.2281 0.8186 0.0009 0.0066 115.0000 29.9648 0.3345 7.9390 38.2384 
113 0.1000 3.1416 0.1000 0.1000 3.1416 3.1416 0.2100 0.0438 0.2260 0.8098 0.0008 0.0069 95.0000 22.6991 0.1634 7.3169 30.1795 
114 0.1000 3.1416 0.1000 3.1416 0.1000 3.1416 -0.1100 0.0625 0.2242 0.7999 0.0010 0.0048 126.0000 33.0192 0.1359 7.0267 40.1818 
115 3.1416 3.1416 0.1000 3.1416 3.1416 0.1000 0.1780 0.0521 0.2222 0.7908 0.0008 0.0047 99.0000 26.7902 0.3129 7.7024 34.8055 
116 2.0210 0.1000 1.3932 0.5480 2.2914 0.2694 -1.9650 0.3838 0.2203 0.7811 0.0009 0.0018 114.0000 28.3426 0.2067 9.0157 37.5650 
117 0.1000 0.1000 3.1416 0.1000 3.1416 3.1416 0.0300 0.0625 0.2236 0.7892 0.0010 0.0056 112.0000 31.1336 0.2398 9.4112 40.7846 
118 1.9814 3.1416 0.1000 0.1000 0.1000 0.1000 0.5660 0.0299 0.2216 0.7798 0.0009 0.0092 109.0000 31.5377 0.2391 5.3075 37.0844 
119 3.1416 3.1416 3.1416 0.1000 3.1416 0.1000 -0.0740 0.0625 0.2201 0.7725 0.0010 0.0087 110.0000 25.3353 0.1859 5.2756 30.7968 
120 2.1751 3.1416 0.1000 0.1000 1.5369 3.1416 0.2540 0.0408 0.2179 0.7637 0.0001 0.0098 109.0000 28.2636 0.2235 6.4023 34.8895 
121 0.1000 0.1000 3.1416 0.1000 0.1000 0.1000 -0.4590 0.0839 0.2167 0.7555 0.0010 0.0091 85.0000 20.6093 0.2074 5.9814 26.7981 
122 0.1000 1.5271 3.1416 0.1000 0.1000 0.1000 -0.1460 0.0805 0.2150 0.7509 0.0004 0.0091 103.0000 19.2320 0.2416 8.4744 27.9480 
123 2.0617 0.1000 1.3920 0.5514 2.2455 0.2746 -1.9130 0.4042 0.2130 0.7435 0.0010 0.0013 91.0000 24.2917 0.3978 3.5397 28.2292 
124 2.0229 0.1000 1.4158 0.5567 2.2305 0.3012 -1.8930 0.4261 0.2196 0.7548 0.0009 0.0020 92.0000 18.9960 0.2803 6.1234 25.3997 
125 0.1000 3.1416 0.1000 3.1416 3.1416 0.1000 -0.4270 0.0839 0.2266 0.7657 0.0009 0.0046 92.0000 14.9826 0.1802 5.9247 21.0876 
126 2.0723 0.1000 1.3775 0.5519 2.2551 0.2641 -1.8410 0.3937 0.2248 0.7605 0.0009 0.0018 126.0000 22.1696 0.1953 3.5251 25.8901 
127 0.1000 3.1416 3.1416 3.1416 0.1000 0.1000 -0.3800 0.0839 0.2314 0.7706 0.0010 0.0037 131.0000 26.0459 0.3313 5.6671 32.0444 
128 1.9910 0.1000 1.4080 0.5238 2.2527 0.3084 -1.8290 0.4107 0.2296 0.7650 0.0009 0.0020 135.0000 27.2224 0.1655 1.9965 29.3843 
129 3.1416 0.1000 3.1416 3.1416 0.1000 0.1000 0.2110 0.0521 0.2362 0.7750 0.0007 0.0036 106.0000 17.1451 0.1857 8.3083 25.6391 
130 3.1416 0.1000 0.1000 3.1416 0.1000 3.1416 -0.1080 0.0625 0.2348 0.7671 0.0004 0.0018 146.0000 25.5199 0.2116 7.4891 33.2206 
131 2.0320 0.1000 1.4219 0.6049 2.2219 0.2667 -1.9160 0.4079 0.2328 0.7595 0.0010 0.0019 98.0000 15.5361 0.3514 7.6881 23.5757 
132 2.0559 0.1000 1.3928 0.6160 2.1814 0.2952 -1.9560 0.4431 0.2400 0.7693 0.0008 0.0022 106.0000 20.6722 0.1589 2.5516 23.3828 
133 2.0613 0.1000 1.3934 0.6186 2.1730 0.2952 -1.9020 0.4456 0.2462 0.7793 0.0008 0.0024 94.0000 15.4583 0.1770 3.6930 19.3284 
134 2.0193 0.1000 1.3878 0.6138 2.2125 0.2934 -1.8860 0.4286 0.2518 0.7874 0.0009 0.0021 91.0000 16.1124 0.2214 8.3614 24.6953 
135 2.0853 0.1000 1.4267 0.6054 2.1743 0.2678 -1.8620 0.4166 0.2574 0.7954 0.0009 0.0028 132.0000 26.5845 0.2127 1.5652 28.3624 
136 2.0619 0.1000 1.3491 0.5928 2.1858 0.2903 -1.9260 0.4343 0.2633 0.8029 0.0010 0.0026 118.0000 28.3893 0.4970 6.3877 35.2740 
137 2.0549 0.1000 1.3717 0.6059 2.1386 0.3377 -1.9610 0.4783 0.2689 0.8099 0.0009 0.0036 82.0000 16.4422 0.1544 7.4744 24.0710 
138 2.0612 0.1000 1.3679 0.6163 2.1277 0.3382 -1.8460 0.4830 0.2737 0.8178 0.0010 0.0029 86.0000 16.5352 0.1582 8.4973 25.1907 
139 2.0294 0.1000 1.3637 0.5780 2.1909 0.2970 -1.9830 0.4319 0.2789 0.8236 0.0010 0.0021 98.0000 18.4168 0.1607 6.9552 25.5327 
140 2.0356 0.1000 1.3490 0.5605 2.1701 0.2947 -1.9900 0.4296 0.2833 0.8289 0.0010 0.0021 89.0000 15.6500 0.1776 7.2098 23.0374 
141 3.1416 0.1000 0.1000 0.1000 0.1000 0.1000 -0.5950 0.0951 0.2873 0.8345 0.0010 0.0029 118.0000 24.8549 0.2227 6.5931 31.6707 
142 2.0442 0.1000 1.3411 0.5553 2.1600 0.2933 -1.9580 0.4296 0.2861 0.8308 0.0008 0.0019 98.0000 13.4373 0.1583 3.1443 16.7399 
143 3.1416 0.1000 0.1000 1.4893 0.1000 0.1000 -0.1790 0.0745 0.2901 0.8363 0.0007 0.0073 135.0000 20.3509 0.1615 2.4678 22.9802 
144 2.0599 0.1000 1.3271 0.5761 2.1579 0.2801 -2.0110 0.4255 0.2890 0.8298 0.0007 0.0018 137.0000 16.3573 0.1653 6.9343 23.4570 
145 0.1000 0.1000 3.1416 0.1000 0.1000 3.1416 -0.0680 0.0625 0.2927 0.8351 0.0006 0.0012 155.0000 19.3626 0.1431 2.4372 21.9429 
146 2.0924 0.1000 1.3028 0.5910 2.1226 0.2770 -1.9630 0.4344 0.2918 0.8278 0.0010 0.0023 116.0000 14.6403 0.1515 1.5996 16.3914 
147 3.1416 3.1416 1.7402 1.5061 3.1416 3.1416 0.2700 0.0663 0.2964 0.8329 0.0002 0.0096 99.0000 12.4631 0.1665 2.0236 14.6532 
148 2.0606 0.1000 1.3011 0.6153 2.1346 0.2744 -1.8480 0.4227 0.2963 0.8242 0.0009 0.0031 90.0000 10.8959 0.1867 2.6025 13.6851 
149 2.0886 0.1000 1.3417 0.5341 2.1298 0.3076 -1.9300 0.4476 0.3001 0.8292 0.0010 0.0022 85.0000 10.8216 0.1589 1.9873 12.9679 
150 2.1532 0.1000 1.3288 0.5931 2.0509 0.3025 -1.9180 0.4720 0.3042 0.8336 0.0008 0.0033 86.0000 10.7158 0.1468 1.4338 12.2964 
151 2.0626 0.1000 1.3237 0.5458 2.0631 0.3432 -1.8350 0.4658 0.3091 0.8386 0.0010 0.0027 85.0000 10.8171 0.1605 1.7843 12.7618 
152 2.1341 0.1000 1.3286 0.5806 2.1613 0.2817 -1.9340 0.4357 0.3132 0.8422 0.0010 0.0016 97.0000 11.8429 0.1526 1.4869 13.4824 
153 2.1927 0.1000 1.3133 0.6906 2.0603 0.2632 -1.8120 0.4331 0.3169 0.8459 0.0008 0.0038 70.0000 9.5403 0.2022 2.0231 11.7656 
154 2.0988 0.1000 1.3632 0.5659 2.1331 0.2482 -1.9970 0.4141 0.3212 0.8491 0.0009 0.0014 101.0000 11.7980 0.2417 4.8235 16.8633 
155 2.0991 0.1000 1.3633 0.5664 2.1328 0.2476 -1.9290 0.4136 0.3241 0.8530 0.0007 0.0014 107.0000 12.8960 0.1601 4.1167 17.1729 
156 2.1120 0.1000 1.3288 0.5612 2.1734 0.2800 -1.9420 0.4285 0.3275 0.8566 0.0010 0.0015 96.0000 12.3226 0.1406 1.5788 14.0421 
157 2.0996 0.1000 1.3828 0.5825 2.0977 0.2499 -1.9810 0.4235 0.3306 0.8603 0.0007 0.0015 93.0000 14.5021 0.2687 2.2046 16.9755 
158 2.1144 0.1000 1.3917 0.5733 2.0984 0.2639 -1.9730 0.4321 0.3334 0.8642 0.0008 0.0027 81.0000 10.3083 0.1611 1.4231 11.8926 
159 2.0842 0.1000 1.3628 0.5877 2.1231 0.2372 -1.9880 0.4072 0.3360 0.8683 0.0010 0.0019 80.0000 10.0139 0.2312 7.1569 17.4019 
160 0.1000 3.1416 3.1416 3.1416 0.1000 3.1416 0.0320 0.0625 0.3387 0.8718 0.0005 0.0006 141.0000 17.4114 0.1043 1.9683 19.4840 
161 2.0861 0.1000 1.3686 0.5961 2.1077 0.2384 -1.9570 0.4121 0.3382 0.8635 0.0007 0.0026 109.0000 14.7846 0.2207 3.0753 18.0807 
162 2.1116 0.1000 1.4054 0.5974 2.0630 0.2612 -1.8470 0.4358 0.3410 0.8670 0.0007 0.0024 79.0000 9.4977 0.1900 2.7933 12.4810 
163 2.0893 0.1000 1.3424 0.5698 2.1632 0.2431 -2.0090 0.4016 0.3439 0.8704 0.0007 0.0015 92.0000 11.2944 0.1571 2.0971 13.5487 
164 2.0901 0.1000 1.3420 0.5711 2.1635 0.2426 -1.9150 0.4013 0.3463 0.8739 0.0010 0.0014 101.0000 14.5067 0.1513 1.7341 16.3920 
165 2.1345 0.1000 1.3517 0.5731 2.1511 0.2635 -2.0030 0.4225 0.3491 0.8775 0.0009 0.0022 95.0000 11.0796 0.1409 1.6444 12.8650 
166 2.1346 0.1000 1.3480 0.5819 2.1547 0.2545 -1.9670 0.4150 0.3513 0.8812 0.0008 0.0026 96.0000 13.3573 0.1692 1.8123 15.3389 
167 3.1416 0.1000 0.1000 0.1000 0.1000 3.1416 -0.2030 0.0737 0.3537 0.8848 0.0010 0.0013 145.0000 18.3035 0.1381 2.1031 20.5446 
168 2.1305 0.1000 1.3201 0.5563 2.1289 0.2456 -2.0000 0.4092 0.3529 0.8767 0.0009 0.0017 120.0000 14.3804 0.1531 2.4218 16.9553 
169 2.1311 0.1000 1.3190 0.5574 2.1290 0.2446 -1.9500 0.4084 0.3550 0.8806 0.0009 0.0021 102.0000 13.7580 0.1513 1.7849 15.6943 
170 3.1416 3.1416 3.1416 3.1416 3.1416 0.1000 -0.0020 0.0625 0.3574 0.8840 0.0010 0.0013 148.0000 18.9963 0.1923 2.1797 21.3683 
171 2.1193 0.1000 1.3598 0.5546 2.1493 0.2789 -1.9550 0.4329 0.3569 0.8753 0.0010 0.0017 112.0000 13.1797 0.1696 1.9712 15.3204 
172 3.1416 3.1416 3.1416 3.1416 0.1000 0.1000 0.1620 0.0521 0.3593 0.8786 0.0008 0.0009 130.0000 17.2802 0.1660 1.7055 19.1517 
173 2.1090 0.1000 1.3405 0.6036 2.1631 0.2395 -1.9690 0.4014 0.3592 0.8688 0.0008 0.0011 123.0000 16.2335 0.1444 2.5160 18.8939 
174 2.1087 0.1000 1.3400 0.6039 2.1635 0.2395 -1.9560 0.4013 0.3616 0.8719 0.0009 0.0021 131.0000 18.9223 0.1517 1.9312 21.0052 
175 2.0759 0.1000 1.3411 0.5500 2.1586 0.2528 -1.9140 0.4059 0.3639 0.8752 0.0010 0.0012 142.0000 18.4502 0.1483 2.5372 21.1356 
176 3.1416 3.1416 3.1416 3.1416 0.1000 3.1416 0.0650 0.0625 0.3663 0.8784 0.0010 0.0012 150.0000 19.0505 0.1285 1.9220 21.1009 
177 0.1000 3.1416 3.1416 3.1416 3.1416 3.1416 0.0400 0.0625 0.3661 0.8687 0.0009 0.0009 144.0000 18.3129 0.1033 7.3274 25.7436 
178 2.1484 0.1000 1.3537 0.5880 2.1475 0.2795 -1.9480 0.4344 0.3659 0.8594 0.0008 0.0018 87.0000 10.8667 0.1628 1.9927 13.0222 
179 2.1504 0.1000 1.2935 0.5715 2.1075 0.2335 -1.9470 0.4022 0.3681 0.8624 0.0009 0.0025 97.0000 12.1847 0.2226 5.4710 17.8783 
180 2.1157 0.1000 1.3409 0.6204 2.1547 0.2351 -1.9190 0.3989 0.3704 0.8654 0.0009 0.0022 102.0000 12.8444 0.1558 1.7592 14.7594 
181 2.1519 0.1000 1.3466 0.5570 2.1297 0.2878 -1.8790 0.4408 0.3724 0.8690 0.0008 0.0020 110.0000 13.8646 0.1508 1.8459 15.8613 
182 2.0860 0.1000 1.3118 0.5857 2.1114 0.2384 -1.9380 0.4021 0.3748 0.8718 0.0009 0.0023 119.0000 15.7243 0.1414 2.2402 18.1059 
183 2.1815 0.1000 1.2598 0.5717 2.0300 0.2174 -1.9250 0.3928 0.3768 0.8749 0.0010 0.0051 93.0000 12.5377 0.1952 2.2896 15.0226 
184 2.3023 0.1000 1.2801 0.6678 1.8928 0.1529 -1.5970 0.3070 0.3792 0.8782 0.0010 0.0053 80.0000 10.3994 0.2645 2.1152 12.7792 
185 0.1000 0.1000 3.1416 0.1000 3.1416 0.1000 0.1060 0.0521 0.3818 0.8792 0.0010 0.0011 119.0000 14.3779 0.1366 5.7496 20.2641 
186 2.1231 0.1000 1.2601 0.5778 2.1265 0.2653 -1.9100 0.4163 0.3820 0.8696 0.0007 0.0020 99.0000 12.5500 0.1596 9.1896 21.8991 
187 2.1359 0.1000 1.3465 0.5967 2.1248 0.2012 -1.8860 0.3689 0.3841 0.8727 0.0008 0.0017 115.0000 14.3308 0.1560 2.8260 17.3129 
188 2.0679 0.1000 1.3223 0.5437 2.1516 0.2577 -1.9410 0.4030 0.3861 0.8759 0.0010 0.0022 100.0000 12.8616 0.2060 2.7188 15.7865 
189 2.0825 0.1000 1.3075 0.6097 2.0807 0.2553 -1.9790 0.4242 0.3880 0.8790 0.0008 0.0017 104.0000 11.8692 0.1523 8.4067 20.4283 
190 2.1064 0.1000 1.2400 0.6004 2.0499 0.2878 -1.8630 0.4366 0.3901 0.8812 0.0008 0.0028 75.0000 9.7856 0.1652 14.1150 24.0658 
191 2.0900 0.1000 1.2936 0.6755 1.8761 0.3679 -1.8540 0.5181 0.3921 0.8841 0.0009 0.0045 68.0000 8.9948 0.1492 2.3718 11.5158 
192 2.1469 0.1000 1.1022 0.6597 1.8973 0.3803 -1.5200 0.4474 0.3954 0.8877 0.0008 0.0060 72.0000 8.8217 0.2878 3.1718 12.2814 
193 2.0765 0.1000 1.3471 0.6336 2.0563 0.2569 -2.0120 0.4379 0.3967 0.8907 0.0010 0.0021 83.0000 10.6749 0.2030 6.4130 17.2909 
194 2.0753 0.1000 1.3480 0.6385 2.0544 0.2568 -1.9510 0.4381 0.3989 0.8925 0.0007 0.0017 76.0000 10.0971 0.1600 8.2152 18.4724 
195 2.0916 0.1000 1.3468 0.5940 2.0262 0.2583 -2.0230 0.4406 0.4007 0.8954 0.0006 0.0013 87.0000 10.0404 0.1493 12.2315 22.4212 
196 2.0959 0.1000 1.3606 0.5973 1.9839 0.2630 -2.0320 0.4492 0.4018 0.8995 0.0010 0.0023 88.0000 11.3283 0.1807 3.2351 14.7441 
197 2.0976 0.1000 1.3759 0.6011 1.9581 0.2678 -1.9370 0.4548 0.4023 0.9052 0.0010 0.0029 83.0000 10.4439 0.1423 4.0044 14.5906 
198 2.0702 0.1000 1.3861 0.6880 1.9765 0.2592 -2.0150 0.4473 0.4042 0.9080 0.0010 0.0032 70.0000 8.4593 0.1661 7.7477 16.3732 
199 2.0709 0.1000 1.3954 0.6946 1.9687 0.2627 -1.8680 0.4498 0.4062 0.9105 0.0009 0.0029 74.0000 9.5792 0.1398 3.1081 12.8270 
200 2.0779 0.1000 1.3328 0.6038 2.0016 0.2377 -1.9800 0.4194 0.4081 0.9129 0.0010 0.0013 109.0000 13.8090 0.2082 9.3185 23.3358 
201 2.1013 0.1000 1.3561 0.5739 1.9784 0.2691 -1.9790 0.4501 0.4095 0.9161 0.0010 0.0051 107.0000 13.2539 0.2883 7.8969 21.4391 
202 2.1185 0.1000 1.4123 0.6035 1.9246 0.3040 -1.9390 0.4735 0.4108 0.9199 0.0010 0.0032 82.0000 10.2986 0.1656 2.3049 12.7691 
203 2.0802 0.1000 1.4655 0.7179 1.7506 0.2894 -1.6980 0.4425 0.4127 0.9230 0.0008 0.0044 66.0000 8.8845 0.1512 5.6604 14.6962 
204 2.2130 0.1000 1.5060 1.1498 1.4084 0.1000 -0.0780 0.0429 0.4153 0.9233 0.0009 0.0095 62.0000 7.5284 0.1612 4.0187 11.7083 
205 3.1416 1.5976 0.1000 0.1000 0.1000 0.1000 -0.5200 0.0951 0.4087 0.9409 0.0010 0.0054 104.0000 15.6813 0.1636 2.7956 18.6405 
206 3.1416 1.8610 0.1000 3.1416 0.1000 0.1000 -0.3910 0.0839 0.4089 0.9348 0.0009 0.0088 160.0000 20.0554 0.1388 2.2101 22.4044 
207 3.1416 0.1000 0.1000 0.1000 0.1000 1.3595 -0.0220 0.0524 0.4082 0.9269 0.0009 0.0056 143.0000 18.2957 0.1629 5.2414 23.7000 
208 3.1416 1.7028 0.1000 0.1000 3.1416 2.0763 -0.0720 0.0561 0.4082 0.9177 0.0004 0.0095 97.0000 15.1951 0.2029 4.3897 19.7877 
209 3.1416 0.1000 3.1416 0.9443 0.1000 3.1416 0.0580 0.0625 0.4083 0.9083 0.0005 0.0098 117.0000 15.8514 0.3051 10.8796 27.0361 
210 3.1416 0.1000 0.1000 3.1416 3.1416 0.1000 0.1800 0.0521 0.4082 0.8976 0.0010 0.0009 141.0000 16.1168 0.1289 2.4120 18.6578 
211 0.1000 3.1416 3.1416 0.1000 0.1000 3.1416 -0.1900 0.0737 0.4087 0.8874 0.0009 0.0006 144.0000 19.2792 0.1102 2.5198 21.9092 
212 0.1000 3.1416 3.1416 0.1000 0.1000 0.1000 -0.5270 0.0951 0.4080 0.8785 0.0005 0.0004 147.0000 16.8660 0.1232 2.6165 19.6058 
213 0.1000 3.1416 3.1416 1.5545 0.1000 0.1000 -0.0900 0.0770 0.4072 0.8729 0.0006 0.0038 118.0000 15.0206 0.1241 2.8817 18.0263 
214 3.1416 0.1000 0.1000 0.1000 1.7734 0.1000 -0.3410 0.1403 0.4072 0.8646 0.0007 0.0100 140.0000 16.7165 0.1398 2.5067 19.3630 
215 3.1416 3.1416 1.0914 0.1000 1.1441 0.1000 -0.5620 0.1501 0.4070 0.8579 0.0004 0.0099 110.0000 14.3387 0.3299 5.8423 20.5109 
216 3.1416 1.6876 0.1000 1.1729 0.1000 3.1416 0.0160 0.0560 0.4063 0.8539 0.0006 0.0096 106.0000 12.9505 0.1674 4.4027 17.5206 
217 3.1416 2.3330 0.1000 0.1000 1.3221 0.1000 -0.4120 0.1496 0.4061 0.8441 0.0009 0.0095 113.0000 13.3623 0.1750 4.8017 18.3390 
218 3.1416 3.1416 1.6869 0.1000 1.9644 1.3450 -0.0060 0.0759 0.4064 0.8387 0.0003 0.0093 95.0000 11.2463 0.1424 2.4823 13.8710 
219 0.1000 0.1000 0.1000 0.1000 3.1416 0.1000 0.1040 0.0521 0.4062 0.8294 0.0010 0.0009 138.0000 17.0194 0.1408 2.6456 19.8058 
220 3.1416 0.1000 3.1416 0.1000 3.1416 3.1416 -0.0480 0.0625 0.4064 0.8202 0.0007 0.0005 160.0000 19.0527 0.1331 10.5134 29.6992 
221 0.1000 3.1416 0.1000 0.1000 0.1000 3.1416 0.2950 0.0438 0.4060 0.8117 0.0009 0.0005 181.0000 21.8955 0.1356 7.5654 29.5965 
222 0.1000 1.7509 0.1000 3.1416 3.1416 0.1000 -0.2920 0.0706 0.4068 0.8025 0.0010 0.0043 117.0000 14.0630 0.1254 2.9548 17.1432 
223 1.2637 3.1416 3.1416 0.1000 1.2046 0.1000 -0.6520 0.1570 0.4066 0.7964 0.0005 0.0096 111.0000 13.2722 0.1311 9.5977 23.0010 
224 1.9634 3.1416 3.1416 1.2081 1.6794 0.1000 0.5450 0.0054 0.4054 0.7948 0.0003 0.0091 85.0000 10.2088 0.2232 5.4304 15.8624 
225 1.8221 0.1000 1.6555 3.1416 0.1000 3.1416 0.1500 0.0241 0.4047 0.7870 0.0009 0.0099 103.0000 13.3766 0.1159 2.4030 15.8956 
226 0.1000 0.1000 3.1416 1.2747 0.1000 1.2597 0.6780 0.0361 0.4047 0.7782 0.0006 0.0099 128.0000 16.2647 0.1503 3.2111 19.6262 
227 2.3811 3.1416 3.1416 1.6223 1.6201 3.1416 -0.0400 0.0664 0.4050 0.7707 0.0003 0.0097 91.0000 11.7369 0.1417 2.8492 14.7278 
228 0.1000 3.1416 0.1000 3.1416 3.1416 3.1416 0.0050 0.0625 0.4048 0.7631 0.0007 0.0006 164.0000 20.4660 0.1007 5.4311 25.9978 
229 3.1416 3.1416 0.1000 3.1416 0.1000 0.1000 -0.2890 0.0839 0.4046 0.7559 0.0009 0.0005 172.0000 21.1954 0.1167 6.1327 27.4448 
230 1.3899 3.1416 0.1000 3.1416 3.1416 0.1000 -0.2080 0.1338 0.4045 0.7506 0.0010 0.0033 121.0000 14.2302 0.1207 10.2690 24.6199 
231 3.1416 1.5151 0.1000 1.4354 3.1416 3.1416 -0.0070 0.0578 0.4044 0.7448 0.0005 0.0094 86.0000 10.7844 0.1289 3.7679 14.6812 
232 3.1416 2.1968 1.3705 0.1000 0.1000 0.1000 -0.3770 0.2091 0.4041 0.7374 0.0008 0.0092 111.0000 13.6971 0.1527 3.5466 17.3964 
233 0.1000 3.1416 3.1416 0.1000 1.3963 0.1000 -0.3260 0.1522 0.4043 0.7331 0.0010 0.0045 129.0000 16.1184 0.1284 3.1026 19.3494 
234 1.3610 3.1416 3.1416 0.1000 0.1000 0.1000 -0.4470 0.2085 0.4045 0.7288 0.0008 0.0030 156.0000 18.3223 0.1295 4.6924 23.1443 
235 0.1000 1.7598 3.1416 3.1416 0.1000 0.1000 -0.1890 0.0703 0.4049 0.7253 0.0010 0.0034 163.0000 21.2275 0.1309 2.8518 24.2102 
236 1.7618 1.9761 3.1416 1.3124 0.1000 3.1416 0.1660 0.1160 0.4049 0.7199 0.0005 0.0099 132.0000 15.1237 0.1293 2.9921 18.2451 
237 1.6467 3.1416 3.1416 0.1000 3.1416 1.8176 0.2720 0.0625 0.4046 0.7132 0.0007 0.0097 116.0000 15.3653 0.1434 2.7949 18.3036 
238 3.1416 0.1000 0.1000 0.1000 3.1416 0.9879 0.4400 0.0504 0.4046 0.7050 0.0008 0.0071 142.0000 17.1849 0.1457 3.0440 20.3747 
239 3.1416 2.0032 3.1416 3.1416 3.1416 3.1416 -0.0620 0.0625 0.4055 0.6994 0.0009 0.0048 141.0000 17.6051 0.1171 2.9913 20.7136 
240 0.1000 3.1416 0.1000 1.8446 3.1416 0.1000 0.0980 0.0510 0.4053 0.6935 0.0009 0.0031 132.0000 15.7824 0.1305 3.5048 19.4178 
241 3.1416 0.1000 1.0747 3.1416 0.1000 0.1000 -0.3800 0.1146 0.4056 0.6872 0.0008 0.0037 176.0000 22.7986 0.1259 2.9101 25.8346 
242 3.1416 3.1416 0.1000 1.1462 3.1416 1.7117 0.6600 0.0343 0.4052 0.6836 0.0008 0.0098 116.0000 13.6772 0.1375 4.1630 17.9777 
243 3.1416 0.1000 0.1000 3.1416 0.1000 1.4543 0.0330 0.0544 0.4055 0.6768 0.0008 0.0035 142.0000 17.6202 0.1612 3.2674 21.0488 
244 1.8220 1.6035 3.1416 3.1416 1.5617 3.1416 0.0360 0.0647 0.4055 0.6719 0.0004 0.0095 83.0000 11.0198 0.1148 6.3233 17.4578 
245 1.5955 1.7472 0.1000 3.1416 0.1000 3.1416 0.0700 0.0584 0.4051 0.6654 0.0009 0.0094 104.0000 12.5714 0.1163 6.2613 18.9490 
246 3.1416 3.1416 1.7061 0.1000 0.1000 1.6284 -0.3940 0.0328 0.4047 0.6589 0.0007 0.0100 133.0000 16.3922 0.1302 5.7583 22.2807 
247 3.1416 0.1000 1.6404 1.5421 3.1416 3.1416 0.0820 0.0654 0.4040 0.6563 0.0007 0.0098 119.0000 14.2100 0.1274 3.0123 17.3496 
248 1.7356 1.6031 3.1416 0.1000 0.1000 0.1000 -0.3300 0.0316 0.4038 0.6500 0.0009 0.0078 113.0000 14.1513 0.1440 3.0457 17.3411 
249 3.1416 1.8263 3.1416 0.1000 0.1000 1.5365 0.0190 0.0638 0.4033 0.6468 0.0007 0.0070 131.0000 16.6969 0.1413 5.9636 22.8018 
196 2.0959 0.1000 1.3606 0.5973 1.9839 0.2630 -2.0320 0.4492 0.4018 0.8995 0.0010 0.0023 88.0000 11.3283 0.1807 3.2351 14.7441 
