0 3.0145 0.5269 0.1718 3.1374 0.6604 0.4668 2.0814 1.1513 2.8057 0.8049 0.2360 0.1347 0.1000 0.9900 0.0000 0.0000 0.0000 0.0000 0.0000 0.0000 0.0000 
1 3.0184 1.0716 1.9284 2.9350 2.1843 2.9100 2.2538 0.2473 2.7808 1.8932 -0.5870 0.1190 0.1000 0.9900 0.0000 0.0000 0.0000 0.0000 0.0000 0.0000 0.0000 
2 1.0450 0.6783 2.6848 1.8727 2.9530 2.4540 3.0236 1.8225 2.2242 1.9624 0.6220 0.0929 0.1000 0.9900 0.0000 0.0000 0.0000 0.0000 0.0000 0.0000 0.0000 
3 0.8860 3.0099 1.0504 2.4758 3.0036 2.0797 0.5326 2.6100 2.1303 0.6628 0.5630 0.0542 0.1000 0.9900 0.0000 0.0000 0.0000 0.0000 0.0000 0.0000 0.0000 
4 0.2494 1.7176 0.1981 2.9137 1.6399 1.6735 1.3454 2.1105 2.8875 1.0347 -0.3250 0.0864 0.1000 0.9900 0.0000 0.0000 0.0000 0.0000 0.0000 0.0000 0.0000 
5 1.2369 1.8720 1.0043 1.9117 1.7520 1.4184 2.1477 1.7067 0.3680 3.1309 0.0340 0.0518 0.1000 0.9900 0.0000 0.0000 0.0000 0.0000 0.0000 0.0000 0.0000 
6 1.1819 1.4132 1.3252 2.9272 2.9961 1.6573 1.3186 0.3937 2.8237 0.6213 -0.5040 0.0621 0.1000 0.9900 0.0000 0.0000 0.0000 0.0000 0.0000 0.0000 0.0000 
7 1.7626 1.1619 1.0985 1.1865 0.6817 0.2125 1.7286 2.5208 2.0681 0.7129 -0.0160 0.1692 0.1000 0.9900 0.0000 0.0000 0.0000 0.0000 0.0000 0.0000 0.0000 
8 2.2098 0.2584 1.3493 2.6187 2.9014 1.5009 2.6748 1.6163 1.6937 1.8779 -0.2580 0.0558 0.1000 0.9900 0.0000 0.0000 0.0000 0.0000 0.0000 0.0000 0.0000 
9 3.1151 2.3620 1.5388 2.3120 2.0566 1.1760 2.4851 2.5935 1.9505 2.9674 0.2020 0.0556 0.1000 0.9900 0.0000 0.0000 0.0000 0.0000 0.0000 0.0000 0.0000 
10 0.2996 1.6302 0.2649 2.9352 1.7036 1.6549 1.3791 1.9333 2.9161 1.0170 -0.3370 0.0853 0.1000 0.9900 0.0000 0.0100 902.0000 467.3324 0.7493 1.5321 469.6138 
11 3.0113 1.0700 1.9102 2.9461 2.1937 2.8952 2.2379 0.2359 2.7805 1.8769 -0.5320 0.1229 0.3330 0.9872 0.0003 0.0097 41.0000 27.0318 0.7989 1.0924 28.9231 
12 3.0516 1.0777 1.9957 2.8970 2.1469 2.9690 2.3121 0.2837 2.7837 1.9545 -0.4690 0.0932 0.3311 0.9536 0.0003 0.0100 61.0000 36.3958 0.4329 1.5272 38.3559 
13 1.4313 1.2753 1.2907 3.0345 2.8580 1.7964 1.4278 0.2254 2.8747 0.7761 -0.5730 0.1032 0.3870 0.9784 0.0001 0.0094 50.0000 35.7608 0.4503 2.1651 38.3761 
14 2.7972 1.0141 1.6071 3.1416 2.4226 2.6617 1.9518 0.1000 2.8096 1.5801 -0.7940 0.0810 0.5897 1.1225 0.0000 0.0095 74.0000 45.7567 0.3739 1.3438 47.4744 
15 2.7515 0.8906 1.3695 3.1416 2.6407 2.6058 1.7472 0.1000 2.8408 1.4306 -0.4660 0.0590 0.7678 1.3142 0.0000 0.0095 80.0000 54.5955 0.4387 1.8934 56.9276 
16 2.7306 1.1215 1.7194 3.1416 2.3079 2.6138 2.0271 0.1000 2.7987 1.5904 -0.8310 0.0747 0.4414 1.0814 0.0001 0.0093 67.0000 48.4030 0.7971 2.2354 51.4355 
17 2.7016 1.1544 1.7422 3.1416 2.2793 2.5880 2.0376 0.1000 2.7991 1.5774 -0.8370 0.0648 0.5092 1.1159 0.0004 0.0099 75.0000 41.2861 0.4283 0.9440 42.6584 
18 2.6803 1.1784 1.7581 3.1416 2.2590 2.5685 2.0438 0.1000 2.8010 1.5652 -0.7070 0.0567 0.5502 1.1582 0.0004 0.0098 77.0000 49.6030 0.5098 1.6734 51.7863 
19 2.7621 1.0634 1.7005 3.1416 2.3581 2.6699 2.0462 0.1000 2.7542 1.6819 -1.0780 0.1204 0.5031 1.1542 0.0008 0.0098 99.0000 66.0998 0.2465 0.8488 67.1950 
20 2.7024 1.0273 1.6985 3.1416 2.4162 2.6915 2.0980 0.1000 2.6436 1.8351 -0.9400 0.2096 0.2943 1.1495 0.0004 0.0097 73.0000 48.3308 0.9787 2.3398 51.6493 
21 2.7971 1.0293 1.7297 3.1416 2.3615 2.7048 2.0924 0.1000 2.7398 1.7260 -1.1000 0.1403 0.2866 1.0941 0.0010 0.0097 122.0000 91.2133 1.4514 1.5985 94.2632 
22 2.8083 1.0044 1.7453 3.1416 2.3677 2.7052 2.1157 0.1000 2.7417 1.7180 -1.0630 0.1235 0.2918 1.1261 0.0009 0.0053 131.0000 92.6651 0.8205 1.7154 95.2010 
23 3.1416 3.1416 3.1416 0.1000 0.1000 3.1416 0.1000 0.1000 0.1000 0.1000 0.8250 0.0250 0.3203 1.1817 0.0000 0.0098 184.0000 133.9254 0.2425 0.8418 135.0098 
24 0.8961 0.4365 0.8116 3.1416 3.1416 1.8213 1.3352 0.1000 3.1416 0.7033 -0.6160 0.1174 0.3544 1.1719 0.0000 0.0095 162.0000 112.5491 0.2775 0.9530 113.7797 
25 1.1663 0.2788 1.5905 3.1416 3.1416 1.4414 0.7277 0.1000 3.1416 0.7380 0.1620 0.0167 0.3609 1.1847 0.0000 0.0099 183.0000 113.5452 0.9351 2.4388 116.9191 
26 0.9032 0.9767 0.4659 3.1416 3.0501 2.0694 1.8198 0.1000 3.0445 0.6785 -0.1850 0.0331 0.3344 1.1348 0.0001 0.0085 88.0000 43.3008 0.3315 0.9303 44.5627 
27 0.2802 0.1000 0.1922 3.0989 3.1416 1.8610 1.0232 0.1000 3.1416 0.7396 0.9020 0.0198 0.3071 1.0914 0.0000 0.0100 184.0000 103.9560 0.2884 1.2410 105.4854 
28 2.8062 1.0557 1.7139 3.1416 2.3506 2.7318 2.0811 0.1000 2.7493 1.7459 -1.2070 0.1718 0.2810 1.0634 0.0010 0.0087 102.0000 61.6867 0.2717 0.9003 62.8587 
29 2.8231 1.1011 1.6827 3.1416 2.3341 2.7846 2.0640 0.1000 2.7695 1.7818 -1.3690 0.2189 0.2664 1.0710 0.0010 0.0049 92.0000 38.9473 0.5798 2.5928 42.1199 
30 2.8338 1.1519 1.6399 3.1416 2.3223 2.8432 2.0459 0.1000 2.7946 1.8183 -1.2440 0.2478 0.2598 1.1118 0.0009 0.0076 89.0000 42.8992 0.8150 1.8818 45.5960 
31 2.8732 1.1186 1.6924 3.1416 2.3010 2.7881 1.9921 0.1000 2.7411 1.8174 -1.1720 0.1980 0.2637 1.0964 0.0009 0.0074 137.0000 68.3925 0.3706 1.6318 70.3950 
32 2.7926 1.1268 1.6365 3.1416 2.3549 2.8439 2.1470 0.1000 2.8315 1.7788 -1.4580 0.2553 0.2826 1.1400 0.0007 0.0071 155.0000 81.7807 0.4730 1.1493 83.4030 
33 2.7738 1.1393 1.6057 3.1416 2.3715 2.8785 2.2036 0.1000 2.8697 1.7758 -1.5580 0.2643 0.2959 1.2065 0.0006 0.0049 109.0000 57.2403 0.3464 1.1536 58.7403 
34 0.1000 0.1000 3.1416 0.1000 0.1000 0.1000 0.1000 0.1000 0.1000 3.1416 -0.8130 0.1138 0.3249 1.2910 0.0000 0.0035 286.0000 150.2038 0.4486 1.4202 152.0726 
35 0.1000 0.1000 3.1416 0.1000 0.1000 0.1000 0.1000 0.1000 0.1000 2.1228 1.4250 0.0143 0.3180 1.2693 0.0001 0.0100 220.0000 137.5933 0.5910 1.3686 139.5529 
36 2.7542 1.1551 1.5675 3.1416 2.3905 2.9178 2.2633 0.1000 2.9110 1.7754 -1.5970 0.2665 0.3028 1.2673 0.0009 0.0068 107.0000 62.5227 0.3296 5.4642 68.3165 
37 2.7442 1.1681 1.5395 3.1416 2.4028 2.9483 2.2984 0.1000 2.9382 1.7796 -1.6430 0.2640 0.3306 1.3282 0.0010 0.0090 144.0000 94.3838 0.9921 4.8238 100.1998 
38 2.7338 1.1847 1.5051 3.1416 2.4177 2.9868 2.3367 0.1000 2.9702 1.7869 -1.6030 0.2556 0.3576 1.3906 0.0009 0.0092 113.0000 63.7036 0.8792 2.0519 66.6346 
39 2.7212 1.1657 1.5184 3.1416 2.3928 3.0173 2.3168 0.1000 2.9353 1.7611 -1.5290 0.2611 0.3768 1.4274 0.0008 0.0098 118.0000 48.1204 0.2973 3.1041 51.5218 
40 2.7732 1.1983 1.5237 3.1416 2.4388 2.9003 2.3228 0.1000 2.9919 1.8261 -1.5540 0.2402 0.3904 1.4626 0.0009 0.0071 139.0000 66.0655 1.0495 3.5134 70.6284 
41 3.1416 0.1000 0.1000 0.1000 0.1000 3.1416 0.1000 3.1416 0.1000 3.1416 -0.2510 0.0737 0.4080 1.4951 0.0004 0.0097 196.0000 84.9315 0.2392 3.9625 89.1332 
42 2.7933 1.2212 1.5036 3.1416 2.4251 2.9309 2.3390 0.1000 2.8903 1.7603 -1.4720 0.2410 0.3910 1.4130 0.0010 0.0097 187.0000 71.9538 0.3458 1.8447 74.1443 
43 0.1000 3.1416 0.1000 0.1000 0.1000 3.1416 3.1416 3.1416 0.1000 0.1000 -0.1220 0.0721 0.4079 1.4581 0.0004 0.0099 165.0000 60.9911 0.1930 2.0862 63.2703 
44 2.6977 1.1274 1.5626 3.1416 2.3961 2.9596 2.2696 0.1000 3.0250 1.8282 -1.5950 0.2501 0.3929 1.3829 0.0009 0.0062 191.0000 73.5907 0.3104 1.0301 74.9312 
45 2.7128 1.1065 1.5069 3.1416 2.3461 2.9454 2.2897 0.1000 3.0158 1.8395 -1.5960 0.2701 0.4130 1.4260 0.0010 0.0071 166.0000 72.5223 0.3815 0.8929 73.7967 
46 2.7047 1.1488 1.5689 3.1416 2.4462 3.0140 2.2588 0.1000 3.0510 1.8448 -1.4790 0.2207 0.4333 1.4678 0.0010 0.0094 124.0000 52.3476 0.3676 1.5798 54.2950 
47 2.6995 1.1261 1.5080 3.1416 2.3104 2.9071 2.3299 0.1000 2.9829 1.8067 -1.6480 0.2888 0.4353 1.4862 0.0010 0.0065 164.0000 62.5197 0.3658 3.5039 66.3895 
48 2.6921 1.1250 1.4945 3.1416 2.2932 2.9069 2.3439 0.1000 2.9900 1.8118 -1.6860 0.2921 0.4514 1.5325 0.0010 0.0065 114.0000 32.2884 0.1887 0.9685 33.4456 
49 2.6622 1.1240 1.4466 3.1416 2.2406 2.9089 2.3960 0.1000 3.0206 1.8279 -1.5920 0.2966 0.4648 1.5773 0.0009 0.0063 99.0000 25.7234 0.2037 0.8784 26.8055 
50 2.7538 1.0432 1.4771 3.1416 2.2969 2.9094 2.3587 0.1000 2.9993 1.7893 -1.5250 0.2701 0.4766 1.6081 0.0010 0.0065 134.0000 34.1682 0.1948 0.8020 35.1650 
51 2.6259 1.2121 1.5093 3.1416 2.2831 2.9139 2.3228 0.1000 2.9796 1.8498 -1.6240 0.2997 0.4878 1.6435 0.0010 0.0059 130.0000 29.5862 0.2017 0.8399 30.6278 
52 2.6436 1.1956 1.4075 3.1416 2.2800 2.9298 2.2922 0.1000 2.9727 1.8904 -1.5380 0.3007 0.5052 1.6896 0.0009 0.0096 158.0000 40.0932 0.2117 0.8314 41.1363 
53 2.6298 1.1910 1.5778 3.1416 2.2935 2.9190 2.4008 0.1000 3.0317 1.7943 -1.5900 0.2684 0.5147 1.7280 0.0010 0.0058 121.0000 27.6882 0.2819 2.5351 30.5053 
54 2.6136 1.1202 1.5380 3.1416 2.3409 2.9209 2.4133 0.1000 2.9481 1.8783 -1.4860 0.2609 0.5310 1.7718 0.0009 0.0065 141.0000 37.3623 0.2304 0.8344 38.4271 
55 2.7143 1.2205 1.5057 3.1416 2.2438 2.9379 2.3052 0.1000 3.0707 1.7645 -1.4630 0.2586 0.5403 1.8094 0.0009 0.0050 125.0000 32.1542 0.2056 0.7646 33.1244 
56 2.5965 1.1368 1.4510 3.1416 2.3785 2.8737 2.3325 0.1000 3.0212 1.7580 -1.5940 0.2897 0.5437 1.8349 0.0009 0.0054 219.0000 52.0554 0.2199 1.2620 53.5373 
57 2.4988 1.1746 1.2689 3.1416 2.3687 2.9557 2.5892 0.1000 3.1416 1.7899 -1.2950 0.2459 0.5610 1.8833 0.0006 0.0098 112.0000 29.2462 0.1994 0.8423 30.2879 
58 3.1416 0.1000 0.1000 0.1000 3.1416 0.1000 3.1416 3.1416 0.1000 0.1000 -0.3730 0.0839 0.5653 1.9116 0.0010 0.0057 240.0000 61.1684 0.2130 0.8909 62.2724 
59 0.1000 3.1416 0.1000 3.1416 0.1000 3.1416 3.1416 0.1000 3.1416 3.1416 -0.4900 0.0915 0.5509 1.8220 0.0010 0.0079 189.0000 43.1426 0.1483 1.0727 44.3636 
60 0.1000 3.1416 0.1000 0.1000 0.1000 0.1000 3.1416 0.1000 3.1416 3.1416 0.4440 0.0438 0.5368 1.7439 0.0005 0.0034 281.0000 70.2495 0.2577 3.8284 74.3356 
61 0.1000 0.1000 3.1416 3.1416 0.1000 3.1416 0.1000 3.1416 0.1000 3.1416 0.1650 0.0521 0.5411 1.7035 0.0010 0.0056 268.0000 63.3352 0.1532 0.9664 64.4549 
62 0.1000 3.1416 3.1416 3.1416 0.1000 0.1000 3.1416 3.1416 3.1416 0.1000 -0.7200 0.1048 0.5387 1.6519 0.0010 0.0071 223.0000 60.6333 0.1692 1.2417 62.0443 
63 3.1416 3.1416 3.1416 0.1000 0.1000 0.1000 0.1000 3.1416 3.1416 3.1416 0.1140 0.0521 0.5256 1.5956 0.0010 0.0056 201.0000 49.5563 0.1635 1.5481 51.2679 
64 0.1000 3.1416 3.1416 3.1416 0.1000 0.1000 3.1416 3.1416 0.1000 0.1000 0.1640 0.0556 0.5229 1.5511 0.0010 0.0051 281.0000 70.7361 0.1803 1.3614 72.2778 
65 2.6073 1.0995 1.5104 3.1416 2.2816 2.9629 2.2735 0.1000 2.9333 1.7614 -1.6390 0.3040 0.5203 1.5096 0.0010 0.0041 165.0000 40.8044 0.2007 1.4264 42.4315 
66 3.1416 3.1416 0.1000 0.1000 3.1416 0.1000 0.1000 0.1000 0.1000 3.1416 0.5030 0.0438 0.5312 1.5388 0.0010 0.0054 248.0000 69.2337 0.1980 2.4958 71.9275 
67 2.5714 1.0695 1.4955 3.1416 2.2408 3.0342 2.2721 0.1000 2.9358 1.7632 -1.4770 0.2773 0.5381 1.5146 0.0010 0.0065 122.0000 35.6283 0.2050 0.9800 36.8134 
68 0.1000 0.1000 0.1000 3.1416 3.1416 0.1000 3.1416 3.1416 0.1000 3.1416 -0.2080 0.0719 0.5429 1.5384 0.0009 0.0049 216.0000 57.3811 0.1624 1.0373 58.5808 
69 2.6556 1.1283 1.5141 3.1416 2.3286 2.8358 2.2713 0.1000 2.9838 1.8274 -1.7410 0.3011 0.5338 1.4892 0.0010 0.0033 155.0000 45.0991 0.2290 1.1964 46.5244 
70 2.6258 1.1008 1.5045 3.1416 2.3107 2.7586 2.2532 0.1000 3.0676 1.9049 -1.5960 0.2802 0.5277 1.5042 0.0009 0.0048 146.0000 39.7378 0.2220 2.3154 42.2752 
71 2.7115 1.1546 1.2112 3.1416 2.2956 2.6113 2.3229 0.1000 3.1416 2.2652 -0.6890 0.0768 0.5413 1.5342 0.0005 0.0096 141.0000 34.7950 0.2884 1.0713 36.1547 
72 3.1416 3.1416 0.1000 3.1416 3.1416 3.1416 3.1416 0.1000 0.1000 0.1000 -0.5520 0.0951 0.5148 1.5401 0.0009 0.0049 252.0000 71.6405 0.1657 1.0696 72.8758 
73 3.1416 0.1000 0.1000 0.1000 0.1000 3.1416 3.1416 3.1416 3.1416 0.1000 -0.4800 0.0951 0.5057 1.4981 0.0010 0.0063 238.0000 55.3825 0.1790 0.9347 56.4962 
74 0.1000 3.1416 3.1416 3.1416 0.1000 3.1416 0.1000 0.1000 3.1416 3.1416 -0.4880 0.0915 0.4972 1.4581 0.0010 0.0062 243.0000 62.4612 0.1522 0.9952 63.6085 
75 0.1000 0.1000 0.1000 0.1000 0.1000 3.1416 3.1416 0.1000 0.1000 3.1416 0.1130 0.0581 0.4892 1.4213 0.0007 0.0048 237.0000 55.3433 0.1943 1.1590 56.6965 
76 0.1000 3.1416 3.1416 3.1416 3.1416 0.1000 3.1416 0.1000 3.1416 0.1000 0.1770 0.0521 0.4876 1.3907 0.0009 0.0061 238.0000 65.5655 0.2776 1.0213 66.8643 
77 3.1416 0.1000 3.1416 0.1000 3.1416 3.1416 0.1000 3.1416 0.1000 0.1000 -0.2360 0.0839 0.4853 1.3593 0.0008 0.0053 266.0000 69.3414 0.1754 0.9770 70.4938 
78 0.1000 0.1000 0.1000 0.1000 0.1000 3.1416 0.1000 3.1416 3.1416 0.1000 0.0880 0.0610 0.4798 1.3285 0.0010 0.0061 249.0000 62.5215 0.1992 2.1300 64.8508 
79 3.1416 0.1000 3.1416 3.1416 0.1000 3.1416 3.1416 3.1416 0.1000 0.1000 -0.3870 0.0839 0.4776 1.3011 0.0010 0.0059 220.0000 57.6502 0.3195 1.8059 59.7757 
80 0.1000 3.1416 3.1416 0.1000 3.1416 3.1416 0.1000 0.1000 3.1416 3.1416 0.2220 0.0534 0.4709 1.2728 0.0009 0.0049 275.0000 62.9738 0.1649 0.9743 64.1130 
81 3.1416 0.1000 3.1416 0.1000 0.1000 0.1000 3.1416 3.1416 0.1000 3.1416 0.0860 0.0521 0.4715 1.2519 0.0010 0.0076 231.0000 57.3225 0.1785 1.0162 58.5172 
82 3.1416 0.1000 3.1416 3.1416 3.1416 0.1000 0.1000 3.1416 0.1000 0.1000 -0.3930 0.0839 0.4690 1.2273 0.0010 0.0064 263.0000 64.1545 0.2339 3.0113 67.3998 
83 3.1416 3.1416 0.1000 3.1416 0.1000 3.1416 3.1416 0.1000 0.1000 0.1000 0.8050 0.0250 0.4626 1.2027 0.0010 0.0070 266.0000 67.3325 0.2356 3.9834 71.5515 
84 3.1416 3.1416 3.1416 0.1000 3.1416 0.1000 3.1416 3.1416 3.1416 0.1000 -0.0140 0.0625 0.4718 1.1974 0.0010 0.0066 249.0000 64.5051 0.1767 0.9833 65.6651 
85 0.1000 3.1416 0.1000 3.1416 0.1000 0.1000 0.1000 3.1416 3.1416 3.1416 0.5180 0.0382 0.4682 1.1746 0.0010 0.0069 229.0000 57.4634 0.1492 0.9756 58.5882 
86 3.1416 0.1000 0.1000 3.1416 3.1416 3.1416 3.1416 3.1416 0.1000 0.1000 -0.4490 0.0839 0.4705 1.1585 0.0009 0.0059 194.0000 45.5765 0.1584 0.9231 46.6579 
87 3.1416 0.1000 0.1000 0.1000 3.1416 3.1416 0.1000 3.1416 3.1416 3.1416 -0.2150 0.0737 0.4642 1.1388 0.0010 0.0054 225.0000 53.7991 0.1603 1.0035 54.9629 
88 0.1000 3.1416 0.1000 0.1000 3.1416 0.1000 3.1416 0.1000 0.1000 0.1000 1.0340 0.0250 0.4591 1.1184 0.0005 0.0031 250.0000 60.1105 0.1875 0.9432 61.2412 
89 3.1416 0.1000 0.1000 3.1416 3.1416 0.1000 0.1000 3.1416 0.1000 3.1416 0.1760 0.0521 0.4765 1.1265 0.0010 0.0058 240.0000 56.6696 0.1712 1.0569 57.8978 
90 0.1000 3.1416 3.1416 3.1416 0.1000 3.1416 3.1416 3.1416 3.1416 0.1000 -0.3840 0.0839 0.4741 1.1071 0.0010 0.0058 250.0000 58.7607 0.1509 1.0951 60.0067 
91 0.1000 3.1416 3.1416 0.1000 0.1000 3.1416 3.1416 3.1416 3.1416 3.1416 -0.2300 0.0737 0.4686 1.0905 0.0009 0.0058 241.0000 56.6390 0.1888 1.3021 58.1300 
92 2.6304 1.1334 1.5185 3.1416 2.3377 2.8546 2.2751 0.2128 2.9880 1.7961 -1.6440 0.2771 0.4636 1.0730 0.0009 0.0033 291.0000 66.5823 0.3269 1.7531 68.6623 
93 0.1000 3.1416 0.1000 3.1416 0.1000 3.1416 0.1000 0.1000 0.1000 3.1416 0.6360 0.0353 0.4744 1.0874 0.0010 0.0058 256.0000 60.4874 0.1465 1.0304 61.6644 
94 2.5901 1.1410 1.5586 3.1416 2.3507 2.8413 2.2563 0.1000 3.0055 1.7866 -1.6180 0.2852 0.4806 1.0792 0.0010 0.0029 192.0000 47.4637 0.2669 1.1341 48.8648 
95 2.5340 1.0012 1.5871 3.1416 2.3223 2.8497 2.3192 0.1000 3.1416 1.7624 -1.2750 0.2258 0.4937 1.0966 0.0010 0.0055 197.0000 44.9993 0.1907 0.9992 46.1892 
96 0.1000 0.1000 3.1416 3.1416 0.1000 0.1000 3.1416 3.1416 3.1416 0.1000 -0.4740 0.0929 0.4805 1.1058 0.0010 0.0055 222.0000 53.5724 0.1966 1.0901 54.8590 
97 0.1000 0.1000 0.1000 3.1416 0.1000 3.1416 3.1416 3.1416 3.1416 0.1000 0.6490 0.0309 0.4755 1.0918 0.0010 0.0058 253.0000 61.6687 0.1901 0.9983 62.8571 
98 0.1000 0.1000 3.1416 0.1000 3.1416 0.1000 0.1000 3.1416 3.1416 3.1416 0.2190 0.0521 0.4776 1.0783 0.0010 0.0049 256.0000 60.6456 0.2120 1.1460 62.0036 
99 2.6518 1.1646 1.4662 3.1416 2.3197 2.8252 2.2774 0.1000 2.9207 1.7940 -1.5810 0.3032 0.4772 1.0640 0.0007 0.0019 234.0000 55.2488 0.1932 1.0450 56.4870 
69 2.6556 1.1283 1.5141 3.1416 2.3286 2.8358 2.2713 0.1000 2.9838 1.8274 -1.7410 0.3011 0.5338 1.4892 0.0010 0.0033 155.0000 45.0991 0.2290 1.1964 46.5244 
