0 3.0145 0.5269 0.1718 3.1374 0.6604 0.4668 2.0814 1.1513 2.8057 0.8049 3.0184 1.0716 1.9284 2.9350 0.0220 0.1575 0.1000 0.9900 0.0000 0.0000 0.0000 0.0000 0.0000 0.0000 0.0000 
1 2.1843 2.9100 2.2538 0.2473 2.7808 1.8932 1.0450 0.6783 2.6848 1.8727 2.9530 2.4540 3.0236 1.8225 0.6170 0.0222 0.1000 0.9900 0.0000 0.0000 0.0000 0.0000 0.0000 0.0000 0.0000 
2 2.2242 1.9624 0.8860 3.0099 1.0504 2.4758 3.0036 2.0797 0.5326 2.6100 2.1303 0.6628 0.2494 1.7176 -0.0460 0.0916 0.1000 0.9900 0.0000 0.0000 0.0000 0.0000 0.0000 0.0000 0.0000 
3 0.1981 2.9137 1.6399 1.6735 1.3454 2.1105 2.8875 1.0347 1.2369 1.8720 1.0043 1.9117 1.7520 1.4184 0.9570 0.0886 0.1000 0.9900 0.0000 0.0000 0.0000 0.0000 0.0000 0.0000 0.0000 
4 2.1477 1.7067 0.3680 3.1309 1.1819 1.4132 1.3252 2.9272 2.9961 1.6573 1.3186 0.3937 2.8237 0.6213 0.3830 0.0290 0.1000 0.9900 0.0000 0.0000 0.0000 0.0000 0.0000 0.0000 0.0000 
5 1.7626 1.1619 1.0985 1.1865 0.6817 0.2125 1.7286 2.5208 2.0681 0.7129 2.2098 0.2584 1.3493 2.6187 0.6680 0.0443 0.1000 0.9900 0.0000 0.0000 0.0000 0.0000 0.0000 0.0000 0.0000 
6 2.9014 1.5009 2.6748 1.6163 1.6937 1.8779 3.1151 2.3620 1.5388 2.3120 2.0566 1.1760 2.4851 2.5935 -0.5440 0.1026 0.1000 0.9900 0.0000 0.0000 0.0000 0.0000 0.0000 0.0000 0.0000 
7 1.9505 2.9674 0.1553 1.6208 2.0301 1.1359 0.6213 2.2050 1.4213 0.9182 0.2273 3.0416 1.1715 0.4592 0.2050 0.0178 0.1000 0.9900 0.0000 0.0000 0.0000 0.0000 0.0000 0.0000 0.0000 
8 0.7580 0.8754 2.7346 0.6495 0.9406 0.3961 1.5294 0.7318 1.1467 2.3353 2.9137 2.6372 0.2164 1.2490 -0.0730 0.0340 0.1000 0.9900 0.0000 0.0000 0.0000 0.0000 0.0000 0.0000 0.0000 
9 2.6821 0.2003 0.7181 1.5904 1.2632 2.3821 2.2843 1.5127 0.8574 0.8018 0.9099 0.2983 2.1250 0.5799 0.8420 0.0455 0.1000 0.9900 0.0000 0.0000 0.0000 0.0000 0.0000 0.0000 0.0000 
10 2.8052 2.0647 0.2727 1.6170 1.9361 0.2285 1.5804 0.1908 2.4307 0.1124 2.0223 3.0976 2.6743 0.8097 -0.2980 0.1377 0.1000 0.9900 0.0000 0.0000 0.0000 0.0000 0.0000 0.0000 0.0000 
11 1.7259 0.5254 1.1411 2.7275 2.5872 0.1277 1.2554 2.0473 0.6337 2.5413 2.8164 1.7771 1.2013 2.6808 0.9050 0.0188 0.1000 0.9900 0.0000 0.0000 0.0000 0.0000 0.0000 0.0000 0.0000 
12 1.6598 0.6729 0.9449 0.5840 2.6510 1.6508 2.2190 2.5861 3.0618 0.6794 1.3340 2.7590 2.4167 1.2763 0.0600 0.0807 0.1000 0.9900 0.0000 0.0000 0.0000 0.0000 0.0000 0.0000 0.0000 
13 2.0946 0.6931 0.5920 0.2539 1.2549 0.8177 1.6746 3.0488 0.5650 1.7963 2.7299 1.9201 1.7035 2.4353 -0.1710 0.0000 0.1000 0.9900 0.0000 0.0000 0.0000 0.0000 0.0000 0.0000 0.0000 
14 0.1664 2.9851 2.1880 2.5535 2.6100 0.3998 0.3026 0.6425 1.6353 2.9541 2.8657 1.3531 1.9931 2.3503 0.0550 0.0323 0.1000 0.9900 0.0000 0.0000 0.0000 0.0000 0.0000 0.0000 0.0000 
15 1.1110 3.0519 2.9645 2.3111 2.8418 2.5358 2.0838 1.0774 0.9558 0.8254 0.2745 2.9161 1.0074 0.1726 0.4400 0.0061 0.1000 0.9900 0.0000 0.0000 0.0000 0.0000 0.0000 0.0000 0.0000 
16 1.0614 0.4138 1.4540 1.1105 0.6337 1.5501 1.3618 1.1769 2.5736 1.0331 1.7462 2.7703 3.0171 1.2398 0.9980 0.1037 0.1000 0.9900 0.0000 0.0000 0.0000 0.0000 0.0000 0.0000 0.0000 
17 0.2232 2.9909 1.6638 0.7618 0.4899 0.8270 1.0444 0.5220 0.2491 3.1246 2.5949 0.4447 1.5622 2.5375 0.6530 0.0187 0.1000 0.9900 0.0000 0.0000 0.0000 0.0000 0.0000 0.0000 0.0000 
18 1.6344 0.3105 1.1331 1.2579 2.8816 1.8729 1.4960 2.0182 0.2479 2.1871 2.5576 2.1401 1.1976 0.9698 0.3530 0.0167 0.1000 0.9900 0.0000 0.0000 0.0000 0.0000 0.0000 0.0000 0.0000 
19 0.1309 0.3495 0.5701 1.4787 2.4672 0.7604 1.5367 2.0341 2.0146 0.1624 2.9000 1.8802 1.0224 0.8279 2.2050 0.0004 0.1000 0.9900 0.0000 0.0000 0.0000 0.0000 0.0000 0.0000 0.0000 
20 2.1956 2.9371 1.1260 1.3108 1.7945 0.6321 1.3345 2.8909 1.7923 2.6033 0.8965 2.7422 2.4805 0.7857 -0.1740 0.1535 0.1000 0.9900 0.0000 0.0000 0.0000 0.0000 0.0000 0.0000 0.0000 
21 1.7120 2.1741 1.8424 1.9309 0.8302 1.7848 1.1784 2.5271 1.2336 3.0791 1.8657 0.7927 1.3645 0.4896 1.0280 0.0204 0.1000 0.9900 0.0000 0.0000 0.0000 0.0000 0.0000 0.0000 0.0000 
22 2.3398 0.2397 1.9400 1.0368 2.4635 0.4857 2.1696 2.2717 0.8091 0.4962 1.2331 2.0740 0.8936 0.1267 0.6690 0.0792 0.1000 0.9900 0.0000 0.0000 0.0000 0.0000 0.0000 0.0000 0.0000 
23 1.4426 2.5597 0.5800 2.9613 1.6458 0.5883 0.4043 1.2278 1.5490 0.6343 0.3558 1.6246 0.8726 1.4515 -0.0510 0.0341 0.1000 0.9900 0.0000 0.0000 0.0000 0.0000 0.0000 0.0000 0.0000 
24 1.4710 2.2210 1.8568 0.7944 0.6466 2.7117 0.2536 0.4746 0.3126 2.6132 1.7454 2.9097 2.0049 1.1202 -0.0290 0.0062 0.1000 0.9900 0.0000 0.0000 0.0000 0.0000 0.0000 0.0000 0.0000 
25 2.9014 1.5009 2.6748 1.6163 1.6937 1.8779 3.1151 2.3620 1.5388 2.3120 2.0566 1.1760 2.4851 2.5935 -0.4870 0.1026 0.1000 0.9900 0.0010 0.0054 79.0000 39.0047 0.4364 1.1278 40.5688 
26 2.9142 1.5108 2.6782 1.5984 1.6947 1.8954 3.1122 2.3591 1.5435 2.3110 2.0651 1.1824 2.4728 2.6061 -0.1830 0.0957 0.1000 0.9435 0.0000 0.0100 601.0000 650.0506 0.5138 1.7061 652.2705 
27 2.8541 1.4644 2.6625 1.6824 1.6898 1.8134 3.1256 2.3726 1.5214 2.3157 2.0251 1.1526 2.5307 2.5469 -0.9390 0.1365 0.1000 1.0818 0.0009 0.0086 75.0000 89.9435 1.2111 2.0266 93.1811 
28 2.8507 1.4618 2.6616 1.6870 1.6895 1.8089 3.1264 2.3734 1.5202 2.3159 2.0229 1.1509 2.5339 2.5437 -1.0770 0.1389 0.1000 0.9770 0.0010 0.0037 88.0000 101.3555 1.0830 2.5632 105.0017 
29 2.8352 1.4498 2.6575 1.7088 1.6882 1.7876 3.1298 2.3769 1.5145 2.3171 2.0126 1.1432 2.5489 2.5283 -1.0740 0.1492 0.1000 0.9018 0.0010 0.0043 91.0000 117.6353 1.7402 3.9186 123.2941 
30 2.8330 1.4481 2.6570 1.7119 1.6880 1.7846 3.1303 2.3774 1.5137 2.3173 2.0111 1.1421 2.5510 2.5262 -0.9740 0.1505 0.1000 0.8326 0.0010 0.0038 97.0000 110.6154 0.8403 2.7681 114.2238 
31 2.8423 1.4541 2.6762 1.7124 1.6877 1.7935 3.1292 2.3579 1.5046 2.3133 2.0226 1.1410 2.5527 2.5507 -1.0050 0.1335 0.1000 0.8072 0.0000 0.0100 880.0000 876.5783 0.5584 2.1482 879.2849 
32 2.8305 1.4557 2.6515 1.7026 1.6951 1.7865 3.1109 2.3693 1.5272 2.3366 2.0217 1.1373 2.5309 2.5334 -1.1530 0.1658 0.1012 0.7785 0.0000 0.0111 1000.0000 859.1000 1.1952 0.9449 861.2401 
33 2.8202 1.4560 2.6447 1.7060 1.7005 1.7770 3.0958 2.3641 1.5360 2.3539 2.0254 1.1291 2.5214 2.5317 -1.2140 0.1819 0.1071 0.7756 0.0009 0.0037 94.0000 62.0544 0.3296 1.0321 63.4161 
34 2.8105 1.4552 2.6389 1.7107 1.7048 1.7674 3.0838 2.3600 1.5426 2.3682 2.0277 1.1217 2.5149 2.5291 -1.2220 0.1938 0.1146 0.7807 0.0010 0.0041 77.0000 54.8886 0.4202 0.8989 56.2076 
35 2.8058 1.4541 2.6360 1.7138 1.7063 1.7624 3.0797 2.3592 1.5449 2.3736 2.0276 1.1185 2.5134 2.5266 -1.2240 0.1982 0.1235 0.7865 0.0010 0.0043 85.0000 62.6709 0.3762 1.0448 64.0919 
36 2.8031 1.4532 2.6344 1.7156 1.7070 1.7595 3.0778 2.3591 1.5459 2.3762 2.0272 1.1169 2.5130 2.5248 -1.1960 0.2003 0.1295 0.7968 0.0008 0.0044 81.0000 51.0670 0.3927 1.4719 52.9316 
37 2.8068 1.4492 2.6316 1.7161 1.7075 1.7594 3.0803 2.3550 1.5461 2.3774 2.0268 1.1190 2.5125 2.5224 -1.2200 0.2028 0.1325 0.8101 0.0009 0.0064 71.0000 45.8267 0.3866 2.1912 48.4045 
38 2.7998 1.4521 2.6321 1.7176 1.7074 1.7561 3.0766 2.3610 1.5470 2.3781 2.0257 1.1154 2.5133 2.5216 -1.2080 0.2019 0.1378 0.8286 0.0009 0.0057 88.0000 38.2528 0.3179 1.3289 39.8996 
39 2.8071 1.4449 2.6290 1.7194 1.7086 1.7563 3.0804 2.3499 1.5464 2.3807 2.0266 1.1186 2.5123 2.5199 -1.2610 0.2067 0.1420 0.8498 0.0010 0.0076 91.0000 38.9917 0.2885 0.9583 40.2386 
40 2.8098 1.4274 2.6157 1.7301 1.7131 1.7449 3.0813 2.3311 1.5495 2.3951 2.0254 1.1186 2.5095 2.5075 -1.2690 0.2219 0.1499 0.8742 0.0010 0.0059 85.0000 33.9925 0.5546 1.1951 35.7422 
41 2.8046 1.4200 2.6087 1.7382 1.7153 1.7348 3.0788 2.3265 1.5517 2.4035 2.0233 1.1151 2.5094 2.4994 -1.2290 0.2281 0.1647 0.9004 0.0009 0.0058 90.0000 34.5719 0.2785 0.8635 35.7139 
42 2.8139 1.4318 2.6156 1.7427 1.7224 1.7220 3.0816 2.3487 1.5509 2.4133 2.0225 1.1117 2.5118 2.5122 -1.1540 0.2393 0.1710 0.9246 0.0003 0.0097 94.0000 35.3661 0.3849 3.0841 38.8351 
43 2.7807 1.4233 2.6139 1.7207 1.6993 1.7652 3.0691 2.3146 1.5501 2.3735 2.0261 1.1169 2.5088 2.4937 -1.1890 0.1920 0.1738 0.9483 0.0009 0.0058 90.0000 34.7502 0.3759 2.1400 37.2661 
44 2.7826 1.4188 2.6327 1.7178 1.7132 1.7655 3.0944 2.3401 1.5782 2.3999 2.0247 1.1047 2.5297 2.5077 -1.1460 0.1960 0.1842 0.9719 0.0002 0.0101 223.0000 97.4144 0.3757 1.0747 98.8648 
45 2.8018 1.4512 2.6032 1.7388 1.7003 1.7294 3.0500 2.3388 1.5152 2.3674 2.0222 1.1243 2.4923 2.5008 -1.1960 0.2135 0.1964 0.9999 0.0010 0.0065 62.0000 22.8915 0.2783 1.3902 24.5600 
46 2.8106 1.4352 2.5957 1.7522 1.6944 1.7591 3.0496 2.3553 1.5241 2.3856 2.0512 1.1004 2.5245 2.5065 -1.3320 0.2370 0.2072 1.0292 0.0004 0.0095 106.0000 46.2049 0.2712 0.9679 47.4440 
47 2.8035 1.4284 2.5712 1.7844 1.6817 1.7627 3.0219 2.3753 1.5103 2.3946 2.0749 1.0736 2.5465 2.4972 -1.1950 0.2576 0.2277 1.0690 0.0010 0.0073 89.0000 34.1535 0.6746 2.2660 37.0941 
48 2.8163 1.3969 2.6176 1.7932 1.6608 1.7597 3.0132 2.3692 1.5331 2.3915 2.0144 1.1105 2.5022 2.5153 -1.0050 0.2465 0.2337 1.0915 0.0002 0.0101 196.0000 78.2848 0.2642 0.9761 79.5251 
49 2.7929 1.4734 2.5612 1.7242 1.7330 1.7352 3.0828 2.3362 1.5056 2.3832 2.0870 1.0837 2.5509 2.4838 -1.4410 0.2313 0.2298 1.1194 0.0010 0.0078 81.0000 33.6375 0.2721 1.1014 35.0111 
50 2.7568 1.5107 2.5195 1.7147 1.7710 1.6912 3.1063 2.3238 1.4804 2.3847 2.1207 1.0547 2.5856 2.4508 -1.3800 0.2247 0.2621 1.1846 0.0007 0.0095 78.0000 31.4578 0.2709 0.9556 32.6842 
51 2.7454 1.5081 2.5572 1.7192 1.7489 1.6960 3.1037 2.3500 1.4865 2.3843 2.0871 1.0507 2.5738 2.4575 -1.3280 0.2042 0.2975 1.2380 0.0005 0.0097 90.0000 37.5720 0.3098 0.9878 38.8697 
52 2.7805 1.4681 2.5001 1.7399 1.7879 1.6867 3.0922 2.3075 1.5085 2.3708 2.1269 1.0987 2.6028 2.4724 -1.4400 0.2538 0.3198 1.2878 0.0010 0.0088 125.0000 55.8957 0.2390 1.0114 57.1461 
53 2.7463 1.4610 2.4907 1.7653 1.8161 1.6317 3.1114 2.3081 1.5114 2.3708 2.1203 1.0933 2.6435 2.4593 -1.2660 0.2408 0.3984 1.3358 0.0006 0.0095 94.0000 40.2955 0.3665 1.3048 41.9669 
54 3.1416 0.1000 3.1416 3.1416 3.1416 3.1416 0.1000 0.1000 3.1416 3.1416 0.1000 0.1000 0.1000 3.1416 0.2250 0.0534 0.3538 1.3633 0.0001 0.0081 409.0000 192.2344 0.2977 4.7067 197.2387 
55 2.8056 1.4757 2.4954 1.7193 1.7640 1.7226 3.0914 2.3013 1.4926 2.3867 2.1326 1.0828 2.5683 2.4543 -1.4520 0.2515 0.3315 1.3083 0.0008 0.0069 112.0000 53.3327 0.2405 0.9182 54.4914 
56 0.1000 0.1000 3.1416 3.1416 3.1416 3.1416 0.1000 0.1000 0.1000 0.1000 0.1000 0.1000 3.1416 3.1416 1.6170 0.0089 0.3482 1.3488 0.0001 0.0100 422.0000 181.0046 0.2470 0.8437 182.0953 
57 2.8137 1.4720 2.4782 1.7190 1.7633 1.7216 3.1009 2.2923 1.4832 2.3969 2.1377 1.0731 2.5654 2.4312 -1.3900 0.2530 0.3533 1.3114 0.0009 0.0078 103.0000 44.9353 0.3132 1.8110 47.0595 
58 3.1416 3.1416 3.1416 0.1000 0.1000 3.1416 0.1000 0.1000 3.1416 0.1000 0.1000 0.1000 0.1000 3.1416 -0.3400 0.0915 0.3808 1.3431 0.0002 0.0100 445.0000 187.0285 0.4752 3.8937 191.3974 
59 3.1416 3.1416 3.1416 3.1416 0.1000 3.1416 0.1000 3.1416 3.1416 0.1000 0.1000 3.1416 0.1000 3.1416 -0.3280 0.0839 0.3723 1.3181 0.0001 0.0100 417.0000 171.2901 0.1767 0.9398 172.4066 
60 3.1416 3.1416 3.1416 3.1416 0.1000 0.1000 3.1416 0.1000 3.1416 3.1416 0.1000 3.1416 0.1000 3.1416 -0.1140 0.0625 0.3629 1.2932 0.0001 0.0099 444.0000 197.5566 0.2800 1.0332 198.8698 
61 2.7749 1.4749 2.4792 1.7080 1.7574 1.7241 3.0862 2.2961 1.4690 2.4085 2.1221 1.0967 2.5817 2.4867 -1.4170 0.2581 0.3499 1.2615 0.0009 0.0098 147.0000 55.9046 0.2573 0.9159 57.0778 
62 3.1416 3.1416 0.1000 0.1000 3.1416 0.1000 3.1416 0.1000 3.1416 3.1416 0.1000 0.1000 0.1000 3.1416 0.1000 0.0534 0.3802 1.2884 0.0002 0.0100 357.0000 153.1814 0.2221 0.8692 154.2728 
63 2.7739 1.4615 2.5043 1.7084 1.7359 1.6964 3.1024 2.3013 1.4686 2.4134 2.1691 1.1029 2.5686 2.4507 -1.2710 0.2053 0.3694 1.2568 0.0006 0.0101 150.0000 58.8913 0.2832 1.1386 60.3131 
64 2.8011 1.4991 2.4706 1.7345 1.8002 1.7371 3.0812 2.2992 1.4983 2.3758 2.0657 1.0448 2.5879 2.4659 -1.7160 0.3215 0.3830 1.2823 0.0010 0.0092 88.0000 33.7651 0.2889 1.0050 35.0590 
65 2.8235 1.5441 2.3798 1.7569 1.8789 1.7827 3.0570 2.2639 1.4997 2.3624 1.9724 0.9653 2.6175 2.4686 -1.6420 0.4268 0.3456 1.3212 0.0006 0.0085 82.0000 29.3146 0.2865 1.0884 30.6895 
66 2.8265 1.4984 2.4116 1.7176 1.8626 1.7615 3.0630 2.2954 1.4806 2.3716 1.9739 0.9806 2.6164 2.4527 -1.7000 0.4229 0.3761 1.3365 0.0008 0.0090 102.0000 40.1891 0.2662 1.0018 41.4571 
67 2.8284 1.5032 2.3906 1.7274 1.8669 1.7616 3.0864 2.2908 1.4672 2.3921 1.9466 0.9566 2.6256 2.4384 -1.7370 0.4431 0.3999 1.3509 0.0007 0.0095 82.0000 31.7860 0.2583 0.9678 33.0121 
68 2.8312 1.5024 2.3689 1.7301 1.8805 1.7593 3.1011 2.2888 1.4521 2.4089 1.9155 0.9267 2.6391 2.4223 -1.7310 0.4579 0.4236 1.3587 0.0009 0.0091 77.0000 29.9197 0.2696 0.8776 31.0670 
69 2.8297 1.5041 2.3630 1.7344 1.8859 1.7576 3.1043 2.2866 1.4493 2.4130 1.9055 0.9152 2.6438 2.4170 -1.7070 0.4591 0.4416 1.3622 0.0010 0.0095 70.0000 28.1347 0.2821 1.0621 29.4789 
70 2.8377 1.5162 2.3663 1.7263 1.8656 1.7456 3.0906 2.2769 1.4638 2.4121 1.9022 0.9172 2.6609 2.4140 -1.5950 0.4701 0.4513 1.3711 0.0005 0.0096 101.0000 40.6117 0.2729 0.8967 41.7812 
71 2.8025 1.4805 2.3777 1.7550 1.9211 1.7856 3.1103 2.3101 1.4399 2.3883 1.9497 0.9459 2.5903 2.4443 -1.6880 0.4165 0.4520 1.3909 0.0009 0.0088 76.0000 31.0224 0.2897 1.1770 32.4891 
72 2.8037 1.4991 2.4001 1.7669 1.9385 1.7972 3.0908 2.2982 1.4325 2.4074 1.9428 0.9606 2.6127 2.4161 -1.6440 0.4424 0.4665 1.3859 0.0007 0.0100 101.0000 37.7515 0.2916 0.9948 39.0379 
73 2.8087 1.4767 2.3435 1.7373 1.8726 1.7482 3.1224 2.3059 1.4705 2.3646 1.9449 0.9104 2.5891 2.4740 -1.5570 0.3783 0.4764 1.3895 0.0010 0.0092 90.0000 33.0438 0.2777 0.9909 34.3125 
74 2.8331 1.5323 2.4142 1.7408 1.9038 1.7838 3.0517 2.2869 1.4500 2.4313 1.9334 0.9993 2.6672 2.3923 -1.5990 0.4798 0.4822 1.3985 0.0010 0.0093 92.0000 35.9945 0.2601 0.9673 37.2219 
75 2.8329 1.4967 2.4470 1.7584 1.8991 1.7648 3.0844 2.2183 1.4343 2.3899 1.9588 0.8936 2.6312 2.4341 -1.3700 0.3685 0.4903 1.4030 0.0009 0.0083 95.0000 37.5011 0.2556 0.9700 38.7267 
76 2.7921 1.5477 2.2393 1.7264 1.8842 1.7862 3.1119 2.4290 1.5133 2.4249 1.8844 1.0451 2.6346 2.3918 -1.3190 0.4125 0.4746 1.4646 0.0002 0.0087 79.0000 31.4276 0.2971 1.1370 32.8617 
77 2.8295 1.4812 2.3930 1.6966 1.8723 1.7516 3.0628 2.3267 1.4475 2.3976 1.9498 1.0012 2.6207 2.4727 -1.7490 0.4492 0.4446 1.5078 0.0000 0.0002 192.0000 72.5344 0.2631 1.0023 73.7998 
78 2.8313 1.4749 2.3906 1.6869 1.8791 1.7455 3.0537 2.3310 1.4394 2.3990 1.9461 1.0005 2.6245 2.4800 -1.7150 0.4530 0.4493 1.5240 0.0009 0.0052 114.0000 46.5263 0.2463 1.3958 48.1684 
79 2.8273 1.4631 2.3917 1.6746 1.8850 1.7473 3.0424 2.3359 1.4477 2.3849 1.9493 0.9922 2.6260 2.4621 -1.7940 0.4460 0.4565 1.5344 0.0009 0.0066 99.0000 38.2196 0.2870 0.9708 39.4774 
80 3.1416 0.1000 0.1000 0.1000 0.1000 3.1416 0.1000 3.1416 3.1416 3.1416 0.1000 3.1416 0.1000 3.1416 -0.1100 0.0737 0.4619 1.5491 0.0003 0.0033 478.0000 192.9275 0.2185 1.1222 194.2682 
81 2.8268 1.4373 2.3845 1.6410 1.9108 1.7386 3.0097 2.3498 1.4432 2.3693 1.9465 0.9749 2.6374 2.4500 -1.7470 0.4402 0.4583 1.5192 0.0009 0.0060 295.0000 111.3521 0.3639 1.1138 112.8299 
82 2.7858 1.4335 2.3752 1.6392 1.8938 1.7526 3.0125 2.3253 1.4197 2.3788 1.9241 0.9868 2.6563 2.4799 -1.7130 0.4516 0.4678 1.5232 0.0010 0.0099 112.0000 45.9080 0.2667 1.0050 47.1797 
83 2.8737 1.4576 2.3853 1.6596 1.9294 1.7016 3.0143 2.3681 1.4350 2.3904 1.9471 0.9679 2.6239 2.4635 -1.7010 0.4173 0.4758 1.5286 0.0010 0.0058 96.0000 37.7672 0.3456 1.1358 39.2487 
84 2.8271 1.4192 2.3927 1.6531 1.9005 1.7740 3.0417 2.3600 1.4758 2.4064 1.9672 0.9584 2.6748 2.4662 -1.7180 0.4220 0.4834 1.5332 0.0010 0.0062 105.0000 42.7867 0.2698 1.0958 44.1523 
85 2.8327 1.4186 2.3911 1.6554 1.8840 1.7418 3.0380 2.3329 1.4445 2.3347 1.9303 0.9975 2.6288 2.4090 -1.7600 0.4278 0.4918 1.5357 0.0009 0.0057 129.0000 50.4025 0.2739 2.7494 53.4258 
86 2.8561 1.4090 2.3692 1.6762 1.8817 1.7433 3.0374 2.3410 1.4033 2.3319 1.9313 0.9967 2.6680 2.4365 -1.7400 0.4657 0.4988 1.5414 0.0009 0.0067 118.0000 51.4887 0.3390 6.0668 57.8945 
87 2.8349 1.3965 2.3807 1.6366 1.9117 1.7198 3.0457 2.3037 1.4542 2.3705 1.9070 1.0083 2.6242 2.4276 -1.7580 0.4350 0.5064 1.5460 0.0010 0.0065 129.0000 52.7013 0.2625 1.0946 54.0585 
88 2.8025 1.4274 2.4118 1.6363 1.8957 1.7194 3.0251 2.3454 1.4502 2.3378 1.9050 0.9776 2.6228 2.4091 -1.7030 0.4105 0.5138 1.5506 0.0010 0.0075 108.0000 44.2343 0.2705 1.2225 45.7273 
89 2.8658 1.3734 2.3421 1.6513 1.9128 1.7256 3.0390 2.2972 1.4168 2.3954 1.9186 1.0077 2.6537 2.4567 -1.7180 0.4728 0.5187 1.5596 0.0009 0.0074 108.0000 46.4189 0.2681 1.1030 47.7900 
90 2.8412 1.4102 2.3941 1.6749 1.9315 1.7155 3.0440 2.3319 1.4554 2.3393 1.8903 1.0062 2.6842 2.4852 -1.6090 0.4377 0.5248 1.5661 0.0009 0.0066 99.0000 39.8740 0.3785 1.2822 41.5348 
91 2.8351 1.4170 2.3548 1.6316 1.8724 1.7516 3.0211 2.3253 1.4085 2.3984 1.9612 0.9699 2.6066 2.4011 -1.7300 0.4420 0.5262 1.5840 0.0010 0.0057 85.0000 37.1691 0.3000 3.8323 41.3014 
92 2.8308 1.4130 2.3799 1.6201 1.8709 1.7364 3.0575 2.3459 1.3734 2.4153 1.9336 0.9710 2.6158 2.4138 -1.7070 0.4275 0.5322 1.5901 0.0009 0.0062 108.0000 41.6507 0.2927 3.9362 45.8797 
93 2.8346 1.4159 2.3379 1.6507 1.8895 1.7493 2.9795 2.3101 1.4532 2.3754 1.9739 0.9689 2.6152 2.4060 -1.7470 0.4448 0.5371 1.5984 0.0009 0.0060 105.0000 44.3286 0.2273 1.1991 45.7549 
94 2.8439 1.4282 2.3300 1.6013 1.9235 1.7494 3.0211 2.3084 1.4320 2.3593 1.9892 0.9604 2.6399 2.3954 -1.9480 0.4424 0.5424 1.6060 0.0010 0.0092 109.0000 43.4736 0.3028 1.3515 45.1280 
95 2.8757 1.4069 2.2364 1.4858 2.0228 1.7498 3.0059 2.2854 1.3983 2.3275 2.0361 0.8964 2.6931 2.3336 -1.7750 0.3923 0.5364 1.6436 0.0008 0.0083 79.0000 33.0493 0.2544 4.6464 37.9501 
96 2.9770 1.2577 2.1478 1.3766 2.1225 1.7143 2.9566 2.3429 1.3190 2.4300 2.0208 0.7455 2.8077 2.2849 -1.0350 0.1684 0.5459 1.6362 0.0002 0.0097 65.0000 26.4584 0.2622 1.5019 28.2225 
97 3.1416 3.1416 0.1000 0.1000 3.1416 0.1000 0.1000 3.1416 0.1000 3.1416 0.1000 3.1416 3.1416 3.1416 0.0460 0.0625 0.5252 1.7067 0.0010 0.0051 477.0000 192.0752 0.1946 1.1742 193.4440 
98 3.1416 3.1416 3.1416 0.1000 3.1416 0.1000 3.1416 3.1416 3.1416 0.1000 0.1000 0.1000 3.1416 0.1000 -0.1530 0.0625 0.5231 1.6719 0.0010 0.0055 414.0000 170.8831 0.3033 0.9863 172.1727 
99 0.1000 0.1000 3.1416 0.1000 3.1416 3.1416 3.1416 3.1416 3.1416 3.1416 0.1000 3.1416 0.1000 3.1416 0.0180 0.0625 0.5208 1.6405 0.0010 0.0058 528.0000 215.0058 0.1925 1.0321 216.2303 
100 3.1416 3.1416 0.1000 3.1416 0.1000 0.1000 3.1416 0.1000 0.1000 0.1000 0.1000 3.1416 3.1416 3.1416 0.4880 0.0382 0.5195 1.6095 0.0005 0.0028 652.0000 261.7176 0.2985 1.0107 263.0269 
101 3.1416 3.1416 0.1000 0.1000 0.1000 3.1416 0.1000 3.1416 0.1000 0.1000 3.1416 3.1416 0.1000 3.1416 -0.6450 0.1086 0.5200 1.5772 0.0010 0.0066 496.0000 195.6192 0.1925 1.0615 196.8732 
102 3.1416 3.1416 0.1000 3.1416 0.1000 3.1416 0.1000 0.1000 3.1416 0.1000 3.1416 3.1416 0.1000 0.1000 -0.4150 0.0956 0.5170 1.5559 0.0004 0.0025 586.0000 228.5657 0.2106 1.1329 229.9092 
103 3.1416 0.1000 0.1000 3.1416 3.1416 3.1416 3.1416 0.1000 3.1416 3.1416 0.1000 3.1416 3.1416 0.1000 -0.5030 0.0951 0.5144 1.5323 0.0010 0.0052 510.0000 195.6671 0.2579 2.5708 198.4958 
104 0.1000 3.1416 3.1416 0.1000 0.1000 0.1000 0.1000 3.1416 0.1000 0.1000 0.1000 3.1416 0.1000 3.1416 -0.9190 0.1308 0.5118 1.5108 0.0010 0.0062 465.0000 176.9149 0.2271 1.1946 178.3366 
105 3.1416 3.1416 0.1000 0.1000 3.1416 3.1416 0.1000 3.1416 0.1000 0.1000 3.1416 0.1000 0.1000 3.1416 -0.0530 0.0737 0.5091 1.4968 0.0009 0.0063 472.0000 171.4152 0.2003 1.1020 172.7175 
106 1.3109 3.1416 3.1416 0.1000 0.1000 0.1000 0.1000 3.1416 0.1000 0.1000 0.1000 3.1416 0.1000 3.1416 -0.7160 0.2806 0.5076 1.4726 0.0009 0.0095 393.0000 140.1341 0.1843 1.1500 141.4684 
107 0.1000 3.1416 3.1416 0.1000 0.1000 0.1000 0.1000 1.9058 0.1000 0.1000 0.1000 3.1416 0.1000 3.1416 0.7210 0.0528 0.5090 1.4608 0.0009 0.0080 445.0000 156.8341 0.2227 1.1075 158.1643 
108 3.1416 3.1416 3.1416 3.1416 3.1416 0.1000 0.1000 3.1416 3.1416 3.1416 0.1000 3.1416 3.1416 0.1000 -0.3950 0.0839 0.5038 1.4652 0.0010 0.0074 407.0000 146.5686 0.1778 1.3786 148.1250 
109 0.1000 3.1416 0.1000 0.1000 3.1416 3.1416 0.1000 3.1416 3.1416 3.1416 0.1000 0.1000 3.1416 3.1416 0.9670 0.0227 0.5013 1.4459 0.0010 0.0076 427.0000 153.1202 0.1773 1.1511 154.4487 
110 3.1416 0.1000 3.1416 0.1000 0.1000 0.1000 0.1000 0.1000 3.1416 3.1416 0.1000 3.1416 0.1000 0.1000 -0.0160 0.0610 0.5056 1.4237 0.0010 0.0066 481.0000 173.6938 0.2102 1.2908 175.1948 
111 3.1416 3.1416 0.1000 3.1416 3.1416 3.1416 3.1416 0.1000 3.1416 0.1000 3.1416 3.1416 0.1000 3.1416 0.0130 0.0625 0.5040 1.4025 0.0010 0.0076 512.0000 187.5381 0.1777 1.0107 188.7265 
112 3.1416 0.1000 0.1000 0.1000 3.1416 3.1416 3.1416 0.1000 0.1000 3.1416 0.1000 3.1416 3.1416 3.1416 -0.4180 0.0841 0.5027 1.3821 0.0010 0.0072 609.0000 216.3493 0.1900 1.1975 217.7368 
113 3.1416 3.1416 3.1416 3.1416 0.1000 3.1416 0.1000 0.1000 0.1000 0.1000 3.1416 0.1000 0.1000 0.1000 -0.2090 0.0721 0.5004 1.3659 0.0010 0.0082 512.0000 167.3861 0.2001 1.1652 168.7515 
114 3.1416 3.1416 3.1416 0.1000 0.1000 0.1000 0.1000 3.1416 0.1000 0.1000 0.1000 3.1416 0.1000 3.1416 0.7130 0.0309 0.4985 1.3484 0.0007 0.0047 673.0000 225.0257 0.2013 1.0558 226.2828 
115 3.1416 0.1000 0.1000 0.1000 0.1000 3.1416 3.1416 0.1000 0.1000 3.1416 3.1416 3.1416 0.1000 3.1416 0.0730 0.0534 0.4980 1.3337 0.0003 0.0019 605.0000 200.5789 0.1908 1.1736 201.9433 
116 0.1000 3.1416 3.1416 3.1416 3.1416 0.1000 3.1416 3.1416 3.1416 0.1000 0.1000 0.1000 0.1000 3.1416 0.8140 0.0304 0.4966 1.3153 0.0010 0.0075 513.0000 167.2395 0.1911 1.2456 168.6762 
117 3.1416 3.1416 3.1416 0.1000 3.1416 0.1000 3.1416 0.1000 0.1000 3.1416 0.1000 0.1000 3.1416 0.1000 0.0900 0.0625 0.4996 1.2973 0.0010 0.0075 458.0000 151.6134 0.2143 1.2516 153.0793 
118 0.1000 0.1000 3.1416 3.1416 0.1000 3.1416 3.1416 0.1000 3.1416 3.1416 3.1416 0.1000 0.1000 0.1000 1.2560 0.0137 0.4985 1.2801 0.0001 0.0007 804.0000 263.7567 0.2012 1.1514 265.1094 
119 0.1000 0.1000 0.1000 3.1416 0.1000 3.1416 0.1000 3.1416 0.1000 3.1416 0.1000 3.1416 3.1416 3.1416 0.2000 0.0521 0.5047 1.2657 0.0010 0.0063 578.0000 190.9800 0.2494 1.2186 192.4480 
120 3.1416 3.1416 0.1000 0.1000 0.1000 0.1000 3.1416 3.1416 3.1416 3.1416 0.1000 3.1416 3.1416 0.1000 -0.1580 0.0659 0.5040 1.2491 0.0006 0.0045 465.0000 151.3763 0.1896 1.2043 152.7702 
121 3.1416 3.1416 0.1000 3.1416 3.1416 3.1416 3.1416 3.1416 0.1000 3.1416 3.1416 3.1416 3.1416 0.1000 -0.2680 0.0839 0.5019 1.2348 0.0010 0.0069 579.0000 188.1421 0.1653 1.2058 189.5132 
122 3.1416 3.1416 0.1000 0.1000 0.1000 3.1416 0.1000 3.1416 0.1000 0.1000 3.1416 3.1416 3.1416 3.1416 -0.6840 0.1086 0.4996 1.2218 0.0010 0.0058 543.0000 177.4160 0.1788 1.3715 178.9664 
123 3.1416 3.1416 0.1000 1.8288 0.1000 3.1416 0.1000 3.1416 0.1000 0.1000 3.1416 3.1416 3.1416 3.1416 -0.5500 0.0997 0.4977 1.2140 0.0004 0.0099 548.0000 183.1705 0.1863 1.1205 184.4773 
124 3.1416 3.1416 3.1416 3.1416 3.1416 3.1416 0.1000 3.1416 3.1416 3.1416 3.1416 3.1416 0.1000 0.1000 -0.4940 0.0839 0.4980 1.2060 0.0010 0.0073 428.0000 142.0540 0.1609 1.1944 143.4094 
125 3.1416 3.1416 0.1000 3.1416 3.1416 0.1000 0.1000 0.1000 3.1416 3.1416 0.1000 3.1416 0.1000 0.1000 0.0060 0.0610 0.4956 1.1961 0.0005 0.0034 524.0000 180.7427 0.2710 1.2855 182.2992 
126 3.1416 3.1416 3.1416 3.1416 0.1000 0.1000 0.1000 0.1000 3.1416 0.1000 0.1000 0.1000 3.1416 0.1000 0.2680 0.0521 0.4941 1.1824 0.0008 0.0052 621.0000 203.1935 0.2129 1.1923 204.5987 
127 3.1416 3.1416 0.1000 0.1000 0.1000 3.1416 1.9491 3.1416 0.1000 0.1000 3.1416 3.1416 3.1416 3.1416 -0.5540 0.1118 0.4938 1.1683 0.0004 0.0099 501.0000 161.2397 0.1772 1.3599 162.7768 
128 1.2290 3.1416 0.1000 0.1000 0.1000 3.1416 0.1000 3.1416 0.1000 0.1000 3.1416 3.1416 3.1416 3.1416 0.4560 0.0014 0.4939 1.1611 0.0004 0.0100 532.0000 169.5321 0.2394 1.2976 171.0691 
129 3.1416 0.1000 3.1416 0.1000 3.1416 3.1416 0.1000 3.1416 0.1000 3.1416 0.1000 3.1416 3.1416 0.1000 0.5230 0.0382 0.4922 1.1503 0.0003 0.0019 556.0000 177.2856 0.1907 1.2408 178.7170 
130 3.1416 3.1416 0.1000 3.1416 3.1416 3.1416 3.1416 0.1000 0.1000 3.1416 3.1416 0.1000 3.1416 3.1416 0.0710 0.0534 0.4928 1.1370 0.0009 0.0070 482.0000 155.5310 0.1769 1.2791 156.9871 
131 3.1416 0.1000 3.1416 0.1000 3.1416 0.1000 3.1416 0.1000 3.1416 0.1000 0.1000 3.1416 3.1416 3.1416 0.0370 0.0625 0.4916 1.1250 0.0009 0.0070 502.0000 166.1215 0.2149 1.5171 167.8534 
132 3.1416 3.1416 3.1416 3.1416 3.1416 3.1416 3.1416 3.1416 0.1000 0.1000 3.1416 0.1000 3.1416 0.1000 0.1140 0.0521 0.4904 1.1134 0.0010 0.0076 451.0000 141.7560 0.1909 1.3946 143.3415 
133 0.1000 3.1416 3.1416 3.1416 0.1000 0.1000 0.1000 3.1416 3.1416 3.1416 0.1000 3.1416 3.1416 3.1416 -0.3170 0.0839 0.4895 1.1018 0.0010 0.0073 406.0000 136.1074 0.1639 1.1905 137.4618 
134 3.1416 3.1416 0.1000 3.1416 0.1000 3.1416 0.1000 3.1416 0.1000 0.1000 3.1416 3.1416 0.1000 3.1416 -0.4660 0.0956 0.4875 1.0930 0.0008 0.0062 542.0000 172.3411 0.1644 1.2528 173.7583 
135 3.1416 3.1416 0.1000 0.1000 0.1000 3.1416 3.1416 0.1000 3.1416 0.1000 3.1416 0.1000 0.1000 0.1000 0.6800 0.0316 0.4860 1.0859 0.0010 0.0079 642.0000 205.2563 0.2155 1.3387 206.8105 
136 3.1416 0.1000 3.1416 3.1416 3.1416 0.1000 3.1416 0.1000 3.1416 3.1416 3.1416 3.1416 3.1416 0.1000 -0.0250 0.0625 0.4879 1.0748 0.0010 0.0072 447.0000 146.4543 0.1984 1.3375 147.9903 
137 0.1000 3.1416 0.1000 3.1416 0.1000 3.1416 0.1000 0.1000 3.1416 3.1416 0.1000 3.1416 0.1000 3.1416 0.4580 0.0353 0.4866 1.0648 0.0001 0.0011 707.0000 233.3096 0.1666 1.4017 234.8780 
138 3.1416 3.1416 0.1000 0.1000 0.1000 3.1416 3.1416 3.1416 0.1000 0.1000 3.1416 3.1416 0.1000 3.1416 0.3790 0.0470 0.4874 1.0538 0.0010 0.0092 458.0000 149.5495 0.1855 1.4300 151.1650 
139 0.1000 0.1000 3.1416 0.1000 0.1000 0.1000 3.1416 3.1416 0.1000 3.1416 0.1000 0.1000 3.1416 3.1416 0.1570 0.0517 0.4866 1.0435 0.0010 0.0080 527.0000 175.8229 0.2000 1.3569 177.3799 
140 3.1416 0.1000 3.1416 3.1416 0.1000 3.1416 0.1000 0.1000 0.1000 0.1000 3.1416 3.1416 0.1000 3.1416 0.9350 0.0250 0.4855 1.0338 0.0002 0.0012 718.0000 239.7077 0.1899 1.4730 241.3706 
141 3.1416 3.1416 3.1416 0.1000 3.1416 0.1000 0.1000 3.1416 3.1416 3.1416 3.1416 3.1416 0.1000 0.1000 -0.3640 0.0839 0.4894 1.0249 0.0003 0.0025 586.0000 190.4192 0.1888 1.2749 191.8829 
142 3.1416 3.1416 0.1000 3.1416 0.1000 3.1416 0.1000 3.1416 0.1000 0.1000 3.1416 0.1000 3.1416 3.1416 -0.0800 0.0625 0.4873 1.0183 0.0010 0.0067 445.0000 152.5945 0.1929 1.6739 154.4613 
143 3.1416 0.1000 0.1000 3.1416 3.1416 3.1416 3.1416 3.1416 3.1416 0.1000 0.1000 3.1416 3.1416 3.1416 0.3090 0.0521 0.4858 1.0100 0.0009 0.0073 472.0000 176.0331 0.1838 1.3036 177.5205 
144 3.1416 0.1000 3.1416 0.1000 3.1416 3.1416 0.1000 3.1416 3.1416 0.1000 3.1416 0.1000 0.1000 3.1416 -0.1000 0.0625 0.4852 1.0005 0.0010 0.0073 605.0000 216.4714 0.2001 1.5278 218.1993 
145 3.1416 3.1416 3.1416 0.1000 0.1000 3.1416 3.1416 3.1416 3.1416 3.1416 0.1000 3.1416 0.1000 0.1000 0.4370 0.0382 0.4839 0.9927 0.0010 0.0068 568.0000 199.3341 0.1748 1.7410 201.2498 
146 3.1416 3.1416 3.1416 3.1416 0.1000 0.1000 0.1000 3.1416 0.1000 0.1000 3.1416 3.1416 3.1416 0.1000 1.1370 0.0166 0.4850 0.9834 0.0010 0.0065 436.0000 146.3437 0.1892 1.5174 148.0503 
147 3.1416 3.1416 0.1000 0.1000 3.1416 0.1000 3.1416 3.1416 0.1000 0.1000 3.1416 0.1000 3.1416 3.1416 0.0280 0.0625 0.4896 0.9767 0.0010 0.0051 435.0000 148.2058 0.2008 1.4139 149.8205 
148 3.1416 3.1416 0.1000 3.1416 3.1416 3.1416 0.1000 0.1000 3.1416 0.1000 0.1000 3.1416 3.1416 0.1000 0.5940 0.0382 0.4881 0.9687 0.0010 0.0081 591.0000 213.0997 0.1980 1.6981 214.9959 
149 0.1000 0.1000 3.1416 0.1000 3.1416 0.1000 0.1000 0.1000 3.1416 3.1416 0.1000 0.1000 0.1000 0.1000 -0.5020 0.0885 0.4889 0.9598 0.0009 0.0068 467.0000 162.7045 0.2793 1.9930 164.9768 
150 0.1000 0.1000 0.1000 0.1000 3.1416 0.1000 3.1416 0.1000 3.1416 3.1416 0.1000 0.1000 3.1416 0.1000 0.5670 0.0360 0.4864 0.9559 0.0010 0.0072 557.0000 195.8113 0.4165 1.9749 198.2027 
151 3.1416 0.1000 0.1000 0.1000 0.1000 0.1000 3.1416 3.1416 0.1000 3.1416 3.1416 3.1416 3.1416 3.1416 -0.5480 0.0951 0.4875 0.9476 0.0009 0.0067 600.0000 199.4321 0.1883 1.5902 201.2106 
152 3.1416 0.1000 0.1000 0.1000 0.1000 0.1000 3.1416 3.1416 0.1000 3.1416 3.1416 3.1416 3.1416 0.1000 -0.1580 0.0659 0.4857 0.9444 0.0008 0.0065 419.0000 141.8377 0.1976 1.5703 143.6056 
153 0.1000 3.1416 3.1416 3.1416 3.1416 0.1000 3.1416 3.1416 0.1000 3.1416 0.1000 3.1416 3.1416 3.1416 0.2230 0.0521 0.4837 0.9384 0.0010 0.0059 415.0000 135.8506 0.1633 1.6909 137.7048 
154 3.1416 0.1000 0.1000 0.1000 3.1416 3.1416 3.1416 3.1416 0.1000 3.1416 0.1000 0.1000 0.1000 3.1416 -0.6090 0.1036 0.4832 0.9308 0.0010 0.0066 515.0000 171.2701 0.1871 1.5125 172.9697 
155 3.1416 0.1000 0.1000 0.1000 3.1416 3.1416 3.1416 0.1000 0.1000 3.1416 0.1000 0.1000 0.1000 3.1416 -0.7290 0.1135 0.4808 0.9284 0.0005 0.0100 458.0000 148.8181 0.1991 1.6743 150.6914 
156 3.1416 0.1000 0.1000 0.1000 3.1416 3.1416 1.3523 0.1000 0.1000 3.1416 0.1000 0.1000 0.1000 3.1416 0.2040 0.0003 0.4794 0.9274 0.0004 0.0098 449.0000 147.7654 0.2241 1.8014 149.7910 
157 0.7796 0.1000 0.1000 0.1000 3.1416 3.1416 3.1416 3.1416 0.1000 3.1416 0.1000 0.1000 0.1000 3.1416 0.9040 0.0167 0.4771 0.9229 0.0001 0.0099 656.0000 222.6310 0.1896 1.8487 224.6692 
158 3.1416 3.1416 0.1000 3.1416 3.1416 0.1000 0.1000 0.1000 0.1000 0.1000 0.1000 0.1000 0.1000 3.1416 1.6530 0.0089 0.4750 0.9185 0.0010 0.0075 535.0000 181.8273 0.1971 1.6946 183.7191 
159 3.1416 0.1000 0.1000 0.1000 0.1000 0.1000 0.1000 3.1416 0.1000 3.1416 3.1416 3.1416 3.1416 3.1416 -0.5950 0.0951 0.4841 0.9182 0.0009 0.0099 424.0000 140.6500 0.2076 1.9716 142.8292 
160 3.1416 0.1000 0.1000 0.1000 0.1000 0.1000 0.1000 3.1416 2.3947 3.1416 3.1416 3.1416 3.1416 3.1416 -0.5660 0.0951 0.4831 0.9163 0.0001 0.0099 733.0000 260.9116 0.1885 1.6382 262.7383 
161 3.1416 0.1000 0.1000 0.1000 0.1000 2.2987 0.1000 3.1416 0.1000 3.1416 3.1416 3.1416 3.1416 3.1416 1.1040 0.0274 0.4830 0.9142 0.0003 0.0099 453.0000 152.9843 0.1899 1.7362 154.9104 
162 3.1416 0.1000 3.1416 0.1000 0.1000 0.1000 0.1000 0.1000 3.1416 3.1416 3.1416 0.1000 3.1416 3.1416 0.8660 0.0245 0.4761 0.9119 0.0004 0.0027 579.0000 196.8986 0.2120 2.0024 199.1130 
163 3.1416 0.1000 0.1000 3.1416 3.1416 3.1416 3.1416 0.1000 3.1416 3.1416 0.1000 3.1416 0.1000 0.1000 0.3000 0.0470 0.4784 0.9062 0.0010 0.0077 422.0000 147.4059 0.1885 2.5404 150.1348 
164 3.1416 3.1416 0.1000 0.1000 3.1416 0.1000 3.1416 3.1416 3.1416 3.1416 3.1416 3.1416 0.1000 0.1000 -0.3800 0.0839 0.4773 0.8999 0.0008 0.0054 536.0000 187.7647 0.1857 1.6931 189.6435 
165 3.1416 0.1000 0.1000 0.1000 0.1000 0.1000 3.1416 3.1416 3.1416 3.1416 3.1416 3.1416 3.1416 3.1416 -0.5100 0.0951 0.4748 0.8964 0.0010 0.0099 396.0000 144.0973 0.2067 1.6500 145.9540 
166 3.1416 3.1416 0.1000 0.1000 0.1000 0.1000 3.1416 3.1416 3.1416 3.1416 3.1416 3.1416 3.1416 3.1416 -0.5510 0.0951 0.4737 0.8942 0.0010 0.0099 461.0000 153.3000 0.1873 2.1818 155.6691 
167 3.1416 3.1416 0.1000 0.1000 0.1000 0.1000 0.1000 3.1416 3.1416 3.1416 3.1416 3.1416 3.1416 3.1416 -0.5610 0.0951 0.4722 0.8922 0.0005 0.0097 584.0000 190.8996 0.1712 1.5243 192.5951 
168 0.1000 3.1416 3.1416 0.1000 3.1416 0.1000 0.1000 0.1000 3.1416 3.1416 0.1000 0.1000 0.1000 0.1000 -0.5050 0.1019 0.4714 0.8905 0.0010 0.0086 429.0000 139.6839 0.2073 1.8228 141.7141 
169 3.1416 3.1416 0.1000 0.1000 2.7084 0.1000 3.1416 3.1416 3.1416 3.1416 3.1416 3.1416 3.1416 3.1416 -0.7340 0.1070 0.4693 0.8882 0.0001 0.0099 612.0000 199.1103 0.2779 1.7337 201.1220 
170 3.1416 3.1416 0.1000 0.1000 2.1600 0.1000 1.5159 3.1416 3.1416 3.1416 3.1416 3.1416 3.1416 3.1416 -0.3700 0.1113 0.4692 0.8882 0.0002 0.0099 481.0000 161.5545 0.1859 1.9111 163.6515 
171 3.1416 3.1416 0.1000 1.7765 3.1416 0.1000 3.1416 3.1416 3.1416 3.1416 3.1416 3.1416 3.1416 3.1416 0.0440 0.0661 0.4713 0.8859 0.0007 0.0099 448.0000 152.1137 0.1891 1.9821 154.2849 
172 0.1000 0.1000 3.1416 3.1416 0.1000 0.1000 0.1000 3.1416 3.1416 3.1416 0.1000 3.1416 0.1000 3.1416 -0.1130 0.0719 0.4689 0.8824 0.0010 0.0069 429.0000 137.5645 0.1913 1.8579 139.6136 
173 3.1416 3.1416 0.1000 0.1000 0.1000 0.1000 0.1000 3.1416 3.1416 3.1416 3.1416 3.1416 0.1000 3.1416 -0.5060 0.0951 0.4667 0.8778 0.0009 0.0098 454.0000 156.0026 0.1861 2.0907 158.2794 
174 3.1416 3.1416 0.1000 0.1000 1.6652 0.1000 3.1416 3.1416 3.1416 3.1416 3.1416 3.1416 1.4348 3.1416 -0.3340 0.1477 0.4650 0.8758 0.0002 0.0100 657.0000 230.0954 0.2330 1.9851 232.3136 
175 0.1000 3.1416 3.1416 3.1416 3.1416 3.1416 0.1000 3.1416 3.1416 3.1416 3.1416 3.1416 0.1000 0.1000 0.4710 0.0382 0.4661 0.8732 0.0010 0.0073 476.0000 158.6094 0.1627 1.9869 160.7591 
176 0.1000 3.1416 0.1000 0.1000 0.1000 0.1000 3.1416 3.1416 3.1416 3.1416 3.1416 3.1416 3.1416 3.1416 0.7430 0.0250 0.4649 0.8679 0.0002 0.0099 582.0000 196.0659 0.1770 2.0347 198.2776 
177 0.1000 3.1416 3.1416 0.1000 3.1416 0.1000 0.1000 3.1416 3.1416 3.1416 0.1000 0.1000 0.1000 0.1000 -0.9390 0.1264 0.4625 0.8633 0.0010 0.0080 474.0000 165.4871 0.2021 2.0989 167.7881 
178 1.4117 3.1416 3.1416 0.1000 3.1416 0.1000 0.1000 3.1416 3.1416 3.1416 0.1000 0.1000 0.1000 0.1000 -0.2420 0.2118 0.4611 0.8656 0.0009 0.0093 430.0000 141.3994 0.2330 3.8237 145.4562 
179 3.1416 3.1416 3.1416 3.1416 3.1416 0.1000 3.1416 0.1000 3.1416 3.1416 3.1416 0.1000 0.1000 0.1000 0.1400 0.0521 0.4604 0.8645 0.0002 0.0018 681.0000 235.8105 0.2685 1.9949 238.0739 
180 3.1416 3.1416 0.1000 0.1000 0.1000 0.1000 0.1000 3.1416 3.1416 3.1416 3.1416 3.1416 0.1000 0.1000 -0.9040 0.1308 0.4592 0.8596 0.0010 0.0084 438.0000 156.7710 0.2013 1.9188 158.8912 
181 0.1000 3.1416 3.1416 0.1000 3.1416 0.1000 0.1000 3.1416 3.1416 1.7836 0.1000 0.1000 0.1000 0.1000 -0.1960 0.1015 0.4590 0.8616 0.0009 0.0093 395.0000 138.0803 0.2292 2.0675 140.3770 
182 3.1416 1.7687 0.1000 0.1000 0.1000 0.1000 0.1000 3.1416 3.1416 3.1416 3.1416 3.1416 0.1000 0.1000 -0.9540 0.1308 0.4586 0.8602 0.0010 0.0093 465.0000 157.6742 0.2045 2.0065 159.8852 
183 0.1915 3.1416 3.1416 0.1000 0.1000 1.6390 0.1000 3.1416 0.1000 0.1000 0.1000 3.1416 0.1000 3.1416 -0.3040 0.0988 0.4673 0.8622 0.0003 0.0096 506.0000 168.6259 0.2049 2.6518 171.4827 
184 3.1416 2.3854 0.1000 0.1000 0.1000 0.1000 0.1000 3.1416 3.1416 3.1416 3.1416 3.1416 1.3472 0.1000 -0.6650 0.1863 0.4691 0.8601 0.0006 0.0097 399.0000 139.6293 0.2192 2.2299 142.0784 
185 3.1416 0.1000 2.2332 0.1000 3.1416 3.1416 3.1416 0.1000 0.1000 3.1416 0.1000 0.1000 0.1000 3.1416 -0.6650 0.1752 0.4754 0.8600 0.0003 0.0099 801.0000 272.0508 0.1939 2.3471 274.5918 
186 3.1416 2.3772 0.1000 0.1000 1.3721 0.1000 0.1000 3.1416 3.1416 3.1416 3.1416 3.1416 0.1000 0.1000 -0.5580 0.2377 0.4756 0.8597 0.0005 0.0100 572.0000 198.0544 0.2129 2.2454 200.5127 
187 3.1416 0.1000 3.1416 0.1000 3.1416 1.2803 3.1416 0.1000 0.1000 3.1416 0.1000 0.1000 0.1000 3.1416 0.3430 0.0438 0.4801 0.8593 0.0004 0.0100 417.0000 143.3638 0.2096 2.1971 145.7705 
188 1.8388 2.4052 0.1000 0.1000 0.1000 0.1000 0.1000 3.1416 3.1416 3.1416 3.1416 3.1416 0.1000 0.1000 -0.3060 0.2444 0.4781 0.8560 0.0006 0.0099 457.0000 146.7623 0.2008 2.2541 149.2172 
189 3.1416 0.2556 0.1000 0.1000 0.1000 0.1000 0.1000 3.1416 3.1416 3.1416 3.1416 3.1416 0.1000 0.1000 -0.9670 0.1308 0.4790 0.8556 0.0010 0.0091 483.0000 159.3606 0.1992 2.0084 161.5681 
190 3.1416 0.8659 0.1000 0.1000 0.1000 0.1000 1.3479 3.1416 3.1416 3.1416 3.1416 3.1416 0.1000 0.1000 -0.8370 0.1863 0.4861 0.8574 0.0006 0.0099 563.0000 182.8781 0.2139 2.0657 185.1577 
191 3.1416 0.8348 0.1000 0.1000 0.1000 0.1000 0.1000 3.1416 3.1416 3.1416 3.1416 3.1416 0.1000 1.3824 0.0470 0.0522 0.4933 0.8577 0.0006 0.0099 381.0000 135.4699 0.2113 2.3974 138.0786 
192 3.1416 2.8371 0.1000 0.1000 0.1000 0.1000 1.5732 3.1416 3.1416 3.1416 3.1416 3.1416 0.1000 0.1000 -0.6690 0.1745 0.4828 0.8599 0.0004 0.0098 461.0000 153.3280 0.1900 2.3278 155.8459 
193 3.1416 0.1000 0.8457 0.1000 3.1416 3.1416 3.1416 0.1000 0.1000 3.1416 0.1000 0.1000 1.8808 3.1416 -0.7630 0.1866 0.4887 0.8599 0.0002 0.0100 467.0000 149.9801 0.2139 2.2266 152.4207 
194 3.1416 0.1000 0.1000 0.1000 0.1000 0.1000 0.4166 3.1416 1.7757 3.1416 3.1416 3.1416 0.1000 0.1000 -0.0640 0.0579 0.4911 0.8607 0.0003 0.0100 523.0000 166.1649 0.2036 2.2931 168.6616 
195 3.1416 0.1000 0.1000 0.1000 3.1416 0.1000 3.1416 3.1416 3.1416 3.1416 3.1416 3.1416 3.1416 3.1416 0.0590 0.0625 0.4875 0.8601 0.0010 0.0090 424.0000 128.6959 0.1822 2.2255 131.1036 
196 3.1416 1.0039 0.1000 0.1000 3.1416 3.1416 3.1416 0.1000 0.1000 3.1416 0.1000 0.1000 3.1416 3.1416 -0.7050 0.1135 0.4847 0.8561 0.0003 0.0099 570.0000 169.8870 0.1936 2.7915 172.8721 
197 0.1000 1.5581 3.1416 0.1000 3.1416 0.1000 0.1000 3.1416 3.1416 3.1416 0.1000 0.1000 0.1000 0.1000 -0.6490 0.1240 0.4874 0.8563 0.0007 0.0098 499.0000 146.8373 0.2103 2.4744 149.5220 
198 3.1416 3.1416 0.1000 0.1000 0.1000 0.1000 0.1000 3.1416 3.1416 1.6095 3.1416 3.1416 0.1000 0.1000 -0.1010 0.0853 0.4910 0.8561 0.0008 0.0095 478.0000 146.8121 0.2004 2.3404 149.3529 
199 3.1416 1.5254 0.1000 1.4823 0.1000 0.1000 0.3525 3.1416 3.1416 3.1416 3.1416 3.1416 0.1000 0.1000 -0.6730 0.1173 0.4889 0.8550 0.0001 0.0097 795.0000 287.2420 0.1920 2.2223 289.6563 
200 3.1416 0.1000 0.1000 0.1000 3.1416 3.1416 3.1416 0.1000 0.1000 3.1416 1.6913 0.1000 3.1416 3.1416 -0.6140 0.1564 0.4934 0.8550 0.0003 0.0099 441.0000 157.7274 0.2163 2.5036 160.4474 
201 3.1416 0.1000 0.1000 0.1000 3.1416 3.1416 3.1416 0.1000 1.7185 3.1416 0.1000 0.1000 3.1416 3.1416 -0.6330 0.1541 0.4957 0.8545 0.0007 0.0099 412.0000 153.3128 0.2173 2.0547 155.5848 
202 3.1416 0.1000 0.1000 0.1000 1.5024 3.1416 3.1416 0.1000 0.1000 3.1416 0.1000 0.1000 3.1416 3.1416 0.3240 0.0048 0.4980 0.8541 0.0007 0.0099 401.0000 130.2308 0.2047 2.7675 133.2031 
203 3.1416 1.7272 0.6208 0.1000 3.1416 3.1416 3.1416 0.1000 0.1000 3.1416 0.1000 0.1000 1.3215 3.1416 -0.9310 0.1645 0.4925 0.8532 0.0002 0.0097 438.0000 144.5041 0.2124 2.3984 147.1149 
204 3.1416 1.8698 1.6640 0.1000 3.1416 3.1416 3.1416 0.1000 0.1000 3.1416 0.1000 0.1000 2.3645 3.1416 -0.4790 0.2769 0.4971 0.8551 0.0003 0.0099 404.0000 141.1194 0.2082 2.6026 143.9302 
205 3.1416 1.7307 0.1000 0.1000 0.1000 0.1000 0.3157 1.6813 3.1416 3.1416 3.1416 3.1416 0.1000 0.1000 0.1410 0.0780 0.5003 0.8546 0.0001 0.0099 896.0000 273.6621 0.2844 2.4939 276.4404 
206 0.1000 3.1416 3.1416 0.1000 3.1416 0.1000 0.1000 3.1416 3.1416 3.1416 0.1000 0.1000 1.7114 0.1000 -0.7410 0.1552 0.4950 0.8549 0.0010 0.0094 560.0000 178.7311 0.1908 2.5778 181.4997 
207 3.1416 1.2076 0.1000 0.1000 3.1416 3.1416 3.1416 0.1000 0.1000 3.1416 1.3170 0.1000 1.2992 3.1416 -0.5630 0.1692 0.4982 0.8554 0.0003 0.0098 463.0000 153.5835 0.2411 2.3536 156.1782 
208 3.1416 0.1000 0.1000 0.1000 0.1000 0.1000 0.1000 3.1416 3.1416 3.1416 3.1416 3.1416 1.7361 0.1000 -0.7450 0.1603 0.5022 0.8553 0.0008 0.0091 697.0000 224.4312 0.1959 2.7169 227.3440 
209 3.1416 2.6697 0.1000 0.1000 3.1416 3.1416 3.1416 0.1000 0.1000 3.1416 0.1000 0.1000 0.1000 3.1416 -0.8040 0.1135 0.5064 0.8560 0.0007 0.0099 446.0000 136.6352 0.1897 2.7222 139.5471 
210 3.1416 3.1416 0.1000 0.1000 3.1416 3.1416 3.1416 0.1000 0.1000 3.1416 0.1000 0.1000 1.8206 3.1416 -0.7660 0.1135 0.5101 0.8566 0.0010 0.0096 442.0000 132.6058 0.1804 2.4450 135.2313 
211 3.1416 1.7517 0.1000 0.1000 3.1416 3.1416 3.1416 0.1000 1.4789 3.1416 0.1000 0.1000 1.2936 3.1416 -0.5780 0.1687 0.5146 0.8570 0.0002 0.0098 472.0000 163.1869 0.2081 2.7931 166.1882 
212 3.1416 2.0734 0.1000 0.1000 3.1416 3.1416 3.1416 0.1000 0.1000 3.1416 0.1000 1.5528 1.0296 3.1416 0.0780 0.0670 0.5181 0.8567 0.0002 0.0099 515.0000 175.3560 0.2153 3.3972 178.9684 
213 3.1416 0.1000 0.1000 0.1000 0.1000 0.1000 0.1000 3.1416 3.1416 3.1416 1.5883 3.1416 0.4951 0.1000 -0.2180 0.0595 0.5138 0.8574 0.0003 0.0100 709.0000 214.8375 0.2145 2.6384 217.6904 
214 3.1416 3.1416 1.7050 0.1000 3.1416 3.1416 3.1416 0.1000 0.1000 3.1416 0.1000 0.1000 0.1000 3.1416 -0.5680 0.2741 0.5137 0.8561 0.0010 0.0099 514.0000 161.7880 0.1894 3.0171 164.9945 
215 3.1416 3.1416 0.1000 0.1000 3.1416 3.1416 3.1416 1.8063 0.1000 3.1416 0.1000 0.1000 0.6379 3.1416 -0.2030 0.0880 0.5162 0.8556 0.0002 0.0100 464.0000 150.4925 0.1861 2.5384 153.2170 
216 3.1416 3.1416 0.1000 0.1000 0.1000 0.1000 3.1416 3.1416 0.1000 3.1416 3.1416 3.1416 3.1416 3.1416 -0.4700 0.0951 0.5163 0.8541 0.0010 0.0053 479.0000 149.9664 0.1684 2.5370 152.6718 
217 3.1416 3.1416 0.1000 0.1000 0.1000 1.8522 0.1000 3.1416 3.1416 3.1416 3.1416 3.1416 0.1000 0.1000 -0.0890 0.0870 0.5156 0.8528 0.0005 0.0059 732.0000 211.0931 0.1766 2.4765 213.7462 
218 0.1000 0.1000 3.1416 0.1000 3.1416 3.1416 3.1416 0.1000 0.1000 3.1416 3.1416 3.1416 3.1416 0.1000 -0.5890 0.0951 0.5147 0.8511 0.0010 0.0049 543.0000 156.8721 0.1881 2.7194 159.7796 
219 3.1416 0.1000 0.1000 0.1000 0.1000 0.1000 3.1416 3.1416 3.1416 3.1416 3.1416 3.1416 0.1000 0.1000 -0.0930 0.0659 0.5117 0.8502 0.0010 0.0036 537.0000 156.6818 0.1891 2.4279 159.2988 
220 0.1000 0.1000 3.1416 0.1000 3.1416 3.1416 3.1416 0.1000 0.1000 3.1416 3.1416 3.1416 3.1416 3.1416 -0.1900 0.0737 0.5108 0.8482 0.0010 0.0068 455.0000 136.8249 0.1880 2.5242 139.5371 
221 0.1000 0.1000 3.1416 0.1000 3.1416 3.1416 3.1416 0.1000 0.1000 3.1416 3.1416 0.1000 3.1416 0.1000 -0.2380 0.0737 0.5093 0.8455 0.0010 0.0047 537.0000 166.5678 0.1950 2.7153 169.4782 
222 3.1416 1.3383 0.9190 0.1000 3.1416 3.1416 3.1416 0.1000 0.1000 3.1416 0.1000 0.1000 0.3403 1.8849 -0.3520 0.0170 0.5077 0.8431 0.0001 0.0099 468.0000 137.3925 0.2122 2.5713 140.1760 
223 0.1000 3.1416 3.1416 0.1000 3.1416 0.1000 0.1000 3.1416 3.1416 3.1416 0.1000 1.7767 0.4316 0.1000 -0.3250 0.1161 0.5093 0.8424 0.0003 0.0099 482.0000 140.8499 0.1888 2.4791 143.5177 
224 0.1000 3.1416 3.1416 0.1000 1.3869 0.1000 0.1000 3.1416 3.1416 3.1416 0.1000 0.1000 0.1000 0.1000 0.0410 0.0306 0.5097 0.8413 0.0009 0.0100 573.0000 168.8626 0.1905 2.9722 172.0254 
225 3.1416 3.1416 0.1000 3.1416 0.1000 3.1416 3.1416 3.1416 0.1000 3.1416 0.1000 0.1000 0.1000 3.1416 0.5890 0.0353 0.5077 0.8399 0.0010 0.0045 534.0000 153.5163 0.1544 2.5774 156.2482 
226 3.1416 3.1416 0.1000 0.1000 3.1416 0.1000 3.1416 3.1416 3.1416 3.1416 3.1416 3.1416 3.1416 0.1000 0.1350 0.0521 0.5097 0.8368 0.0010 0.0057 503.0000 162.3264 0.1872 3.0744 165.5881 
227 3.1416 0.1000 0.1000 1.6768 0.1000 0.1000 0.1000 3.1416 3.1416 3.1416 3.1416 3.1416 3.1416 0.1000 0.1350 0.0565 0.5069 0.8334 0.0004 0.0099 616.0000 188.9342 0.1925 2.6054 191.7321 
228 3.1416 0.1000 0.1000 0.1000 3.1416 3.1416 3.1416 0.1000 3.1416 3.1416 2.2970 0.1000 3.1416 3.1416 -0.0110 0.0526 0.5050 0.8310 0.0002 0.0099 568.0000 199.1955 0.1947 2.4191 201.8092 
229 0.1000 1.4312 3.1416 0.1000 3.1416 0.1000 0.1000 3.1416 3.1416 3.1416 0.1000 0.1000 3.1416 0.1000 -0.0180 0.0670 0.5041 0.8284 0.0004 0.0100 524.0000 168.5398 0.2144 2.8294 171.5836 
230 0.1000 3.1416 3.1416 0.1000 3.1416 3.1416 3.1416 3.1416 0.1000 0.1000 3.1416 0.1000 3.1416 3.1416 -0.2830 0.0737 0.5034 0.8262 0.0010 0.0051 397.0000 117.0871 0.1745 2.7070 119.9687 
231 3.1416 0.1000 3.1416 0.1000 3.1416 3.1416 3.1416 0.1000 0.1000 3.1416 3.1416 3.1416 3.1416 0.1000 0.2700 0.0521 0.5009 0.8239 0.0008 0.0046 494.0000 143.8131 0.1868 2.6583 146.6583 
232 3.1416 1.6109 0.1000 0.1000 3.1416 3.1416 3.1416 0.1000 0.1000 1.6653 0.1000 0.1000 1.8397 3.1416 -0.1080 0.0820 0.4999 0.8208 0.0001 0.0100 595.0000 172.8289 0.2060 3.5074 176.5423 
233 0.1000 3.1416 3.1416 0.1000 3.1416 0.1000 0.1000 3.1416 1.4117 3.1416 0.1000 0.1000 0.3974 0.1000 0.3970 0.0160 0.4996 0.8201 0.0002 0.0099 808.0000 237.5695 0.2389 2.7561 240.5646 
234 2.8471 1.4584 2.3065 1.5740 1.9549 1.7676 3.0561 2.2901 1.4336 2.3309 2.0085 0.9816 2.6472 2.3843 -1.8030 0.4212 0.2540 0.7217 0.0009 0.0039 101.0000 29.2943 0.3263 2.8824 32.5029 
235 3.1416 3.1416 0.1000 0.1000 0.1000 0.1000 0.1000 3.1416 3.1416 0.1000 3.1416 3.1416 3.1416 3.1416 -0.0890 0.0659 0.5078 0.8186 0.0006 0.0033 707.0000 209.2637 0.1860 2.8105 212.2603 
236 3.1416 3.1416 0.1000 0.1000 0.1000 0.1000 0.1000 0.1000 0.1000 3.1416 0.1000 3.1416 3.1416 0.1000 -0.5040 0.0849 0.5061 0.8159 0.0010 0.0040 525.0000 156.5769 0.1855 2.8891 159.6515 
237 3.1416 3.1416 0.1000 3.1416 0.1000 3.1416 0.1000 3.1416 3.1416 0.1000 3.1416 3.1416 0.1000 3.1416 0.6490 0.0382 0.5035 0.8148 0.0010 0.0042 600.0000 175.7285 0.1513 2.9362 178.8160 
238 3.1416 3.1416 3.1416 3.1416 3.1416 0.1000 0.1000 3.1416 3.1416 3.1416 0.1000 3.1416 3.1416 3.1416 -0.0580 0.0625 0.5037 0.8124 0.0010 0.0045 463.0000 139.2549 0.1546 2.9066 142.3161 
239 0.1000 3.1416 0.1000 0.1000 0.1000 0.1000 0.1000 0.1000 0.1000 3.1416 0.1000 3.1416 3.1416 0.1000 0.9300 0.0225 0.5025 0.8098 0.0010 0.0020 638.0000 212.2944 0.1897 2.4601 214.9442 
240 0.1000 0.1000 3.1416 0.1000 0.1000 0.1000 0.1000 3.1416 0.1000 0.1000 0.1000 3.1416 0.1000 3.1416 -0.8160 0.1194 0.5039 0.8086 0.0010 0.0051 567.0000 167.3649 0.2007 3.5893 171.1550 
241 3.1416 0.1000 3.1416 0.1000 3.1416 3.1416 3.1416 3.1416 3.1416 0.1000 3.1416 0.1000 3.1416 0.1000 0.0310 0.0625 0.5020 0.8098 0.0010 0.0047 458.0000 151.3921 0.1965 2.8324 154.4209 
242 3.1416 0.1000 0.1000 0.1000 0.1000 0.1000 3.1416 3.1416 0.1000 0.1000 3.1416 3.1416 3.1416 3.1416 -0.0620 0.0659 0.5011 0.8070 0.0010 0.0094 526.0000 159.3371 0.1900 3.0774 162.6045 
243 3.1416 3.1416 0.1000 0.1000 0.1000 0.1000 0.1000 3.1416 0.1000 3.1416 3.1416 3.1416 3.1416 3.1416 -0.5150 0.0951 0.4992 0.8044 0.0005 0.0096 594.0000 196.2942 0.1776 2.8200 199.2918 
244 3.1416 0.1000 3.1416 3.1416 3.1416 0.1000 3.1416 3.1416 3.1416 3.1416 0.1000 0.1000 3.1416 0.1000 0.0040 0.0625 0.4993 0.8041 0.0010 0.0044 466.0000 138.0906 0.1891 2.9718 141.2515 
245 3.1416 3.1416 0.1000 0.1000 3.1416 0.1000 3.1416 0.1000 0.1000 0.1000 3.1416 3.1416 3.1416 0.1000 -0.8830 0.1142 0.4981 0.8014 0.0010 0.0050 436.0000 138.1701 0.2452 3.1032 141.5185 
246 3.1416 3.1416 0.1000 0.1000 3.1416 0.1000 1.5091 0.1000 0.1000 0.1000 3.1416 3.1416 3.1416 0.1000 0.5200 0.0194 0.4958 0.8032 0.0010 0.0071 509.0000 152.5770 0.2005 2.9417 155.7192 
247 2.8013 1.4194 2.2799 1.5994 1.9945 1.7507 2.9957 2.3071 1.3961 2.3087 2.0355 0.9741 2.6392 2.3636 -1.7610 0.4069 0.2526 0.7081 0.0009 0.0063 98.0000 28.2096 0.2275 3.0606 31.4978 
248 0.1000 0.1000 3.1416 0.1000 0.1000 0.1000 0.1000 3.1416 0.1000 1.8610 0.1000 3.1416 0.1000 3.1416 0.2900 0.0670 0.4989 0.8032 0.0010 0.0098 572.0000 165.1494 0.1966 3.1131 168.4591 
249 3.1416 3.1416 0.1000 1.9701 3.1416 0.1000 3.1416 0.1000 0.1000 0.1000 3.1416 3.1416 3.1416 0.1000 -0.1170 0.0772 0.4949 0.8025 0.0007 0.0099 604.0000 193.4375 0.2021 2.9732 196.6129 
94 2.8439 1.4282 2.3300 1.6013 1.9235 1.7494 3.0211 2.3084 1.4320 2.3593 1.9892 0.9604 2.6399 2.3954 -1.9480 0.4424 0.5424 1.6060 0.0010 0.0092 109.0000 43.4736 0.3028 1.3515 45.1280 
