0 3.0145 0.5269 0.1718 3.1374 0.6604 0.4668 2.0814 1.1513 2.8057 0.8049 3.0184 1.0716 1.9284 2.9350 2.1843 2.9100 2.2538 0.2473 0.4730 0.0839 0.1000 0.9900 0.0000 0.0000 0.0000 0.0000 0.0000 0.0000 0.0000 
1 2.7808 1.8932 1.0450 0.6783 2.6848 1.8727 2.9530 2.4540 3.0236 1.8225 2.2242 1.9624 0.8860 3.0099 1.0504 2.4758 3.0036 2.0797 -0.6800 0.0603 0.1000 0.9900 0.0000 0.0000 0.0000 0.0000 0.0000 0.0000 0.0000 
2 0.5326 2.6100 2.1303 0.6628 0.2494 1.7176 0.1981 2.9137 1.6399 1.6735 1.3454 2.1105 2.8875 1.0347 1.2369 1.8720 1.0043 1.9117 0.0330 0.0187 0.1000 0.9900 0.0000 0.0000 0.0000 0.0000 0.0000 0.0000 0.0000 
3 1.7520 1.4184 2.1477 1.7067 0.3680 3.1309 1.1819 1.4132 1.3252 2.9272 2.9961 1.6573 1.3186 0.3937 2.8237 0.6213 1.7626 1.1619 0.8550 0.0082 0.1000 0.9900 0.0000 0.0000 0.0000 0.0000 0.0000 0.0000 0.0000 
4 1.0985 1.1865 0.6817 0.2125 1.7286 2.5208 2.0681 0.7129 2.2098 0.2584 1.3493 2.6187 2.9014 1.5009 2.6748 1.6163 1.6937 1.8779 0.6980 0.0501 0.1000 0.9900 0.0000 0.0000 0.0000 0.0000 0.0000 0.0000 0.0000 
5 3.1151 2.3620 1.5388 2.3120 2.0566 1.1760 2.4851 2.5935 1.9505 2.9674 0.1553 1.6208 2.0301 1.1359 0.6213 2.2050 1.4213 0.9182 0.4240 0.0680 0.1000 0.9900 0.0000 0.0000 0.0000 0.0000 0.0000 0.0000 0.0000 
6 0.2273 3.0416 1.1715 0.4592 0.7580 0.8754 2.7346 0.6495 0.9406 0.3961 1.5294 0.7318 1.1467 2.3353 2.9137 2.6372 0.2164 1.2490 0.2130 0.0252 0.1000 0.9900 0.0000 0.0000 0.0000 0.0000 0.0000 0.0000 0.0000 
7 2.6821 0.2003 0.7181 1.5904 1.2632 2.3821 2.2843 1.5127 0.8574 0.8018 0.9099 0.2983 2.1250 0.5799 2.8052 2.0647 0.2727 1.6170 0.8710 0.0016 0.1000 0.9900 0.0000 0.0000 0.0000 0.0000 0.0000 0.0000 0.0000 
8 1.9361 0.2285 1.5804 0.1908 2.4307 0.1124 2.0223 3.0976 2.6743 0.8097 1.7259 0.5254 1.1411 2.7275 2.5872 0.1277 1.2554 2.0473 0.1190 0.0217 0.1000 0.9900 0.0000 0.0000 0.0000 0.0000 0.0000 0.0000 0.0000 
9 0.6337 2.5413 2.8164 1.7771 1.2013 2.6808 1.6598 0.6729 0.9449 0.5840 2.6510 1.6508 2.2190 2.5861 3.0618 0.6794 1.3340 2.7590 0.8790 0.0757 0.1000 0.9900 0.0000 0.0000 0.0000 0.0000 0.0000 0.0000 0.0000 
10 2.4167 1.2763 2.0946 0.6931 0.5920 0.2539 1.2549 0.8177 1.6746 3.0488 0.5650 1.7963 2.7299 1.9201 1.7035 2.4353 0.1664 2.9851 0.2140 0.0565 0.1000 0.9900 0.0000 0.0000 0.0000 0.0000 0.0000 0.0000 0.0000 
11 2.1880 2.5535 2.6100 0.3998 0.3026 0.6425 1.6353 2.9541 2.8657 1.3531 1.9931 2.3503 1.1110 3.0519 2.9645 2.3111 2.8418 2.5358 -0.0340 0.0363 0.1000 0.9900 0.0000 0.0000 0.0000 0.0000 0.0000 0.0000 0.0000 
12 2.0838 1.0774 0.9558 0.8254 0.2745 2.9161 1.0074 0.1726 1.0614 0.4138 1.4540 1.1105 0.6337 1.5501 1.3618 1.1769 2.5736 1.0331 0.0940 0.0096 0.1000 0.9900 0.0000 0.0000 0.0000 0.0000 0.0000 0.0000 0.0000 
13 1.7462 2.7703 3.0171 1.2398 0.2232 2.9909 1.6638 0.7618 0.4899 0.8270 1.0444 0.5220 0.2491 3.1246 2.5949 0.4447 1.5622 2.5375 0.0880 0.0136 0.1000 0.9900 0.0000 0.0000 0.0000 0.0000 0.0000 0.0000 0.0000 
14 1.6344 0.3105 1.1331 1.2579 2.8816 1.8729 1.4960 2.0182 0.2479 2.1871 2.5576 2.1401 1.1976 0.9698 0.1309 0.3495 0.5701 1.4787 0.5030 0.1275 0.1000 0.9900 0.0000 0.0000 0.0000 0.0000 0.0000 0.0000 0.0000 
15 2.4672 0.7604 1.5367 2.0341 2.0146 0.1624 2.9000 1.8802 1.0224 0.8279 2.1956 2.9371 1.1260 1.3108 1.7945 0.6321 1.3345 2.8909 -0.2450 0.0341 0.1000 0.9900 0.0000 0.0000 0.0000 0.0000 0.0000 0.0000 0.0000 
16 1.7923 2.6033 0.8965 2.7422 2.4805 0.7857 1.7120 2.1741 1.8424 1.9309 0.8302 1.7848 1.1784 2.5271 1.2336 3.0791 1.8657 0.7927 0.5890 0.0670 0.1000 0.9900 0.0000 0.0000 0.0000 0.0000 0.0000 0.0000 0.0000 
17 1.3645 0.4896 2.3398 0.2397 1.9400 1.0368 2.4635 0.4857 2.1696 2.2717 0.8091 0.4962 1.2331 2.0740 0.8936 0.1267 1.4426 2.5597 0.8050 0.0153 0.1000 0.9900 0.0000 0.0000 0.0000 0.0000 0.0000 0.0000 0.0000 
18 0.5800 2.9613 1.6458 0.5883 0.4043 1.2278 1.5490 0.6343 0.3558 1.6246 0.8726 1.4515 1.4710 2.2210 1.8568 0.7944 0.6466 2.7117 0.6140 0.0032 0.1000 0.9900 0.0000 0.0000 0.0000 0.0000 0.0000 0.0000 0.0000 
19 0.2536 0.4746 0.3126 2.6132 1.7454 2.9097 2.0049 1.1202 1.4093 2.3276 0.8033 2.5425 1.3395 0.2282 1.1453 1.8042 0.5458 2.8539 0.3400 0.0358 0.1000 0.9900 0.0000 0.0000 0.0000 0.0000 0.0000 0.0000 0.0000 
20 2.5118 0.7272 1.4498 1.9926 1.9752 0.1346 2.9291 1.9429 1.0150 0.7180 2.1656 2.8425 1.1423 1.2422 1.8432 0.6548 1.3654 2.9713 -0.1740 0.0315 0.1000 0.9900 0.0000 0.0652 1000.0000 1672.4623 0.3813 0.9641 1673.8078 
21 2.7899 1.8932 1.0551 0.6640 2.6752 1.8636 2.9565 2.4690 3.0308 1.8147 2.2368 1.9725 0.8771 3.0177 1.0592 2.4711 3.0140 2.0958 -0.6790 0.0587 0.4490 0.9432 0.0002 0.0085 92.0000 142.7815 0.5576 1.5167 144.8558 
22 2.8012 1.8948 1.0577 0.6516 2.6771 1.8609 2.9651 2.4823 3.0408 1.8108 2.2483 1.9814 0.8668 3.0279 1.0578 2.4725 3.0278 2.1077 -0.5730 0.0570 0.5215 0.7981 0.0002 0.0098 85.0000 112.1782 0.7452 2.5185 115.4420 
23 2.7294 1.8867 1.0214 0.7391 2.6925 1.8977 2.9197 2.3863 2.9806 1.8473 2.1687 1.9164 0.9346 2.9647 1.0428 2.4774 2.9429 2.0166 -0.6420 0.0729 0.5271 0.7350 0.0002 0.0094 103.0000 155.3229 0.8523 1.4558 157.6310 
24 2.7825 1.9067 0.9400 0.7027 2.8168 1.9869 3.0019 2.3886 3.0378 1.8726 2.1839 1.9277 0.8871 3.0147 0.9124 2.5421 3.0221 2.0106 -0.2980 0.0362 0.6665 0.6913 0.0000 0.0096 121.0000 187.1921 0.9142 2.9441 191.0504 
25 2.7351 1.8788 1.0981 0.7140 2.5980 1.8132 2.8892 2.4415 2.9749 1.8077 2.2028 1.9482 0.9263 2.9668 1.1394 2.4306 2.9374 2.0737 -0.7300 0.0653 0.2420 0.7052 0.0001 0.0096 88.0000 146.3211 1.4638 3.4242 151.2091 
26 2.7272 1.8734 1.1210 0.7158 2.5674 1.7906 2.8733 2.4474 2.9675 1.8005 2.2075 1.9483 0.9346 2.9600 1.1746 2.4143 2.9252 2.0819 -0.5110 0.0632 0.3521 0.7131 0.0001 0.0094 88.0000 124.4901 0.4813 1.4227 126.3941 
27 2.6285 0.8332 1.6583 2.1731 2.1448 0.1033 3.0712 1.8328 1.1578 0.7282 2.3963 3.1416 0.9024 1.4361 1.9127 0.6029 1.3481 2.8868 0.3190 0.0699 0.1817 0.6847 0.0000 0.1590 1000.0000 858.5531 0.3298 0.7248 859.6078 
28 2.2968 0.7198 1.4901 1.9417 1.9283 0.2326 2.7315 1.8787 0.9096 0.9892 2.0415 2.8239 1.3093 1.2485 1.6588 0.6420 1.3017 2.8400 -0.1890 0.0120 0.1665 0.6825 0.0001 0.0091 119.0000 76.6482 0.3190 0.7557 77.7229 
29 2.4603 0.5997 1.3931 2.1638 2.1114 0.2191 2.9017 1.8383 0.8966 0.8327 2.1850 2.8139 1.2866 1.0440 1.5438 0.4603 1.2000 2.7616 0.3120 0.0007 0.1781 0.6980 0.0001 0.1246 1000.0000 642.1449 0.3270 0.7923 643.2642 
30 2.3284 0.8416 1.5812 1.8298 1.8434 0.1733 2.7509 1.9328 1.0165 0.9390 2.0509 2.9005 1.1725 1.4460 1.8860 0.7873 1.4225 2.9736 0.4650 0.0111 0.1653 0.6992 0.0001 0.0094 107.0000 76.4902 0.5129 1.0638 78.0669 
31 2.7538 1.8982 1.0605 0.7049 2.6325 1.8353 2.9094 2.4394 2.9705 1.7978 2.1769 1.9699 0.8928 2.9728 1.0632 2.4538 2.9535 2.0702 -0.6860 0.0658 0.1324 0.6981 0.0001 0.0100 124.0000 80.5155 0.6616 1.8429 83.0200 
32 2.7455 1.8726 1.0726 0.7094 2.6558 1.8591 2.9224 2.4337 3.0134 1.8413 2.2302 1.9258 0.9348 2.9892 1.1209 2.4550 2.9674 2.0607 -0.7510 0.0662 0.1441 0.6955 0.0001 0.0098 87.0000 55.6668 0.5349 0.8825 57.0842 
33 2.7460 1.8772 1.0699 0.7005 2.6447 1.8607 2.9188 2.4295 3.0022 1.8277 2.2170 1.9353 0.9252 2.9830 1.1060 2.4508 2.9639 2.0661 -0.7130 0.0679 0.1572 0.7026 0.0010 0.0099 88.0000 54.3400 0.3139 0.8022 55.4560 
34 2.7500 1.8822 1.0695 0.7262 2.6614 1.8372 2.9197 2.4467 3.0045 1.8378 2.2176 1.9382 0.9245 2.9895 1.1100 2.4630 2.9634 2.0555 -0.7300 0.0618 0.1686 0.7231 0.0010 0.0065 90.0000 56.7762 0.3313 0.8097 57.9172 
35 2.7563 1.8981 1.0593 0.7208 2.6610 1.8528 2.9196 2.4376 2.9925 1.8416 2.2163 1.9432 0.9401 2.9934 1.1209 2.4580 2.9693 2.0704 -0.7640 0.0734 0.1791 0.7430 0.0002 0.0099 125.0000 75.7919 0.4516 0.8389 77.0824 
36 2.7616 1.9103 1.0523 0.7252 2.6657 1.8561 2.9197 2.4366 2.9849 1.8473 2.2155 1.9473 0.9507 2.9979 1.1297 2.4583 2.9728 2.0770 -0.9080 0.0796 0.1875 0.7649 0.0010 0.0075 124.0000 84.1180 0.4685 0.8560 85.4424 
37 2.7806 1.9553 1.0276 0.7395 2.6796 1.8675 2.9187 2.4326 2.9556 1.8657 2.2110 1.9636 0.9883 3.0132 1.1613 2.4577 2.9850 2.1027 -0.8510 0.1004 0.1819 0.7925 0.0010 0.0069 81.0000 50.0873 0.3349 0.9591 51.3813 
38 2.7590 1.9733 1.0393 0.7547 2.6764 1.8809 2.9316 2.4413 2.9373 1.8841 2.2549 1.9767 0.9658 3.0056 1.1613 2.4677 2.9677 2.0906 -0.8650 0.0998 0.1935 0.8108 0.0001 0.0101 348.0000 207.6695 0.3560 0.8942 208.9197 
39 2.8078 1.9464 1.0103 0.7593 2.6588 1.8630 2.9045 2.4310 2.9408 1.8955 2.2434 1.9639 0.9835 3.0362 1.1712 2.4931 2.9706 2.0898 -0.8170 0.1122 0.2071 0.8389 0.0001 0.0100 325.0000 197.8392 0.3327 0.8347 199.0066 
40 2.7426 1.9905 1.0498 0.7582 2.7214 1.8684 2.9439 2.4516 2.9587 1.8701 2.2154 1.9697 1.0009 2.9956 1.1798 2.4356 2.9927 2.1049 -0.6840 0.0866 0.2184 0.8660 0.0007 0.0094 123.0000 74.0153 0.4645 0.8594 75.3391 
41 2.7842 1.9435 1.0223 0.7168 2.6282 1.9014 2.9118 2.4117 2.9306 1.8700 2.2501 1.9722 0.9531 3.0122 1.1396 2.4742 2.9614 2.0985 -0.9490 0.1097 0.2078 0.8758 0.0009 0.0065 128.0000 71.0887 0.3244 0.7715 72.1846 
42 2.7886 1.9487 1.0142 0.7027 2.6081 1.9257 2.9089 2.3962 2.9140 1.8728 2.2623 1.9774 0.9519 3.0133 1.1395 2.4748 2.9568 2.1076 -1.0380 0.1194 0.2139 0.9091 0.0009 0.0058 122.0000 68.4141 0.3425 0.8509 69.6076 
43 2.7965 1.9592 0.9997 0.6800 2.5751 1.9681 2.9037 2.3692 2.8854 1.8796 2.2835 1.9855 0.9542 3.0162 1.1437 2.4753 2.9500 2.1245 -1.0150 0.1367 0.2220 0.9517 0.0009 0.0071 91.0000 53.4591 0.3210 0.7571 54.5371 
44 2.8043 1.9653 0.9915 0.6716 2.5658 1.9762 2.8998 2.3702 2.8731 1.8870 2.2954 1.9814 0.9584 3.0222 1.1437 2.4700 2.9417 2.1234 -1.1540 0.1424 0.2344 0.9828 0.0006 0.0100 82.0000 44.6507 0.4397 0.8301 45.9206 
45 2.8294 1.9890 0.9618 0.6363 2.5265 2.0174 2.8867 2.3635 2.8252 1.9107 2.3382 1.9716 0.9734 3.0404 1.1456 2.4515 2.9148 2.1273 -1.1160 0.1707 0.2489 1.0338 0.0009 0.0091 113.0000 62.2124 0.3368 0.7802 63.3294 
46 2.8301 1.9860 0.9600 0.6440 2.5018 2.0459 2.8841 2.3255 2.8153 1.9164 2.3490 1.9947 0.9709 3.0395 1.1692 2.4820 2.9252 2.1511 -1.0750 0.1670 0.2651 1.0659 0.0003 0.0100 100.0000 57.5087 0.3426 0.8545 58.7058 
47 2.8388 1.9813 0.9510 0.6226 2.5469 1.9954 2.8913 2.3859 2.8264 1.9015 2.3397 1.9537 0.9906 3.0432 1.1305 2.4109 2.9031 2.1127 -1.1570 0.1743 0.2777 1.0972 0.0002 0.0100 169.0000 91.4936 0.3302 0.8317 92.6555 
48 2.8459 1.9809 0.9429 0.6151 2.5454 1.9966 2.8909 2.3871 2.8190 1.9023 2.3479 1.9500 0.9987 3.0466 1.1297 2.3991 2.8972 2.1118 -1.1760 0.1804 0.2917 1.1373 0.0009 0.0094 126.0000 67.9723 0.3519 0.9623 69.2865 
49 2.8609 1.9791 0.9249 0.6007 2.5422 1.9999 2.8909 2.3870 2.8025 1.9032 2.3660 1.9453 1.0154 3.0533 1.1286 2.3755 2.8852 2.1112 -1.2120 0.1936 0.3046 1.1802 0.0008 0.0098 109.0000 59.2575 0.3308 1.0689 60.6573 
50 2.8851 1.9762 0.8962 0.5792 2.5348 2.0072 2.8907 2.3838 2.7750 1.9053 2.3965 1.9405 1.0416 3.0641 1.1295 2.3413 2.8670 2.1125 -1.2690 0.2141 0.3242 1.2372 0.0008 0.0100 115.0000 64.1737 0.4147 0.8425 65.4309 
51 2.9175 1.9724 0.8582 0.5523 2.5231 2.0184 2.8904 2.3772 2.7381 1.9091 2.4386 1.9367 1.0758 3.0789 1.1334 2.2996 2.8443 2.1161 -1.2790 0.2338 0.3509 1.3083 0.0005 0.0100 145.0000 79.3643 0.3377 0.9380 80.6399 
52 2.9314 1.9727 0.8437 0.5412 2.5163 2.0242 2.8890 2.3755 2.7239 1.9134 2.4572 1.9342 1.0894 3.0870 1.1376 2.2855 2.8360 2.1181 -1.2520 0.2387 0.3818 1.3753 0.0005 0.0092 107.0000 62.8854 0.3335 0.8091 64.0279 
53 2.9196 1.9852 0.8460 0.5261 2.5046 2.0191 2.8796 2.3835 2.7422 1.9192 2.4541 1.9404 1.1056 3.0921 1.1386 2.3006 2.8492 2.0957 -1.1720 0.2557 0.4022 1.4227 0.0001 0.0101 266.0000 149.6496 0.4534 0.9167 151.0197 
54 0.1000 3.1416 3.1416 3.1416 3.1416 0.1000 0.1000 0.1000 3.1416 0.1000 3.1416 0.1000 3.1416 0.1000 0.1000 3.1416 3.1416 0.1000 0.7170 0.0309 0.4129 1.4594 0.0000 0.0076 705.0000 430.5764 0.2555 0.8251 431.6570 
55 2.9349 1.9455 0.8685 0.5983 2.5527 2.0263 2.9106 2.3629 2.7108 1.8982 2.4320 1.9212 1.0263 3.0646 1.1351 2.2827 2.8232 2.1678 -1.1770 0.2027 0.4067 1.3989 0.0004 0.0089 157.0000 97.0541 0.3178 0.8765 98.2485 
56 2.8777 1.9496 0.8625 0.5633 2.4969 2.0042 2.9399 2.3730 2.7077 1.9216 2.4068 1.9744 1.0647 3.0996 1.1356 2.2950 2.8971 2.0729 -1.3440 0.2219 0.4307 1.4347 0.0001 0.0103 408.0000 240.8949 0.5523 1.2168 242.6640 
57 2.8611 1.9271 0.8465 0.5598 2.4638 2.0014 2.9867 2.3661 2.6556 1.9396 2.4020 2.0043 1.0688 3.1302 1.1425 2.2686 2.9338 2.0384 -1.2230 0.1891 0.4466 1.4672 0.0006 0.0099 178.0000 99.8781 0.3391 1.0651 101.2823 
58 2.8753 1.9454 0.8511 0.5667 2.5156 1.9468 2.9393 2.2996 2.7238 1.9067 2.4648 2.0551 1.0947 3.0557 1.1153 2.2959 2.9025 2.0604 -1.2160 0.1858 0.4602 1.4843 0.0001 0.0102 304.0000 183.2328 0.3263 0.8892 184.4484 
59 2.8529 1.9128 0.8144 0.5805 2.4744 2.0698 2.9548 2.4569 2.6981 1.8506 2.4054 2.0024 1.1104 3.1337 1.1699 2.3307 2.8669 2.0679 -1.2890 0.2069 0.4803 1.5000 0.0002 0.0097 322.0000 177.5533 0.3244 0.9769 178.8546 
60 2.8459 1.9602 0.7390 0.6078 2.4140 2.0550 2.9572 2.4429 2.7530 1.9025 2.4169 1.9858 1.0638 3.1416 1.1827 2.2695 2.8793 2.0784 -1.1820 0.1715 0.4984 1.5094 0.0001 0.0100 268.0000 158.6421 0.3172 1.3738 160.3332 
61 2.8977 1.9005 0.9166 0.5165 2.5190 2.0624 2.9435 2.4361 2.6095 1.8746 2.4136 1.9913 1.1459 3.1416 1.1612 2.3685 2.8837 2.0550 -1.2430 0.2275 0.5102 1.5203 0.0005 0.0099 116.0000 63.7364 0.4040 1.2930 65.4333 
62 2.8627 1.8782 0.8689 0.5017 2.5272 2.0563 2.9363 2.4054 2.7032 1.9562 2.3543 2.0589 1.1143 3.1416 1.1699 2.3072 2.8150 2.0939 -1.3810 0.1729 0.5218 1.5302 0.0003 0.0102 178.0000 104.8453 0.3107 0.9112 106.0672 
63 2.8625 1.8543 0.8633 0.4645 2.5337 2.0750 2.9353 2.4079 2.7016 1.9981 2.3356 2.1008 1.1289 3.1416 1.1848 2.2960 2.7781 2.1066 -1.3560 0.1519 0.5320 1.5420 0.0006 0.0097 161.0000 93.9408 0.4008 0.9113 95.2530 
64 2.8452 1.8408 0.8603 0.4657 2.5229 2.0709 2.9278 2.4222 2.6906 2.0225 2.3470 2.0998 1.1517 3.1416 1.1615 2.3007 2.7880 2.1390 -1.4570 0.1347 0.5423 1.5516 0.0004 0.0099 162.0000 92.7413 0.3153 0.9903 94.0469 
65 2.8161 1.7973 0.8438 0.4338 2.5019 2.0828 2.9147 2.4553 2.6599 2.1048 2.3616 2.1307 1.2109 3.1416 1.1273 2.2989 2.7795 2.2115 -1.4220 0.1096 0.5528 1.5656 0.0005 0.0095 132.0000 74.0578 0.3841 1.1242 75.5661 
66 2.8458 1.8043 0.8329 0.3828 2.4862 2.0872 2.9679 2.4609 2.6487 2.1433 2.3643 2.1531 1.2271 3.1416 1.1589 2.3156 2.7350 2.2165 -1.3310 0.0948 0.5651 1.5622 0.0002 0.0100 149.0000 87.5389 0.2708 1.0142 88.8239 
67 2.7971 1.7921 0.8593 0.4863 2.5330 2.0975 2.8291 2.4364 2.6735 2.0515 2.3559 2.1221 1.1807 3.1416 1.1185 2.2627 2.8321 2.1816 -1.4670 0.1068 0.5703 1.5711 0.0006 0.0092 116.0000 66.1028 0.3152 0.9670 67.3851 
68 2.7924 1.7821 0.8584 0.4872 2.5377 2.1114 2.7999 2.4378 2.6672 2.0572 2.3594 2.1331 1.1849 3.1416 1.1171 2.2486 2.8435 2.1846 -1.4120 0.1055 0.5799 1.5742 0.0006 0.0099 141.0000 79.0316 0.3674 1.1782 80.5772 
69 2.8113 1.8006 0.8968 0.5219 2.5010 2.1046 2.8588 2.4225 2.6995 2.0462 2.3441 2.1179 1.2233 3.1416 1.0805 2.2545 2.8186 2.1954 -1.5290 0.1162 0.5870 1.5795 0.0007 0.0099 135.0000 73.0181 0.5825 1.0005 74.6010 
70 2.8297 1.7970 0.9378 0.5591 2.4643 2.1376 2.8671 2.4102 2.7199 2.0501 2.3350 2.1317 1.2852 3.1416 1.0325 2.2240 2.8105 2.2148 -1.5100 0.1374 0.5920 1.5914 0.0006 0.0095 147.0000 85.4099 0.4392 1.0765 86.9257 
71 2.8474 1.7950 0.9488 0.5630 2.4556 2.1594 2.8584 2.4121 2.7216 2.0604 2.3362 2.1499 1.3001 3.1416 1.0295 2.2083 2.8123 2.2145 -1.3990 0.1380 0.6014 1.5900 0.0004 0.0099 131.0000 72.8777 0.3392 1.0389 74.2558 
72 2.7412 1.7956 0.8922 0.5312 2.4919 2.0687 2.8761 2.3875 2.7000 2.0212 2.3377 2.0704 1.2650 3.1416 1.0385 2.2729 2.8033 2.2479 -1.5380 0.1447 0.6042 1.6001 0.0007 0.0091 152.0000 83.2926 0.4908 1.6094 85.3928 
73 2.7220 1.7934 0.8873 0.5263 2.4905 2.0649 2.8763 2.3764 2.6958 2.0160 2.3376 2.0619 1.2792 3.1416 1.0315 2.2747 2.8000 2.2641 -1.5090 0.1496 0.6105 1.6060 0.0009 0.0098 139.0000 73.8417 0.3482 1.2912 75.4810 
74 2.7579 1.7766 0.8699 0.5207 2.4822 2.0572 2.8667 2.3682 2.7000 2.0135 2.3068 2.0581 1.2918 3.1416 1.0447 2.2795 2.8272 2.2759 -1.4710 0.1336 0.6173 1.6106 0.0007 0.0097 157.0000 90.0573 0.3167 0.9592 91.3332 
75 2.6967 1.8164 0.9214 0.5440 2.4997 2.0829 2.8790 2.4046 2.6912 2.0383 2.3882 2.0846 1.2500 3.1416 1.0192 2.2646 2.7643 2.2326 -1.5270 0.1660 0.6244 1.6133 0.0008 0.0096 122.0000 63.8432 0.3045 0.9970 65.1447 
76 2.6848 1.8203 0.9245 0.5409 2.5006 2.0886 2.8765 2.4015 2.6879 2.0392 2.3957 2.0871 1.2550 3.1416 1.0175 2.2611 2.7598 2.2372 -1.4340 0.1665 0.6319 1.6149 0.0006 0.0094 145.0000 77.7216 0.2863 0.8903 78.8982 
77 2.7834 1.7674 0.8835 0.5796 2.4730 2.0276 2.8564 2.4200 2.6892 2.0548 2.3397 2.0759 1.2484 3.1416 1.0092 2.3068 2.7838 2.2282 -1.4650 0.1640 0.6369 1.6223 0.0010 0.0098 143.0000 82.3888 0.3376 1.0217 83.7481 
78 2.7311 1.7452 0.9186 0.5192 2.5024 2.1093 2.9024 2.3702 2.7409 2.0439 2.3769 2.0392 1.2804 3.1416 1.0910 2.2492 2.8371 2.2505 -1.2690 0.0955 0.6458 1.6193 0.0009 0.0099 154.0000 81.5508 0.3091 0.9471 82.8070 
79 2.7726 1.9487 0.8381 0.5043 2.4597 2.0525 2.7902 2.4366 2.5756 1.9873 2.2471 2.2126 1.2677 3.1416 0.9175 2.2641 2.7275 2.2703 -0.5740 0.1080 0.6403 1.6667 0.0001 0.0100 108.0000 57.6350 0.2840 0.9430 58.8620 
80 0.1000 0.1000 3.1416 3.1416 0.1000 0.1000 0.1000 3.1416 3.1416 0.1000 0.1000 3.1416 0.1000 0.1000 0.1000 0.1000 3.1416 0.1000 0.7720 0.0236 0.5226 1.9541 0.0004 0.0100 624.0000 335.7470 0.2499 0.8938 336.8908 
81 0.1000 0.1000 3.1416 0.1000 3.1416 3.1416 0.1000 3.1416 0.1000 3.1416 3.1416 0.1000 3.1416 3.1416 0.1000 3.1416 3.1416 0.1000 -0.9350 0.1264 0.5260 1.8985 0.0004 0.0100 622.0000 324.8788 0.2350 0.8464 325.9602 
82 0.1000 0.1000 3.1416 1.0800 3.1416 3.1416 0.1000 3.1416 0.1000 3.1416 3.1416 0.1000 3.1416 3.1416 0.1000 3.1416 3.1416 0.1000 -0.8680 0.1095 0.5213 1.8731 0.0004 0.0100 598.0000 321.9231 0.3173 0.9948 323.2353 
83 1.1012 0.1000 3.1416 0.1000 3.1416 3.1416 0.1000 3.1416 0.1000 3.1416 3.1416 0.1000 3.1416 3.1416 0.1000 3.1416 3.1416 0.1000 -0.4170 0.2039 0.5237 1.8631 0.0004 0.0099 629.0000 325.7437 0.2517 1.0102 327.0057 
84 0.1000 0.1000 3.1416 0.3715 3.1416 3.1416 0.1000 3.1416 0.1000 3.1416 2.1390 0.1000 3.1416 3.1416 0.1000 3.1416 3.1416 0.1000 0.4010 0.0291 0.5224 1.8513 0.0003 0.0098 840.0000 440.9509 0.2252 0.9763 442.1524 
85 0.1000 0.1000 3.1416 2.2742 3.1416 3.1416 0.1000 3.1416 0.1000 3.1416 3.1416 0.1000 3.1416 3.1416 0.1000 3.1416 3.1416 0.1000 -0.3340 0.0902 0.5135 1.8606 0.0003 0.0097 675.0000 352.5707 0.2300 1.0021 353.8027 
86 0.1000 3.1416 3.1416 0.1000 3.1416 0.1000 0.1000 3.1416 3.1416 3.1416 3.1416 3.1416 0.1000 0.1000 3.1416 3.1416 0.1000 0.1000 -0.0170 0.0654 0.5126 1.8437 0.0007 0.0329 1000.0000 529.3814 0.2458 0.9823 530.6095 
87 0.1000 3.1416 0.1000 3.1416 0.1000 3.1416 3.1416 3.1416 3.1416 3.1416 3.1416 0.1000 3.1416 3.1416 0.1000 0.1000 3.1416 0.1000 -0.4750 0.0915 0.5070 1.7999 0.0004 0.0098 840.0000 430.5959 0.2190 0.9889 431.8039 
88 3.1416 3.1416 3.1416 3.1416 3.1416 3.1416 0.1000 3.1416 0.1000 0.1000 0.1000 0.1000 3.1416 0.1000 0.1000 0.1000 3.1416 3.1416 0.2100 0.0517 0.5003 1.7657 0.0004 0.0099 794.0000 400.4372 0.2269 0.8791 401.5432 
89 0.1000 3.1416 0.1000 3.1416 3.1416 3.1416 0.1000 3.1416 3.1416 3.1416 0.1000 0.1000 0.1000 0.1000 3.1416 0.1000 3.1416 0.1000 1.0720 0.0166 0.4964 1.7238 0.0005 0.0195 1000.0000 503.3956 0.3507 0.9966 504.7430 
90 3.1416 0.1000 3.1416 3.1416 3.1416 3.1416 0.1000 0.1000 3.1416 3.1416 3.1416 3.1416 3.1416 3.1416 0.1000 3.1416 0.1000 0.1000 0.4380 0.0470 0.5057 1.6910 0.0004 0.0100 866.0000 430.5964 0.2188 0.8904 431.7057 
91 0.1000 0.1000 0.1000 3.1416 0.1000 0.1000 0.1000 3.1416 0.1000 3.1416 3.1416 0.1000 3.1416 0.1000 0.1000 3.1416 3.1416 3.1416 0.7470 0.0309 0.5038 1.6526 0.0003 0.0276 1000.0000 491.3214 0.2301 0.9399 492.4915 
92 0.1000 3.1416 3.1416 0.1000 0.1000 3.1416 3.1416 3.1416 0.1000 3.1416 3.1416 3.1416 3.1416 3.1416 0.1000 3.1416 3.1416 0.1000 -0.6120 0.1086 0.5060 1.6177 0.0004 0.1148 1000.0000 493.8721 0.2688 1.0227 495.1637 
93 0.1000 3.1416 0.1000 3.1416 0.1000 0.1000 0.1000 3.1416 3.1416 3.1416 3.1416 3.1416 3.1416 3.1416 0.1000 0.1000 0.1000 0.1000 -0.4620 0.0951 0.4999 1.5951 0.0005 0.0347 1000.0000 493.3306 0.2458 2.0708 495.6472 
94 0.1000 0.1000 3.1416 0.1000 3.1416 0.1000 0.1000 0.1000 0.1000 3.1416 3.1416 3.1416 0.1000 3.1416 3.1416 3.1416 3.1416 0.1000 0.0980 0.0610 0.4934 1.5698 0.0004 0.0100 581.0000 297.7855 0.2386 1.5984 299.6225 
95 0.1000 1.3464 3.1416 0.1000 0.1000 3.1416 3.1416 3.1416 0.1000 3.1416 3.1416 3.1416 3.1416 3.1416 0.1000 3.1416 3.1416 0.1000 -0.3360 0.0976 0.4881 1.5376 0.0002 0.0100 868.0000 446.6252 0.2179 0.9822 447.8254 
96 3.1416 3.1416 3.1416 0.1000 3.1416 0.1000 0.1000 0.1000 0.1000 0.1000 0.1000 3.1416 3.1416 0.1000 3.1416 3.1416 3.1416 0.1000 0.3810 0.0411 0.4847 1.5183 0.0004 0.0100 636.0000 339.1765 0.3416 1.0890 340.6071 
97 3.1416 3.1416 0.1000 3.1416 0.1000 3.1416 0.1000 3.1416 3.1416 0.1000 3.1416 0.1000 3.1416 3.1416 0.1000 0.1000 0.1000 0.1000 1.1000 0.0166 0.4818 1.4876 0.0003 0.0090 938.0000 487.3757 0.2382 1.1268 488.7407 
98 2.8202 1.7265 0.9144 0.6037 2.4904 2.0682 2.9155 2.4400 2.7415 2.0876 2.4203 2.0693 1.2031 3.1416 1.0719 2.3159 2.7824 2.1391 -1.3140 0.1339 0.4909 1.4675 0.0000 0.0000 515.0000 270.4172 0.2950 1.0390 271.7513 
99 0.1000 3.1416 3.1416 3.1416 3.1416 0.1000 3.1416 3.1416 3.1416 3.1416 3.1416 0.1000 3.1416 0.1000 3.1416 3.1416 0.1000 3.1416 0.1110 0.0521 0.4595 1.4642 0.0003 0.0099 750.0000 377.9299 0.2188 0.9934 379.1420 
100 3.1416 3.1416 3.1416 0.1000 0.1000 0.1000 0.1000 3.1416 0.1000 0.1000 3.1416 0.1000 0.1000 0.1000 0.1000 3.1416 3.1416 0.1000 0.0110 0.0510 0.4531 1.4333 0.0001 0.0102 1000.0000 509.0649 0.2502 1.0308 510.3459 
101 0.1000 0.1000 0.1000 3.1416 3.1416 0.1000 0.1000 0.1000 0.1000 3.1416 0.1000 3.1416 3.1416 3.1416 3.1416 0.1000 3.1416 0.1000 -0.6450 0.1012 0.4457 1.4033 0.0002 0.0099 976.0000 483.6872 0.2429 1.0110 484.9411 
102 0.1000 0.1000 3.1416 3.1416 0.1000 3.1416 3.1416 3.1416 0.1000 3.1416 0.1000 3.1416 0.1000 3.1416 3.1416 3.1416 3.1416 0.1000 0.6680 0.0279 0.4392 1.3858 0.0002 0.0100 716.0000 356.1829 0.2057 1.0788 357.4674 
103 0.1000 3.1416 3.1416 3.1416 0.1000 3.1416 3.1416 0.1000 3.1416 3.1416 3.1416 0.1000 0.1000 0.1000 0.1000 3.1416 3.1416 3.1416 1.1700 0.0163 0.4388 1.3614 0.0002 0.0098 900.0000 464.8621 0.3018 0.8956 466.0594 
104 3.1416 3.1416 3.1416 3.1416 3.1416 3.1416 0.1000 0.1000 3.1416 0.1000 0.1000 3.1416 0.1000 0.1000 0.1000 3.1416 0.1000 3.1416 0.4130 0.0382 0.4493 1.3511 0.0002 0.0100 644.0000 331.2745 0.2176 1.0602 332.5524 
105 0.1000 0.1000 0.1000 3.1416 3.1416 0.1000 0.1000 0.1000 0.1000 3.1416 0.1000 3.1416 3.1416 3.1416 1.6951 0.1000 3.1416 0.1000 -0.5380 0.1012 0.4449 1.3248 0.0003 0.0100 674.0000 341.5751 0.2413 0.9566 342.7730 
106 1.5765 0.1000 0.1000 3.1416 3.1416 0.1000 0.1000 0.1000 0.1000 3.1416 0.1000 3.1416 3.1416 3.1416 3.1416 0.1000 3.1416 0.1000 -0.1950 0.1279 0.4440 1.3178 0.0003 0.0100 786.0000 388.9658 0.2270 0.9875 390.1803 
107 0.1000 3.1416 3.1416 0.1000 1.7387 3.1416 3.1416 3.1416 0.1000 3.1416 3.1416 3.1416 3.1416 3.1416 0.1000 3.1416 3.1416 0.1000 -0.3780 0.1261 0.4401 1.3031 0.0002 0.0099 972.0000 482.7955 0.2055 1.0218 484.0229 
108 0.1000 3.1416 3.1416 3.1416 0.1000 0.1000 3.1416 3.1416 0.1000 0.1000 0.1000 0.1000 3.1416 3.1416 0.1000 0.1000 3.1416 0.1000 0.7080 0.0303 0.4366 1.2905 0.0002 0.0099 804.0000 395.8182 0.2440 1.0824 397.1446 
109 0.1000 3.1416 3.1416 0.1000 3.1416 3.1416 0.1000 3.1416 3.1416 0.1000 0.1000 3.1416 0.1000 3.1416 0.1000 0.1000 0.1000 0.1000 -1.2510 0.1728 0.4366 1.2707 0.0002 0.0100 806.0000 397.2579 0.2322 1.0394 398.5295 
110 0.1000 3.1416 3.1416 0.1000 3.1416 3.1416 0.1000 3.1416 3.1416 0.1000 0.1000 3.1416 0.1000 2.6407 0.1000 0.1000 0.1000 0.1000 0.8070 0.0144 0.4397 1.2825 0.0003 0.0100 701.0000 349.1346 0.3133 0.9576 350.4055 
111 0.1000 0.1000 0.1000 3.1416 3.1416 0.1000 0.1000 0.1000 0.1000 3.1416 0.1000 1.9859 3.1416 3.1416 2.9389 0.1000 3.1416 0.1000 0.8430 0.0329 0.3268 1.2166 0.0000 0.0099 836.0000 419.6326 0.2555 1.0131 420.9011 
112 0.1000 0.1000 3.1416 3.1416 3.1416 3.1416 0.1000 3.1416 3.1416 0.1000 3.1416 0.1000 0.1000 3.1416 0.1000 3.1416 0.1000 3.1416 0.1680 0.0521 0.3224 1.1977 0.0000 0.0099 707.0000 354.3248 0.2122 1.1093 355.6463 
113 0.1000 3.1416 3.1416 3.1416 3.1416 0.1000 3.1416 0.1000 3.1416 3.1416 0.1000 3.1416 3.1416 0.1000 3.1416 0.1000 3.1416 0.1000 -0.2920 0.0839 0.3178 1.1747 0.0000 0.0100 822.0000 405.0328 0.2295 1.0508 406.3132 
114 0.1000 0.1000 3.1416 0.5272 3.1416 3.1416 0.1000 3.1416 0.1000 2.5711 3.1416 0.1000 3.1416 3.1416 0.1000 3.1416 3.1416 0.1000 -0.9090 0.0985 0.3131 1.1568 0.0001 0.0288 1000.0000 486.4377 0.2633 1.1972 487.8982 
115 0.1000 0.1000 3.1416 3.1416 3.1416 0.1000 0.1000 3.1416 0.1000 0.1000 0.1000 0.1000 0.1000 0.1000 3.1416 3.1416 3.1416 3.1416 1.7490 0.0043 0.3179 1.1693 0.0000 0.0100 697.0000 346.1827 0.2432 1.1587 347.5846 
116 0.1000 0.1000 3.1416 0.5248 3.1416 3.1416 0.1000 2.5535 0.1000 2.9309 3.1416 0.1000 3.1416 3.1416 0.1000 3.1416 3.1416 0.1000 -0.8660 0.1076 0.3332 1.1900 0.0000 0.0100 835.0000 403.7718 0.2613 1.1403 405.1734 
117 0.1000 0.1000 2.5396 0.5235 3.1416 3.1416 0.1000 3.0427 0.1000 2.9239 3.1416 0.1000 3.1416 3.1416 0.1000 3.1416 3.1416 0.1000 0.6520 0.0485 0.3382 1.2015 0.0001 0.0100 791.0000 374.3308 0.3447 1.1236 375.7991 
118 0.1000 3.1416 3.1416 0.1000 0.1000 3.1416 3.1416 3.1416 0.1000 3.1416 3.1416 3.1416 3.1416 2.0437 0.1000 3.1416 3.1416 0.1000 -0.2810 0.0482 0.3177 1.1895 0.0004 0.1408 1000.0000 486.2282 0.1978 1.0818 487.5077 
119 0.1000 0.1000 3.1416 0.1000 3.1416 3.1416 0.1000 2.6727 0.1000 2.2789 3.1416 0.1000 3.1416 3.1416 0.1000 3.1416 3.1416 0.1000 -0.2500 0.0728 0.3159 1.1803 0.0001 0.0099 658.0000 306.5009 0.2535 1.1405 307.8949 
120 0.1000 0.1000 3.1416 0.1000 0.1000 0.1000 3.1416 0.1000 3.1416 3.1416 3.1416 3.1416 3.1416 0.1000 0.1000 3.1416 3.1416 0.1000 0.0310 0.0556 0.3143 1.1782 0.0000 0.0098 829.0000 390.2363 0.2369 1.2356 391.7088 
121 0.1000 0.1000 3.1416 3.1416 0.1000 3.1416 3.1416 3.1416 3.1416 0.1000 3.1416 3.1416 3.1416 0.1000 0.1000 3.1416 0.1000 0.1000 -0.9050 0.1277 0.3099 1.1584 0.0000 0.0100 773.0000 375.8976 0.2282 1.0976 377.2234 
122 0.1000 0.1000 3.1416 3.1416 0.1000 2.4792 3.1416 3.1416 3.1416 0.1000 3.1416 3.1416 3.1416 0.1000 0.1000 3.1416 0.1000 0.1000 0.9260 0.0238 0.3089 1.1581 0.0000 0.0240 1000.0000 479.5055 0.2214 1.2252 480.9521 
123 0.1000 3.1416 0.1000 3.1416 0.1000 3.1416 3.1416 3.1416 3.1416 3.1416 3.1416 0.1000 3.1416 3.1416 0.1000 0.1000 3.1416 1.6744 0.0090 0.0714 0.2918 1.1414 0.0000 0.0108 1000.0000 485.6505 0.2177 1.2258 487.0941 
124 0.1000 3.1416 0.1000 3.1416 1.7788 0.1000 0.1000 3.1416 3.1416 3.1416 3.1416 3.1416 3.1416 3.1416 0.1000 0.1000 0.1000 0.1000 -0.3010 0.0752 0.2886 1.1259 0.0000 0.0100 759.0000 378.4107 0.2993 1.1645 379.8745 
125 3.1416 3.1416 0.1000 3.1416 3.1416 0.1000 0.1000 0.1000 3.1416 3.1416 3.1416 0.1000 3.1416 0.1000 3.1416 0.1000 3.1416 3.1416 0.9090 0.0245 0.2857 1.1139 0.0000 0.0100 983.0000 458.2030 0.2438 1.2137 459.6606 
126 0.1000 3.1416 0.1000 0.1000 3.1416 0.1000 3.1416 3.1416 0.1000 3.1416 3.1416 0.1000 3.1416 0.1000 3.1416 0.1000 3.1416 0.1000 0.0030 0.0625 0.2864 1.1042 0.0000 0.0100 691.0000 328.8066 0.2479 1.2900 330.3445 
127 0.1000 3.1416 3.1416 3.1416 3.1416 3.1416 3.1416 3.1416 0.1000 0.1000 3.1416 0.1000 0.1000 0.1000 0.1000 3.1416 0.1000 0.1000 1.0230 0.0187 0.2830 1.0888 0.0000 0.0046 964.0000 450.5364 0.2310 1.3410 452.1084 
128 0.1000 3.1416 0.1000 3.1416 0.1000 0.1000 0.1000 3.1416 3.1416 3.1416 3.1416 3.1416 3.1416 3.1416 1.6735 0.1000 0.1000 0.1000 -0.0410 0.1085 0.2846 1.0818 0.0000 0.0100 948.0000 461.8851 0.2071 1.0816 463.1738 
129 0.1000 3.1416 3.1416 0.1651 3.1416 3.0797 0.1739 3.0749 2.9012 0.1000 0.1000 3.1416 0.1216 3.1416 0.2293 0.1000 0.1000 0.1000 -1.2430 0.1720 0.2818 1.0692 0.0004 0.0522 1000.0000 481.5491 0.2704 1.3000 483.1195 
130 0.1000 3.1416 3.1416 0.1116 3.1416 3.1416 0.1000 3.1416 3.0621 0.1000 0.1000 3.1416 0.1000 3.1416 0.4364 0.1000 0.1000 0.1000 -0.9710 0.1721 0.2880 1.0867 0.0000 0.0400 1000.0000 475.6911 0.2367 1.2438 477.1716 
131 3.1416 3.1416 3.1416 3.1416 3.1416 0.1000 0.1000 0.1000 3.1416 0.1000 0.1000 0.1000 0.1000 0.1000 3.1416 0.1000 0.1000 0.1000 -0.0260 0.0721 0.2915 1.0965 0.0000 0.0100 625.0000 295.1339 0.3547 1.2403 296.7289 
132 0.1000 3.1416 3.1416 0.1974 3.1416 2.9707 0.3045 2.9573 3.0389 0.1000 0.1000 3.1416 0.1584 3.1416 0.1000 0.1000 0.1000 0.1000 -1.6680 0.2336 0.2881 1.0821 0.0001 0.0099 618.0000 280.7027 0.2564 1.2067 282.1658 
133 0.1000 3.1416 3.1416 0.2135 3.1416 2.9308 0.3523 2.9142 3.0599 0.1000 0.1000 3.1416 0.1720 3.1416 0.1000 0.1000 0.1000 0.1000 -1.7360 0.2502 0.2930 1.1064 0.0010 0.0067 321.0000 169.0363 0.2725 1.3423 170.6511 
134 0.1000 3.1416 3.1416 0.2277 3.1416 2.8975 0.3921 2.8784 3.0726 0.1000 0.1000 3.1416 0.1833 3.1416 0.1000 0.1000 0.1000 0.1000 -1.7780 0.2610 0.3004 1.1221 0.0010 0.0062 322.0000 157.2011 0.3148 1.6866 159.2025 
135 0.1000 3.1416 3.1416 0.2394 3.1416 2.8713 0.4235 2.8501 3.0791 0.1000 0.1000 3.1416 0.1922 3.1416 0.1000 0.1000 0.1000 0.1000 -1.7390 0.2672 0.3078 1.1363 0.0010 0.0068 425.0000 194.5601 0.2416 1.3077 196.1095 
136 0.1000 3.1416 3.1416 0.2663 3.1416 2.9028 0.4377 2.8824 3.0884 0.1000 0.1000 3.1416 0.1853 3.1416 0.1000 0.1000 0.1000 0.1000 -1.7820 0.2766 0.3129 1.1447 0.0001 0.0100 562.0000 262.7292 0.2397 1.2305 264.1994 
137 0.1000 3.1416 3.1416 0.2790 3.1416 2.9055 0.4516 2.8847 3.0905 0.1000 0.1000 3.1416 0.1856 3.1416 0.1000 0.1000 0.1000 0.1000 -1.7750 0.2804 0.3198 1.1567 0.0010 0.0076 389.0000 174.6268 0.2430 1.2830 176.1527 
138 0.1000 3.1416 3.1416 0.2843 3.1416 2.9045 0.4583 2.8831 3.0886 0.1000 0.1000 3.1416 0.1862 3.1416 0.1000 0.1000 0.1000 0.1000 -1.7090 0.2809 0.3256 1.1678 0.0010 0.0086 444.0000 202.7817 0.3302 1.2616 204.3735 
139 0.1000 3.1416 3.1416 0.2350 3.1416 2.8642 0.4038 2.8770 3.1167 0.1000 0.1000 3.1416 0.2198 3.1416 0.1000 0.1000 0.1000 0.1000 -1.7840 0.2882 0.3299 1.1779 0.0004 0.0098 407.0000 195.8414 0.2665 2.0094 198.1174 
140 0.1000 3.1416 3.1416 0.2349 3.1416 2.8531 0.4036 2.8757 3.1209 0.1000 0.1000 3.1416 0.2308 3.1416 0.1000 0.1000 0.1000 0.1000 -1.8200 0.2925 0.3382 1.1936 0.0010 0.0074 461.0000 246.9212 0.3458 1.5154 248.7824 
141 0.1000 3.1416 3.1416 0.2380 3.1416 2.8112 0.4011 2.8786 3.1362 0.1000 0.1000 3.1416 0.2784 3.1416 0.1000 0.1000 0.1000 0.1000 -1.8310 0.3096 0.3450 1.2082 0.0010 0.0076 382.0000 187.2209 0.2404 1.3610 188.8223 
142 3.1416 3.1416 0.1000 0.1000 0.1000 0.1000 0.1000 0.1000 3.1416 3.1416 3.1416 3.1416 0.1000 0.1000 0.1000 0.1000 3.1416 0.1000 -1.2260 0.1560 0.3542 1.2267 0.0000 0.0085 781.0000 388.2907 0.2398 1.2362 389.7667 
143 3.1416 3.1416 0.1000 0.1000 0.7084 0.1000 0.1000 0.1000 3.1416 3.1416 3.1416 3.1416 0.1000 0.1000 0.1000 0.1000 3.1416 0.1000 -0.8350 0.2077 0.3551 1.2330 0.0001 0.0100 676.0000 316.8657 0.2679 1.3666 318.5002 
144 3.1416 3.1416 0.7178 0.1000 0.1000 0.1000 0.1000 0.1000 3.1416 3.1416 3.1416 3.1416 0.1000 0.1000 0.1000 0.1000 3.1416 0.1000 -0.8420 0.2176 0.3574 1.2384 0.0001 0.0100 721.0000 358.0564 0.2505 1.5359 359.8427 
145 0.1000 3.1416 3.1416 0.2416 3.1416 2.7863 0.4048 2.8745 3.1381 0.1000 0.1000 3.1416 0.3025 3.1416 0.1000 0.1000 0.1000 0.1000 -1.8850 0.3170 0.3601 1.2448 0.0010 0.0074 322.0000 145.0334 0.3243 1.3182 146.6758 
146 0.1000 3.1416 3.1416 0.2548 3.1416 2.7265 0.4159 2.8668 3.1333 0.1000 0.1000 3.1416 0.3621 3.1416 0.1000 0.1000 0.1000 0.1000 -1.8770 0.3330 0.3695 1.2644 0.0010 0.0064 336.0000 148.9569 0.2430 1.3108 150.5106 
147 3.1416 3.1416 0.1000 0.1000 0.1000 0.1000 0.1000 0.1000 3.1416 3.1416 3.1416 3.1416 0.1000 0.7890 0.1000 0.1000 3.1416 0.1000 -0.4580 0.0668 0.3815 1.2871 0.0001 0.0099 631.0000 278.7889 0.2400 1.4420 280.4709 
148 0.1000 3.1416 3.1416 0.2569 3.1416 2.7121 0.4211 2.8598 3.1316 0.1000 0.1000 3.1416 0.3725 3.1416 0.1000 0.1000 0.1000 0.1000 -1.9290 0.3364 0.3785 1.2832 0.0010 0.0080 382.0000 177.5982 0.2613 1.3340 179.1935 
149 0.1000 3.1416 3.1416 0.2676 3.1416 2.6495 0.4452 2.8293 3.1187 0.1000 0.1000 3.1416 0.4172 3.1416 0.1000 0.1000 0.1000 0.1000 -1.9220 0.3498 0.3890 1.3044 0.0009 0.0098 452.0000 195.9330 0.2483 1.2072 197.3885 
150 0.1000 3.1416 3.1416 0.2674 3.1416 2.6336 0.4527 2.8163 3.1196 0.1000 0.1000 3.1416 0.4244 3.1416 0.1000 0.1000 0.1000 0.1000 -1.9960 0.3532 0.4032 1.3309 0.0010 0.0092 429.0000 190.3303 0.2321 1.6195 192.1819 
151 0.1000 3.1416 3.1416 0.2671 3.1416 2.5506 0.4925 2.7481 3.1176 0.1000 0.1000 3.1416 0.4610 3.1416 0.1000 0.1000 0.1000 0.1000 -1.9200 0.3611 0.4162 1.3562 0.0010 0.0094 316.0000 140.3996 0.2450 1.5236 142.1683 
152 0.1000 3.1416 3.1416 0.3509 3.1416 2.6415 0.4271 2.7737 3.0940 0.1000 0.1000 3.1416 0.5060 3.1416 0.1000 0.1000 0.1000 0.1000 -2.0230 0.3528 0.4302 1.3792 0.0005 0.0100 529.0000 234.1255 0.3241 1.6259 236.0756 
153 0.1000 3.1416 3.1416 0.3974 3.1416 2.6538 0.4102 2.7491 3.0847 0.1000 0.1000 3.1416 0.5464 3.1416 0.1000 0.1000 0.1000 0.1000 -1.9550 0.3496 0.4467 1.4052 0.0010 0.0075 342.0000 150.6978 0.2340 1.2858 152.2176 
154 0.1000 3.1416 3.1416 0.4171 3.1416 2.5727 0.4061 2.8125 3.0724 0.1000 0.1000 3.1416 0.4752 3.1416 0.1000 0.1000 0.1000 0.1000 -1.9030 0.3426 0.4587 1.4238 0.0008 0.0099 427.0000 188.5350 0.2423 1.3440 190.1213 
155 0.1000 3.1416 3.1416 0.2816 3.1416 2.7075 0.4685 2.7280 3.1014 0.1000 0.1000 3.1416 0.5746 3.1416 0.1000 0.1000 0.1000 0.1000 -1.9570 0.3540 0.4734 1.4456 0.0009 0.0075 399.0000 174.5056 0.2473 1.5385 176.2914 
156 0.1000 3.1416 3.1416 0.3131 3.1416 2.6736 0.3869 2.6572 3.1416 0.1000 0.1000 3.1416 0.4954 3.1416 0.1000 0.1000 0.1000 0.1000 -1.8560 0.3181 0.4872 1.4650 0.0010 0.0100 408.0000 183.3962 0.2587 1.5210 185.1758 
157 0.1000 3.1416 3.1416 0.3142 3.1416 2.6561 0.5377 2.8551 3.0542 0.1000 0.1000 3.1416 0.5840 3.1416 0.1000 0.1000 0.1000 0.1000 -1.9170 0.3915 0.4983 1.4815 0.0010 0.0081 474.0000 210.0297 0.2521 1.5035 211.7854 
158 3.1416 1.4389 0.9091 0.1299 2.4286 2.4696 3.0571 2.6108 2.6831 2.5594 2.5712 2.1461 1.4154 3.1416 1.4427 1.9574 3.0984 2.4307 0.0010 0.0650 0.5102 1.4967 0.0000 0.0100 256.0000 123.4777 0.2603 1.6193 125.3573 
159 3.1416 3.1416 0.1000 0.1000 0.1000 0.1000 0.1000 0.1000 3.1416 3.1416 2.2075 3.1416 0.1000 0.1000 0.1000 0.1000 3.1416 0.1000 -0.4350 0.0753 0.4994 1.4861 0.0007 0.0099 665.0000 298.5505 0.2569 1.4947 300.3021 
160 3.1416 3.1416 0.1000 0.1000 0.1000 0.1000 0.1000 0.1000 3.1416 2.2019 3.1416 3.1416 0.1000 0.1000 0.1000 0.1000 3.1416 0.1000 -0.3330 0.0507 0.4984 1.4832 0.0016 0.0173 1000.0000 446.2433 0.2507 1.5331 448.0271 
161 0.1000 3.0014 3.1416 0.3117 3.1416 2.6519 0.4679 2.8031 3.0734 0.1000 0.1000 3.1416 0.5230 3.1416 0.1000 0.1000 0.1000 0.1000 -1.9340 0.3691 0.4966 1.4789 0.0010 0.0078 627.0000 286.4148 0.2634 1.5110 288.1892 
162 0.1000 3.1416 2.9963 0.3129 3.1416 2.6492 0.4719 2.8028 3.0762 0.1000 0.1000 3.1416 0.5247 3.1416 0.1000 0.1000 0.1000 0.1000 -1.5490 0.2935 0.5103 1.4955 0.0010 0.0081 441.0000 205.1366 0.2400 1.4234 206.7999 
163 3.1416 3.1416 0.1000 0.1000 0.1000 3.1416 0.1000 0.1000 3.1416 3.1416 0.1000 0.1000 3.1416 0.1000 0.1000 3.1416 3.1416 3.1416 -0.6020 0.1036 0.4986 1.5049 0.0004 0.4940 1000.0000 451.5979 0.2140 1.5952 453.4070 
164 3.1416 0.1000 0.1000 3.1416 0.1000 3.1416 0.1000 0.1000 0.1000 3.1416 0.1000 3.1416 0.1000 3.1416 0.1000 3.1416 3.1416 3.1416 -0.5060 0.0915 0.4922 1.4857 0.0006 0.0099 792.0000 350.9797 0.1934 1.6404 352.8135 
165 3.1416 3.1416 0.1000 0.1000 0.1000 3.1416 0.1000 0.1000 3.1416 3.1416 0.1000 0.1000 3.1416 0.1000 0.1000 3.1416 3.1416 1.4220 0.1550 0.0729 0.4856 1.4655 0.0004 0.0100 976.0000 447.4350 0.2381 1.7099 449.3831 
166 0.1000 3.1049 3.1416 0.3487 3.1416 2.6524 0.4795 2.8001 3.1416 0.1000 0.1000 3.1416 0.5090 3.1416 0.1000 0.1000 0.1000 0.2359 -1.9550 0.4498 0.4823 1.4494 0.0010 0.0086 502.0000 221.2116 0.2600 2.0110 223.4826 
167 0.1000 3.1026 3.1416 0.3507 3.1416 2.6492 0.4833 2.7987 3.1416 0.2381 0.1000 3.1416 0.5093 3.1416 0.1000 0.1000 0.1000 0.1466 -1.8880 0.3709 0.4970 1.4691 0.0010 0.0091 385.0000 168.8675 0.2660 1.4445 170.5779 
168 0.1000 3.1071 3.1416 0.3375 3.1416 2.6438 0.4737 2.7983 3.1416 0.1000 0.2499 3.1416 0.5085 3.1416 0.1000 0.1000 0.1000 0.1541 -2.0150 0.4442 0.5100 1.4862 0.0010 0.0082 516.0000 246.5123 0.2559 1.5258 248.2940 
169 0.1000 3.1039 3.1416 0.3399 3.1416 2.6361 0.4813 2.7948 3.1416 0.1000 0.2921 3.1416 0.5117 3.1416 0.1000 0.1000 0.1000 0.1594 -1.9490 0.4523 0.5220 1.4998 0.0010 0.0083 424.0000 217.9406 0.2539 1.4713 219.6658 
170 0.2162 3.1047 3.1416 0.3412 3.1416 2.6440 0.4755 2.8000 3.1416 0.1000 0.2153 3.1416 0.5092 3.1416 0.1000 0.1000 0.1000 0.1535 -2.2540 0.5014 0.5301 1.5111 0.0010 0.0074 443.0000 206.0475 0.2553 1.6133 207.9162 
171 0.5044 3.0960 3.1416 0.3571 3.1416 2.6260 0.4988 2.7932 3.1416 0.1000 0.2478 3.1416 0.5256 3.1416 0.1000 0.1000 0.1000 0.1599 -2.0030 0.5292 0.5274 1.5155 0.0007 0.0100 319.0000 140.2182 0.2572 1.7878 142.2632 
172 0.3145 3.0985 3.1416 0.3502 3.1416 2.6558 0.4765 2.8084 3.1416 0.1000 0.2341 3.1416 0.5068 3.1416 0.1000 0.1000 0.2861 0.1520 -2.3030 0.5511 0.5317 1.5078 0.0010 0.0070 565.0000 250.2452 0.2614 1.7007 252.2074 
173 0.3270 3.0965 3.1416 0.3543 3.1416 2.6527 0.4812 2.8068 3.1416 0.1000 0.2420 3.1416 0.5098 3.1416 0.1000 0.1000 0.3731 0.1527 -2.2630 0.5657 0.5371 1.5118 0.0009 0.0074 363.0000 186.3574 0.2758 1.6819 188.3151 
174 0.3295 3.0954 3.1416 0.3562 3.0768 2.6498 0.4845 2.8049 3.1416 0.1000 0.2460 3.1416 0.5101 3.1416 0.1000 0.1000 0.3786 0.1537 -2.1650 0.5464 0.5472 1.5188 0.0010 0.0088 403.0000 191.5911 0.2836 1.5905 193.4654 
175 0.3248 3.0983 3.1416 0.3496 3.1416 2.6602 0.4707 2.8126 3.1416 0.1000 0.2378 3.1416 0.5077 3.1416 0.1000 0.2168 0.3238 0.1527 -2.2760 0.6495 0.5550 1.5242 0.0010 0.0074 334.0000 172.2388 0.3495 1.6552 174.2436 
176 0.3277 3.0973 3.1416 0.3513 3.1416 2.6567 0.4742 2.8104 3.1416 0.1000 0.2421 3.0587 0.5084 3.1416 0.1000 0.2040 0.3347 0.1538 -2.2270 0.6125 0.5653 1.5285 0.0009 0.0081 339.0000 166.9343 0.2974 1.7135 168.9453 
177 0.3342 3.1169 3.1416 0.3052 3.1416 2.6299 0.4372 2.8149 3.1416 0.1000 0.2498 3.1416 0.5259 3.1416 0.1000 0.1963 0.3508 0.2233 -2.3010 0.6809 0.5750 1.5329 0.0010 0.0093 424.0000 187.2963 0.2563 1.7054 189.2580 
178 0.3384 3.1188 3.1416 0.3020 3.1416 2.6206 0.4396 2.8109 3.1416 0.1000 0.2562 3.1416 0.5285 3.1416 0.1000 0.2059 0.3666 0.2351 -2.3240 0.6908 0.5850 1.5381 0.0010 0.0087 522.0000 230.3653 0.2560 1.5774 232.1987 
179 0.3506 3.1265 3.1416 0.2898 3.1416 2.5951 0.4415 2.8021 3.1416 0.1000 0.2707 3.1416 0.5399 3.1416 0.1000 0.2297 0.4063 0.2686 -2.2680 0.6979 0.5930 1.5421 0.0010 0.0090 314.0000 141.3844 0.4059 1.7260 143.5162 
180 0.3448 3.0771 3.1416 0.2911 3.1416 2.6028 0.3859 2.8401 3.1416 0.1000 0.2654 3.1416 0.5722 3.1416 0.1000 0.2064 0.3782 0.2058 -2.2410 0.6672 0.6005 1.5450 0.0010 0.0092 339.0000 150.5324 0.2587 1.8438 152.6349 
181 0.3467 3.1416 3.1416 0.3260 3.1416 2.6497 0.4957 2.7723 3.1416 0.1000 0.2594 3.1416 0.4793 3.1416 0.1000 0.2299 0.3876 0.2776 -2.1650 0.6820 0.6090 1.5481 0.0010 0.0092 529.0000 234.6908 0.2489 1.9069 236.8466 
182 3.1416 0.1000 0.1000 3.1416 0.1000 3.1416 0.1000 0.1000 0.1000 1.3881 0.1000 3.1416 0.1000 3.1416 0.1000 3.1416 3.1416 3.1416 0.0930 0.0511 0.6140 1.5513 0.0010 0.0083 915.0000 403.5794 0.2038 1.8449 405.6282 
183 0.3453 3.1416 3.1416 0.2760 3.1416 2.5646 0.4409 2.8604 3.1416 0.1000 0.2721 3.1416 0.5802 3.1416 0.1000 0.1825 0.3836 0.1337 -2.2700 0.6279 0.6132 1.5392 0.0010 0.0076 370.0000 159.9981 0.2379 1.6689 161.9049 
184 0.3471 3.0296 3.1416 0.2720 3.1416 2.5284 0.4386 2.8260 3.1416 0.1000 0.2626 3.1416 0.5147 3.1416 0.1000 0.1889 0.3942 0.1560 -2.2980 0.6232 0.6216 1.5419 0.0009 0.0100 426.0000 184.3939 0.2644 1.7253 186.3836 
185 2.4581 1.5954 0.5908 0.2414 2.6366 2.0572 3.0465 1.8879 3.0491 1.9971 3.0408 2.1503 1.5355 3.1416 1.4448 2.8332 2.3689 2.3454 -0.3730 0.0968 0.6303 1.5439 0.0000 0.0090 154.0000 68.5461 0.2722 1.6455 70.4638 
186 2.5180 1.8791 0.2325 0.1000 2.3763 1.5333 3.1416 2.3952 2.4289 2.5566 3.0562 1.1398 0.8169 3.1416 1.3770 2.9683 2.9602 2.6870 -0.7760 0.1503 0.6301 1.5390 0.0000 0.0100 284.0000 124.4066 0.4690 1.6674 126.5430 
187 2.6807 2.1171 0.1000 0.1000 2.4149 1.0488 3.1416 2.5752 2.2721 3.1416 3.1416 0.1330 0.1632 3.1416 1.5878 3.1416 3.1416 3.1416 2.0160 0.0029 0.6281 1.5330 0.0000 0.0100 470.0000 207.1595 0.2316 1.6923 209.0834 
188 2.0483 1.4956 0.1000 0.1000 2.0602 1.7977 3.1416 2.5144 2.3060 2.1494 3.1416 1.6905 1.2475 3.1416 1.1171 3.1416 3.1416 2.3494 1.1280 0.0590 0.6266 1.5427 0.0001 0.0100 339.0000 149.0943 0.2674 1.8842 151.2458 
189 0.3482 3.0705 3.1416 0.3088 3.1416 2.5166 0.4153 2.8701 3.1416 0.1000 0.2309 3.1416 0.5106 3.1416 0.1000 0.1566 0.3841 0.1946 -2.1840 0.6102 0.6110 1.5412 0.0006 0.0100 383.0000 170.6304 0.2544 1.8888 172.7736 
190 0.3434 3.0656 3.1416 0.2410 3.1416 2.6270 0.4581 2.7744 3.1416 0.1000 0.3063 3.1416 0.5750 3.1416 0.1000 0.2233 0.3833 0.1230 -2.2790 0.6575 0.6174 1.5460 0.0010 0.0074 349.0000 154.2410 0.2537 1.7324 156.2272 
191 0.3443 3.0661 3.1416 0.3104 3.1416 2.5982 0.4598 2.7757 3.1416 0.1000 0.3140 3.1416 0.6060 3.1416 0.1000 0.2664 0.4088 0.1067 -2.2770 0.6549 0.6247 1.5496 0.0009 0.0099 343.0000 151.4544 0.2688 1.8844 153.6075 
192 2.8701 2.1465 0.6065 0.1000 2.8137 1.6286 3.1416 1.8524 2.7519 2.6470 2.8288 1.4895 1.0346 3.1416 1.5185 2.4938 2.3900 2.6321 0.3850 0.0027 0.6318 1.5529 0.0001 0.0099 165.0000 73.1972 0.2776 1.9069 75.3816 
193 0.3482 3.0458 3.1416 0.2175 3.1416 2.6394 0.4927 2.8035 3.1416 0.1000 0.2741 3.1416 0.6052 3.1416 0.1000 0.2004 0.3936 0.1605 -2.3450 0.6908 0.6183 1.5405 0.0010 0.0094 346.0000 153.3180 0.2565 1.9844 155.5589 
194 0.3640 3.0228 3.1416 0.1873 3.1416 2.6418 0.5204 2.8037 3.1416 0.1000 0.2791 3.1416 0.6419 3.1416 0.1000 0.1995 0.4340 0.1681 -2.3620 0.7132 0.6245 1.5440 0.0010 0.0094 308.0000 133.3811 0.2529 1.8887 135.5227 
195 3.0762 1.4939 1.2638 0.8019 2.7421 2.7973 3.0303 2.1792 3.1416 1.4537 2.6415 2.6051 1.6232 3.1416 1.3716 2.2268 2.4512 2.1457 0.5140 0.0223 0.6308 1.5477 0.0000 0.0095 143.0000 62.0848 0.2609 1.9237 64.2695 
196 0.3774 3.0064 3.1416 0.1640 3.1416 2.6404 0.5416 2.8013 3.1416 0.1000 0.2847 3.1416 0.6725 3.1416 0.1000 0.1986 0.4697 0.1729 -2.3660 0.7256 0.6286 1.5402 0.0010 0.0087 312.0000 137.2686 0.2548 1.8025 139.3259 
197 3.1416 1.7014 0.2666 0.1000 2.3777 1.9501 2.7585 2.8512 3.1416 1.8946 2.7278 1.3998 0.9352 3.1416 1.7049 3.0755 2.7238 2.9317 -0.1780 0.0622 0.6347 1.5433 0.0000 0.0100 266.0000 117.2297 0.2700 2.0248 119.5246 
198 2.3880 3.1416 3.1416 0.8229 0.1000 3.1416 1.5470 0.1211 0.1000 0.1404 0.1329 0.1000 0.1000 3.1416 3.1416 0.1000 1.6865 2.9738 -0.1540 0.0613 0.6346 1.5343 0.0000 0.0098 518.0000 227.0462 0.2466 1.9644 229.2572 
199 3.1416 3.1416 3.1416 0.1000 0.1000 3.1416 0.3320 0.1000 0.1000 0.1000 0.1000 0.1000 0.1000 3.1416 3.1416 0.1000 2.4860 3.1416 1.0860 0.0142 0.6328 1.5212 0.0001 0.0121 1000.0000 439.1964 0.3107 2.2225 441.7296 
196 0.3774 3.0064 3.1416 0.1640 3.1416 2.6404 0.5416 2.8013 3.1416 0.1000 0.2847 3.1416 0.6725 3.1416 0.1000 0.1986 0.4697 0.1729 -2.3660 0.7256 0.6286 1.5402 0.0010 0.0087 312.0000 137.2686 0.2548 1.8025 139.3259 
