0 2280  912 2280  912 2280  912 2280  912 2280  912 2280  912 2280  912 -1.3672 6.5649 0.1337 0.1016 0.0000 1.7952 3.3699 0.0000 0.0000 0.0000 0.0000 0.0000 0.0000 0.0000 
1 1442  718 1442  718 1442  718 1442  718 1442  718 1442  718 1442  718 -0.9141 9.6855 0.1779 0.1406 1.3529 1.7952 3.3699 0.0000 0.0000 0.0000 0.0000 0.0000 0.0000 0.0000 
2 1482 2063 1482 2063 1482 2063 1482 2063 1482 2063 1482 2063 1482 2063 -1.1172 5.8995 0.2593 0.1328 0.0000 1.7952 3.3699 0.0000 0.0000 0.0000 0.0000 0.0000 0.0000 0.0000 
3 2210  826 2210  826 2210  826 2210  826 2210  826 2210  826 2210  826 -0.7656 17.0312 0.1006 0.2031 1.0690 1.7952 3.3699 0.0000 0.0000 0.0000 0.0000 0.0000 0.0000 0.0000 
4 1234 2810 1234 2810 1234 2810 1234 2810 1234 2810 1234 2810 1234 2810 -1.4219 5.2537 0.0842 0.0078 0.0000 1.7952 3.3699 0.0000 0.0000 0.0000 0.0000 0.0000 0.0000 0.0000 
5 1050  150 1050  150 1050  150 1050  150 1050  150 1050  150 1050  150 -0.5234 17.8105 0.1301 0.0312 0.0000 1.7952 3.3699 0.0000 0.0000 0.0000 0.0000 0.0000 0.0000 0.0000 
6 2423 1266 2423 1266 2423 1266 2423 1266 2423 1266 2423 1266 2423 1266 -1.1172 3.1436 0.1431 0.0078 0.0000 1.7952 3.3699 0.0000 0.0000 0.0000 0.0000 0.0000 0.0000 0.0000 
7 1743 2588 1743 2588 1743 2588 1743 2588 1743 2588 1743 2588 1743 2588 -1.8125 2.0433 0.1397 0.0703 1.0000 1.7952 3.3699 0.0000 0.0000 0.0000 0.0000 0.0000 0.0000 0.0000 
8  519 2597  519 2597  519 2597  519 2597  519 2597  519 2597  519 2597 -0.7734 5.3735 0.0774 0.0156 0.0000 1.7952 3.3699 0.0000 0.0000 0.0000 0.0000 0.0000 0.0000 0.0000 
9  370  732  370  732  370  732  370  732  370  732  370  732  370  732 -1.0547 7.3749 0.2289 0.0391 0.0000 1.7952 3.3699 0.0000 0.0000 0.0000 0.0000 0.0000 0.0000 0.0000 
10 1552  911 1552  911 1552  911 1552  911 1552  911 1552  911 1552  911 -1.1562 10.0226 0.2543 0.0234 0.0000 1.7952 3.3699 0.0000 0.0000 0.0000 0.0000 0.0000 0.0000 0.0000 
11  646 2703  646 2703  646 2703  646 2703  646 2703  646 2703  646 2703 -0.9766 8.7160 0.2511 0.0469 0.0000 1.7952 3.3699 0.0000 0.0000 0.0000 0.0000 0.0000 0.0000 0.0000 
12  416 1201  416 1201  416 1201  416 1201  416 1201  416 1201  416 1201 -1.4922 5.3385 0.1265 0.1094 1.3333 1.7952 3.3699 0.0000 0.0000 0.0000 0.0000 0.0000 0.0000 0.0000 
13  920 2038  920 2038  920 2038  920 2038  920 2038  920 2038  920 2038 -0.9844 9.1021 0.0859 0.1250 0.0000 1.7952 3.3699 0.0000 0.0000 0.0000 0.0000 0.0000 0.0000 0.0000 
14 2657 1555 2657 1555 2657 1555 2657 1555 2657 1555 2657 1555 2657 1555 -1.4453 5.1938 0.1510 0.0391 0.0000 1.7952 3.3699 0.0000 0.0000 0.0000 0.0000 0.0000 0.0000 0.0000 
15 2866 1986 2866 1986 2866 1986 2866 1986 2866 1986 2866 1986 2866 1986 -2.0469 1.7616 0.0903 0.1094 1.0000 1.7952 3.3699 0.0000 0.0000 0.0000 0.0000 0.0000 0.0000 0.0000 
16 1941 2870 1941 2870 1941 2870 1941 2870 1941 2870 1941 2870 1941 2870 -2.4297 4.4675 0.0762 0.2344 0.0000 1.7952 3.3699 0.0000 0.0000 0.0000 0.0000 0.0000 0.0000 0.0000 
17  549 1725  549 1725  549 1725  549 1725  549 1725  549 1725  549 1725 -1.0391 12.2426 0.3662 0.0312 0.0000 1.7952 3.3699 0.0000 0.0000 0.0000 0.0000 0.0000 0.0000 0.0000 
18 1415 2760 1415 2760 1415 2760 1415 2760 1415 2760 1415 2760 1415 2760 -1.7109 6.4591 0.0863 0.0859 0.0000 1.7952 3.3699 0.0000 0.0000 0.0000 0.0000 0.0000 0.0000 0.0000 
19  706  649  706  649  706  649  706  649  706  649  706  649  706  649 -0.9844 4.1100 0.0863 0.0078 0.0000 1.7952 3.3699 0.0000 0.0000 0.0000 0.0000 0.0000 0.0000 0.0000 
20 2753 3000 2753 3000 2753 3000 2753 3000 2753 3000 2753 3000 2753 3000 -2.1016 1.6038 0.1950 0.0625 0.0000 1.7952 3.3699 0.0000 0.0098 256.0000 91.1296 0.8199 2.8722 94.8217 
21 2146 3000 2146 3000 2146 3000 2146 3000 2146 3000 2146 3000 2146 3000 -1.4219 9.2852 0.0871 0.3359 1.1538 1.2306 1.5034 0.0002 0.0098 188.0000 65.4043 0.9674 2.5031 68.8749 
22 1882 2844 1882 2844 1882 2844 1882 2844 1882 2844 1882 2844 1882 2844 -1.5469 9.9820 0.1367 0.1641 0.0000 0.2994 0.9507 0.0006 0.0097 71.0000 25.5278 0.8045 2.5269 28.8592 
23 1772 2625 1764 2626 1776 2623 1769 2622 1765 2627 1766 2617 1771 2622 -1.9609 1.8489 0.1564 0.0859 0.0000 0.0408 0.9012 0.0000 0.0100 469.0000 157.1077 0.4853 1.6196 159.2126 
24 1801 2592 1817 2587 1800 2596 1809 2594 1816 2592 1815 2608 1811 2602 -1.8750 3.4016 0.1538 0.0938 0.0000 0.0600 0.8818 0.0000 0.0100 457.0000 135.2989 0.6895 1.8394 137.8278 
25 2841 1936 2841 1935 2841 1935 2841 1935 2841 1935 2841 1936 2841 1936 -1.7969 2.5568 0.1041 0.1641 0.0000 0.0769 0.8671 0.0000 0.0100 427.0000 124.4390 0.5216 1.7344 126.6950 
26 1858 2653 1732 2680 1895 2622 1803 2621 1744 2670 1756 2527 1812 2591 -1.8281 3.6080 0.1541 0.0625 0.0000 0.0857 0.8578 0.0001 0.0100 222.0000 65.1524 0.4874 1.7286 67.3684 
27 1962 2878 1962 2878 1962 2878 1962 2878 1962 2878 1962 2878 1962 2878 -2.4844 4.2202 0.0670 0.3281 1.2857 0.0965 0.8538 0.0009 0.0038 92.0000 28.4317 0.5649 1.8055 30.8022 
28 1970 2880 1970 2880 1970 2880 1970 2880 1970 2880 1970 2880 1970 2880 -2.3516 4.1195 0.0707 0.2812 1.1250 0.1026 0.7918 0.0009 0.0033 94.0000 27.7907 0.6051 1.7483 30.1441 
29 1969 2897 1961 2898 1973 2895 1966 2894 1962 2898 1963 2888 1967 2893 -2.5000 4.8819 0.0771 0.2734 2.1739 0.1069 0.7469 0.0003 0.0096 108.0000 33.5109 0.5323 1.7900 35.8332 
30 1976 2902 1963 2904 1982 2899 1971 2898 1965 2904 1966 2889 1973 2896 -2.7266 1.0821 0.0834 0.3594 1.3667 0.1155 0.7227 0.0010 0.0076 97.0000 28.6658 0.5812 1.8791 31.1260 
31 1994 2932 1948 2940 2014 2922 1976 2919 1956 2940 1958 2889 1984 2912 -2.6094 1.7360 0.1099 0.3594 1.2000 0.1200 0.7030 0.0009 0.0073 100.0000 32.3206 0.6049 2.0632 34.9887 
32 1986 2951 1968 2921 2037 2926 1990 2922 1940 2925 1994 2850 1965 2903 -2.3594 5.1769 0.1124 0.3047 2.6316 0.1325 0.7023 0.0001 0.0099 257.0000 78.4798 0.5432 2.2171 81.2401 
33 2008 2891 1943 2947 1977 2905 1967 2905 1997 2942 1927 2945 2017 2917 -2.4219 4.4190 0.0921 0.3125 2.1905 0.1400 0.7077 0.0010 0.0075 94.0000 27.6679 0.5332 2.2160 30.4170 
34 1980 2851 1957 2953 2013 2954 2034 2850 1959 2888 1942 2866 2021 2956 -2.6328 1.1476 0.1011 0.3750 1.9130 0.1558 0.7210 0.0001 0.0099 482.0000 145.5692 0.7280 1.8719 148.1690 
35 2913 2885 2907 2901 2917 2900 2919 2885 2909 2892 2905 2888 2919 2900 -2.1406 1.6336 0.1932 0.1094 0.0000 0.1800 0.7476 0.0000 0.0097 144.0000 44.0296 0.7468 2.4006 47.1770 
36 2026 2829 1928 2958 2067 2923 2041 2819 1964 2897 1917 2824 2062 2921 -2.3516 5.9620 0.1180 0.2656 1.4138 0.1990 0.7782 0.0004 0.0099 125.0000 38.3583 0.5393 2.0045 40.9021 
37 2758 2722 2775 2733 2762 2741 2778 2725 2765 2720 2770 2729 2765 2743 -1.6406 2.5312 0.1464 0.0078 0.0000 0.2164 0.7970 0.0000 0.0097 142.0000 43.4944 0.9658 2.3558 46.8160 
38 1923 2870 1992 2981 1953 3000 2051 2884 1946 2878 1964 2918 1982 3000 -2.7656 2.4328 0.0943 0.3594 1.2500 0.2074 0.7869 0.0007 0.0097 143.0000 40.9599 0.6482 1.8484 43.4566 
39 1898 2865 2002 3000 1939 3000 2081 2885 1932 2871 1963 2931 1979 3000 -2.5000 5.2598 0.0985 0.3047 2.1818 0.2217 0.8143 0.0010 0.0075 147.0000 42.2407 0.5429 1.7908 44.5745 
40 1861 2847 1986 3000 1990 3000 1970 2848 2028 2890 2005 2885 1990 3000 -2.1172 12.2460 0.0502 0.3359 2.3636 0.2445 0.8325 0.0002 0.0099 427.0000 124.6194 0.6392 1.9204 127.1790 
41 2035 2894 1979 2930 1932 2985 2121 2916 1857 2869 1905 2933 1984 2988 -2.4297 4.0423 0.1513 0.3438 1.1034 0.2393 0.8543 0.0010 0.0090 129.0000 37.1922 0.5434 1.9988 39.7344 
42 1881 2901 1966 3000 1985 2918 2214 2912 1839 2941 1880 2958 2026 2890 -2.3984 3.5959 0.1765 0.2656 1.3214 0.2657 0.8681 0.0002 0.0099 201.0000 59.9064 0.5819 1.7098 62.1981 
43 2070 2740 1828 3000 1967 3000 2149 2968 1799 2853 2029 2948 1920 3000 -2.2422 6.4369 0.1406 0.2188 0.0000 0.2952 0.8840 0.0001 0.0100 426.0000 125.8079 0.5394 1.7911 128.1384 
44 2031 3000 2136 3000 1892 3000 2098 2818 1844 2831 1724 2829 2030 3000 -1.8359 9.8390 0.2034 0.3047 0.0000 0.3120 0.8948 0.0003 0.0099 176.0000 56.8452 0.7140 2.0928 59.6520 
45 1909 2873 1876 2803 1997 2970 2131 2905 1943 2932 1985 2991 2022 2976 -2.1016 13.2888 0.0886 0.2500 1.3056 0.2672 0.9099 0.0008 0.0098 238.0000 71.0233 0.5395 1.9210 73.4838 
46 3000 2195 3000 2359 3000 2049 3000 2347 3000 2465 3000 2154 3000 1890 -1.4609 3.5418 0.1058 0.0312 0.0000 0.2624 0.9263 0.0000 0.0187 700.0000 225.3317 0.6260 1.8534 227.8111 
47 3000 3000 3000  100 3000  100  100 3000  100 3000 3000  100  100 3000 -1.9453 2.3986 0.3090 0.1875 0.0000 0.2517 0.9024 0.0000 0.0098 587.0000 176.0413 0.4006 1.4202 177.8622 
48 3000 1818 3000  100 3000  100  100 3000  100 3000 3000  100  100 3000 -1.5391 3.2268 0.1807 0.0078 0.0000 0.2457 0.8902 0.0000 0.0100 659.0000 198.5022 0.3676 1.5406 200.4104 
49 2990 3000 2996  108 2994  101  101 1724  102 2997 2995  108  103 2996 -1.5703 2.7194 0.1953 0.0078 0.0000 0.2361 0.8657 0.0000 0.0099 673.0000 197.3654 0.3667 1.2990 199.0311 
50  102  113  105  100  104 2998 2998 2999 2999  107 2996 2996 2996 2997 -2.1016 2.7061 0.1632 0.0938 0.0000 0.2273 0.8427 0.0000 0.0098 467.0000 140.3595 0.3824 1.3021 142.0439 
51  104  111  855  172  102 2984 2996 2946 2906  145 2982 2981 2984 2951 -1.6875 7.2087 0.1131 0.2266 2.0000 0.2263 0.8454 0.0000 0.0838 700.0000 211.1493 0.3923 1.3427 212.8844 
52  100  687  100  100  652 3000 3000 3000 3000  100 3000 3000 3000 3000 -1.6562 4.4321 0.0610 0.1094 0.0000 0.2202 0.8323 0.0001 0.0214 700.0000 205.7932 0.4006 1.3341 207.5278 
53 1994 2809 2034 3000 1968 2911 2054 2949 1909 2897 1983 2921 1963 2891 -2.2188 5.8258 0.1178 0.2656 2.1818 0.2141 0.8185 0.0010 0.0070 397.0000 113.4130 0.7519 1.7681 115.9330 
54  101 2999 2997 2999 2998  109 2999 2993  100  103  106 2987 2997  103 -1.7812 6.1565 0.1762 0.0312 0.0000 0.2217 0.8344 0.0000 0.0100 419.0000 121.4978 0.3769 1.4078 123.2824 
55 1998 2980 1874 3000 1951 2930 2067 2858 1949 2838 1985 2913 1980 2960 -2.6797 1.6840 0.1269 0.2578 0.0000 0.2134 0.8189 0.0001 0.0022 455.0000 132.3124 0.5449 2.1204 134.9777 
56 1994 2984 1848 3000 1935 2911 2093 2910 1991 2832 1969 2868 1973 2975 -2.2969 4.3679 0.1391 0.2031 1.4000 0.2286 0.8394 0.0005 0.0101 408.0000 118.9662 0.6800 1.7209 121.3671 
57  106 2990  105  100 2994  101 2999 2998 2995 2998 2997 2996  101  100 -2.0859 2.2367 0.1272 0.0156 0.0000 0.2401 0.8536 0.0000 0.0097 411.0000 124.6719 0.3829 1.3190 126.3737 
58  100 3000  100  100 3000  100 3000 3000 3000 2120 3000 3000  100  100 -1.8750 2.5039 0.1199 0.0781 0.0000 0.2376 0.8527 0.0000 0.0193 700.0000 200.7690 0.3692 1.2604 202.3985 
59  420 2316  329  100 2666  100 3000 3000 2751 3000 2924 2850  100  100 -1.7031 7.8324 0.0661 0.2422 0.0000 0.2357 0.8462 0.0000 0.0163 700.0000 198.1495 0.3717 1.3466 199.8677 
60  100 3000  100  100 3000  403 2692 2241 3000 3000 3000 3000  387  100 -1.6641 6.5555 0.0713 0.1562 0.0000 0.2289 0.8338 0.0002 0.0770 700.0000 203.0179 0.3742 1.2572 204.6493 
61 2992 2993 2998 2995  101  103 2996 2999  103 2992  103  103 2995  102 -1.9844 4.6769 0.1049 0.0312 0.0000 0.2216 0.8203 0.0000 0.0098 555.0000 163.5675 0.3858 1.5155 165.4688 
62 2997 2997 2997 2996  100  106 2998 2993  100 2994 1149  107 2990  105 -1.8047 5.0718 0.1103 0.1016 1.5333 0.2170 0.8151 0.0000 0.0098 668.0000 197.7074 0.3972 1.3543 199.4589 
63 2212 2376 3000 2997  109  100 2889 3000  410 2902  100  100 3000  100 -1.6719 9.3088 0.1232 0.1250 1.2143 0.2118 0.8052 0.0000 0.0320 700.0000 201.9987 0.3606 1.2723 203.6317 
64 2996  101  102 2996 2996 2999  103 2997 2999  102  102 2996 2999  101 -1.0781 7.6631 0.1263 0.0391 0.0000 0.2042 0.7914 0.0000 0.0075 451.0000 131.0945 0.3865 1.4632 132.9442 
65 3000 3000 2710 2546  100  462 3000 3000  100 3000  100  406 2285  249 -1.8906 4.5391 0.1119 0.1719 1.1905 0.2011 0.7806 0.0000 0.0951 700.0000 201.0527 0.4231 1.4440 202.9198 
66 3000 3000 2891 2862  100  298 3000 2100  100 3000  100  189 2976  466 -1.6875 5.4921 0.0755 0.1094 0.0000 0.1984 0.7760 0.0000 0.0391 700.0000 205.2772 0.3739 1.3256 206.9767 
67 1994 2948 1923 3000 1986 2969 2023 2806 1881 2873 1988 2967 1990 2943 -2.3828 3.3877 0.1082 0.2031 1.9474 0.1921 0.7645 0.0008 0.0047 413.0000 119.4402 0.5359 1.8208 121.7970 
68 1976 2930 1890 3000 1881 3000 2027 2907 1881 2906 2018 2859 2111 2920 -2.1797 3.8493 0.1274 0.3125 1.1667 0.2166 0.7821 0.0610 1.9691 700.0000 217.2276 0.6438 2.0787 219.9501 
69  831  100  100  100  100 3000 2293 3000 3000  100 3000 3000 3000 3000 -1.4453 8.8946 0.1133 0.2500 0.0000 0.2237 0.7971 0.0001 0.0399 700.0000 209.4037 0.3875 1.4417 211.2329 
70 2999 2999  103 2996 2991  100  103 2998 2988  103  100  100 2999 2999 -1.8047 3.1820 0.0948 0.0391 0.0000 0.2126 0.7811 0.0000 0.0100 503.0000 146.9930 0.3764 1.5842 148.9536 
71 3000 3000 3000 3000 1153  100 3000 3000  100 3000  100  100 2434  100 -1.9609 5.2819 0.1433 0.1328 0.0000 0.2052 0.7704 0.0001 0.0099 576.0000 166.3913 0.3902 1.3672 168.1488 
72 3000 3000 3000 3000  638  100 3000 3000  100 2092  100  100 2316  100 -1.7734 0.9640 0.0788 0.0078 0.0000 0.2033 0.7684 0.0001 0.0100 562.0000 168.1171 0.3750 1.3493 169.8413 
73 3000 3000 2150 3000  985  100 3000 3000  100 3000  100  100 3000  100 -2.3125 0.8465 0.0981 0.0938 0.0000 0.1984 0.7602 0.0000 0.0099 643.0000 189.6457 0.3889 1.3289 191.3635 
74 3000 3000 2099 2732 1368  100 3000 3000  100 3000  100  271 3000  100 -1.7812 4.7707 0.1132 0.0312 0.0000 0.2089 0.7797 0.0000 0.0100 615.0000 184.6035 0.4334 1.4406 186.4775 
75 3000 3000 2106 3000  534  100 3000 3000  100 3000  100  100 2972  100 -2.0078 3.6299 0.0723 0.1562 1.1250 0.1966 0.7713 0.0006 0.0098 329.0000 99.1663 0.3730 1.4173 100.9567 
76 3000 3000 2476 3000  919  100 2573 3000  100 3000  100  100 3000  100 -2.0859 5.1028 0.1562 0.0469 0.0000 0.2005 0.7754 0.0007 0.0099 477.0000 141.9213 0.4221 1.2590 143.6024 
77 3000 3000 2359 3000  924  672 3000 3000  100 3000  100  100 3000  100 -2.2031 2.1316 0.2161 0.0625 0.0000 0.2116 0.7857 0.0008 0.0099 530.0000 157.9122 0.3947 1.3767 159.6836 
78 3000 3000 2321 3000  928  379 3000 3000  691 3000  100  100 3000  100 -2.3438 2.6368 0.2151 0.1406 0.0000 0.2252 0.7987 0.0007 0.0099 425.0000 123.6161 0.5576 1.5410 125.7147 
79 3000 3000 1929 3000  906  680 2770 3000  683 3000  100  100 3000  100 -1.7188 5.0856 0.1258 0.0156 0.0000 0.2415 0.8145 0.0003 0.0100 346.0000 100.5485 0.3968 1.3875 102.3328 
80 2996  100  109 2999  100 2999 2999 2999 2997 2996 2994  103  105  100 -1.2812 4.1093 0.1502 0.0156 0.0000 0.2236 0.8078 0.0000 0.0100 451.0000 135.5623 0.3899 1.4300 137.3822 
81 2996  102  101 2996 2998  100 2999  101 2988 2995  105 2999  100 2990 -1.6094 4.6336 0.1511 0.0781 0.0000 0.2183 0.7961 0.0000 0.0099 574.0000 169.3454 0.4563 1.5267 171.3284 
82 2995 2989 2999 2998  104  101  100  101 2995  103 2992 2998  100 2997 -1.7031 2.0529 0.0727 0.0078 0.0000 0.2102 0.7828 0.0000 0.0099 404.0000 120.5774 0.3772 1.4612 122.4158 
83  100 3000  100  550 3000  100 3000 3000 3000 3000 3000 3000  100  886 -2.5234 3.1491 0.1393 0.2422 1.5625 0.2029 0.7716 0.0004 0.0399 700.0000 203.2417 0.4048 1.4085 205.0549 
84  100 3000  100  858 3000  100 3000 3000 3000 3000 3000 3000  100  891 -2.3125 3.3661 0.1142 0.2500 1.5294 0.2180 0.8016 0.0004 0.0099 438.0000 128.1731 0.4040 1.6686 130.2457 
85  100 3000  100  356 3000  100 3000 3000 3000 3000 3000 3000  100 1151 -2.5859 1.0792 0.1219 0.2344 1.0667 0.2310 0.8107 0.0010 0.0088 373.0000 108.7069 0.4002 1.5629 110.6700 
86  100 3000 3000 3000  100 3000 3000  100  100  100 3000 3000 3000  100 -1.5000 1.7795 0.1312 0.0000 0.0000 0.2569 0.8287 0.0000 0.0099 391.0000 119.2419 0.4266 1.2900 120.9584 
87  100 3000  100  373 3000  100 3000 3000 3000 3000 2729 3000  100 1096 -1.6484 20.0093 0.1498 0.1172 0.0000 0.2502 0.8172 0.0010 0.0084 336.0000 99.5972 0.4447 1.7432 101.7851 
88  100 3000  100  555 3000  100 3000 3000 3000 3000 3000 2805  100 1080 -2.5234 0.8341 0.1351 0.2266 1.7368 0.1757 0.7943 0.0005 0.0098 309.0000 90.1267 0.4033 1.5901 92.1200 
89  100 3000  334  546 3000  100 3000 3000 3000 3000 3000 2913  100 1054 -2.3516 2.5920 0.1531 0.2422 1.6154 0.1897 0.8093 0.0010 0.0099 415.0000 122.4826 0.4508 1.6071 124.5406 
90  100 3000  100  525 3000  100 3000 3000 3000 3000 3000 2855  365  996 -2.3281 3.0883 0.1148 0.2891 2.5000 0.2014 0.8212 0.0009 0.0100 360.0000 105.7165 0.4090 1.5538 107.6793 
91  398 3000  100  553 3000  100 3000 3000 3000 3000 3000 2889  100 1062 -2.2031 3.8954 0.1266 0.1484 1.5385 0.2130 0.8329 0.0010 0.0084 361.0000 106.2387 0.4091 1.4657 108.1134 
92  100 3000  100  534 3000  100 3000 3000 2676 3000 3000 2868  100 1003 -2.0938 6.5896 0.0895 0.1406 1.3846 0.2196 0.8416 0.0010 0.0093 430.0000 125.1371 0.4920 1.7474 127.3766 
93  100 3000  100  581 3000  100 3000 3000 3000 2689 3000 2972  100 1144 -2.1797 4.0698 0.0889 0.1641 1.2778 0.2205 0.8474 0.0010 0.0091 509.0000 149.8163 0.4036 1.3634 151.5834 
94  100 3000  100  521 3000  451 3000 3000 3000 3000 3000 2859  100  952 -2.2422 1.6023 0.1286 0.1875 1.7778 0.2278 0.8565 0.0009 0.0082 684.0000 198.1551 0.4049 1.4052 199.9653 
95 2997 2997  103 2999 2993 2989  100  101  100 2995 2994  106 2998  100 -1.1797 5.7706 0.2414 0.0156 0.0000 0.2379 0.8665 0.0000 0.0099 502.0000 149.7753 0.4435 1.4953 151.7141 
96  104  101 2997  100 2996 2995  104 2995  100 2996 2998 2995 2991  104 -1.8359 3.1304 0.1039 0.0156 0.0000 0.2369 0.8585 0.0000 0.0097 575.0000 173.9169 0.4904 1.3770 175.7843 
97  101  100 2997 2999 2998 2998  102 2998  102  103 2999  102 2999 2998 -1.9297 1.6722 0.0886 0.0625 0.0000 0.2308 0.8486 0.0000 0.0072 513.0000 154.2923 0.3814 1.3017 155.9754 
98  100 3000  100  530 2640  100 3000 3000 3000 3000 3000 2896  100  982 -2.4219 8.1041 0.0757 0.2422 0.0000 0.2258 0.8416 0.0009 0.0065 401.0000 121.3092 0.4458 1.3881 123.1431 
99  100 3000  100  543 2836  100 2629 3000 3000 3000 3000 2873  100  997 -2.1641 2.7681 0.0911 0.1562 0.0000 0.2398 0.8542 0.0010 0.0089 351.0000 103.5478 0.3880 1.3963 105.3322 
100 3000 3000  100  100 3000 3000 3000  100  100  100  100 3000 3000 3000 -0.9219 5.0017 0.0586 0.0078 0.0000 0.2460 0.8614 0.0000 0.0098 546.0000 159.5079 0.3862 1.4136 161.3077 
101  100  100 3000 3000 3000 3000 1813 3000  100  100 3000  100 3000 3000 -1.8359 1.7760 0.2429 0.0156 0.0000 0.2528 0.8637 0.0000 0.0098 430.0000 125.7566 0.4077 1.4662 127.6306 
102  100  100 3000 3000 3000 3000  100 3000 1811  100 3000  100 3000 3000 -1.6562 6.5266 0.2440 0.0000 0.0000 0.2472 0.8550 0.0000 0.0099 470.0000 137.3514 0.4085 1.5129 139.2728 
103  100  101 2998 2997 2993  100 2996  100  105 2995  107 2990 2999 2998 -1.6016 5.6746 0.1473 0.0078 0.0000 0.2408 0.8437 0.0000 0.0100 428.0000 128.5843 0.3878 1.3845 130.3566 
104  100 2645  100  556 2854  100 3000 3000 3000 3000 3000 2926  100 1054 -2.6250 1.7795 0.0882 0.1719 1.2222 0.2346 0.8324 0.0010 0.0090 380.0000 115.1626 0.3924 1.3330 116.8880 
105  100 2595  100  609 2766  100 3000 3000 3000 3000 3000 2850  100 1248 -2.4844 12.2832 0.0639 0.2109 2.7500 0.2459 0.8450 0.0006 0.0098 402.0000 118.5047 0.3939 1.4155 120.3141 
106  100 2620  100  579 2844  100 3000 2778 3000 3000 3000 3000  100 1012 -2.2422 2.1377 0.0434 0.1406 1.1765 0.2600 0.8552 0.0010 0.0070 372.0000 108.7711 0.3917 1.3363 110.4991 
107 3000  100 3000 3000  100  100  100 3000  100  100 3000 3000 3000 3000 -1.8281 2.6474 0.2829 0.0234 0.0000 0.2644 0.8626 0.0000 0.0100 386.0000 117.0386 0.4403 1.3684 118.8473 
108  100 2648  100  500 2873  100 3000 3000 3000 3000 3000 2620  100 1033 -2.4766 1.8262 0.0425 0.1328 1.1667 0.2585 0.8539 0.0010 0.0093 502.0000 147.2461 0.3880 1.3567 148.9909 
109  100 2620  100  232 2739  100 3000 3000 3000 3000 3000 2769  100 1317 -2.4297 5.0029 0.0065 0.2812 1.5556 0.2735 0.8636 0.0008 0.0098 381.0000 112.1244 0.5458 1.6000 114.2702 
110  100 2672  100  712 2545  100 3000 3000 3000 3000 3000 2459  100 1334 -2.7969 2.6671 0.0400 0.3750 5.2727 0.2885 0.8735 0.0005 0.0100 421.0000 124.9344 0.3907 1.6170 126.9422 
111  100 2657  100  752 2503  100 3000 3000 3000 3000 3000 2401  100 1373 -2.3906 10.0982 0.0441 0.3906 6.6667 0.3129 0.8897 0.0009 0.0075 269.0000 82.6007 0.3897 1.4727 84.4630 
112  100 2689  357  643 2545  100 3000 3000 3000 3000 3000 2574  100 1237 -2.3281 4.3009 0.0512 0.3203 1.7500 0.3144 0.8864 0.0010 0.0084 392.0000 116.5290 0.4002 1.4090 118.3381 
113  100 2631  100  702 2901  100 3000 3000 3000 3000 3000 2441  100 1501 -2.5391 2.6126 0.0536 0.3125 2.8462 0.3220 0.8950 0.0009 0.0091 361.0000 106.6922 0.3948 1.5274 108.6144 
114  100 2266  100  909 2790  100 3000 3000 3000 3000 3000 2450  100 1305 -2.4219 3.3324 0.0287 0.3281 2.4375 0.3443 0.9023 0.0004 0.0098 478.0000 139.9542 0.3904 1.3993 141.7439 
115  100 2613  100  661 2637  100 3000 3000 3000 3000 3000 2515  514 1616 -2.7734 4.2081 0.0561 0.4141 5.4000 0.3639 0.9087 0.0005 0.0098 396.0000 117.9762 0.4033 1.3884 119.7679 
116  100 2599  100  671 2607  100 3000 3000 3000 3000 3000 2494  584 1726 -2.4453 4.8316 0.0843 0.3906 2.5882 0.3967 0.9190 0.0007 0.0099 295.0000 86.5946 0.4078 1.4469 88.4493 
117  100 2646  100  675 2724  100 3000 3000 3000 3000 3000 2388  546 1328 -2.8125 1.8858 0.0420 0.3750 2.7500 0.4080 0.9199 0.0010 0.0098 410.0000 119.9078 0.3995 1.3587 121.6660 
118  100 2655  100  687 2735  100 3000 3000 3000 3000 3000 2295  613 1307 -2.6328 1.2263 0.0428 0.2891 3.3077 0.4392 0.9264 0.0010 0.0094 333.0000 96.9782 0.4455 1.3863 98.8099 
119  100 2845  100  873 2781  100 3000 3000 3000 3000 3000 2017  709 1449 -1.9766 4.4798 0.0726 0.1641 0.0000 0.5552 0.9446 0.0002 0.0101 337.0000 98.1925 0.3986 1.4069 99.9980 
120  100 3000 3000  100 3000 3000 3000 3000 3000  100  100  100  100 3000 -1.4609 5.6363 0.1118 0.0391 0.0000 0.3729 0.9280 0.0001 0.0100 355.0000 103.3769 0.3839 1.3288 105.0896 
121  100  100 3000 3000  100  100  100 3000 3000 3000 3000 3000 3000  100 -1.7266 0.7042 0.1727 0.0469 0.0000 0.3680 0.9176 0.0001 0.0100 614.0000 177.9051 0.4165 1.4761 179.7978 
122  100 2564  100  612 2686  100 3000 3000 3000 3000 3000 2540  476 1348 -2.9375 1.1457 0.0430 0.4531 3.5625 0.3596 0.9061 0.0009 0.0050 341.0000 99.1051 0.3982 1.3862 100.8895 
123 3000  100 3000  100  100 3000 3000  100  100 3000 3000 3000  100 3000 -1.4375 6.3110 0.0833 0.0312 0.0000 0.3656 0.9064 0.0001 0.0100 463.0000 133.9915 0.3916 1.4213 135.8044 
124  100  100 3000 3000 3000 3000 3000 3000  100  100 3000 3000  100  100 -1.6328 10.0925 0.1081 0.0000 0.0000 0.3616 0.8969 0.0001 0.0099 417.0000 120.0710 0.3800 1.3461 121.7971 
125 3000  100 3000 3000  100  100 3000 3000 3000  100  100 3000  100 3000 -1.2031 4.4624 0.0797 0.0078 0.0000 0.3548 0.8860 0.0001 0.0100 437.0000 133.6939 0.4622 1.6411 135.7973 
126  100 2482  100  582 2659  100 3000 3000 3000 3000 3000 2592  540 1309 -2.9375 1.9488 0.0396 0.4375 3.9286 0.3568 0.8821 0.0010 0.0058 410.0000 147.2584 0.4701 1.5842 149.3127 
127  100  100 3000 3000 3000 3000  100  100 3000 3000 3000 3000  100  100 -2.0156 3.8423 0.1131 0.0234 0.0000 0.3762 0.8856 0.0002 0.0099 391.0000 112.8145 0.3812 1.4002 114.5960 
128  100 3000  100 3000  100  100 3000  100 3000 3000 3000  100 3000 3000 -1.0234 4.9365 0.2809 0.0078 0.0000 0.3689 0.8784 0.0002 0.0100 383.0000 119.0462 0.4443 1.5285 121.0189 
129  100 2460  100  575 2650  100 3000 3000 3000 3000 3000 2602  562 1302 -2.7578 5.6180 0.0362 0.4062 3.0000 0.3791 0.8817 0.0010 0.0056 457.0000 132.1169 0.4467 1.4450 134.0086 
130  100 2501  100  691 2617  100 3000 3000 3000 3000 3000 2695  604 1285 -2.9141 1.8587 0.0221 0.4141 4.0000 0.4107 0.8891 0.0009 0.0070 350.0000 101.0675 0.3959 1.3870 102.8505 
131  100 2386  100  632 2574  100 3000 3000 3000 3000 3000 2724  694 1286 -3.0391 1.3292 0.0163 0.3828 2.6500 0.4788 0.9076 0.0010 0.0071 335.0000 116.2398 0.4698 1.6549 118.3645 
132  100 2216  100  624 2485  100 3000 3000 3000 3000 3000 2861  878 1311 -2.2969 4.2419 0.0664 0.3828 2.2222 0.5974 0.9289 0.0010 0.0079 291.0000 84.5156 0.3940 1.3803 86.2899 
133 3000 3000 3000  100 3000 3000  100  100 3000 3000  100 3000  100  100 -1.3047 3.6466 0.0541 0.1172 0.0000 0.4362 0.8965 0.0005 0.0098 434.0000 126.0318 0.4344 1.3652 127.8313 
134  100  100 3000 3000 3000 3000  100  100 3000 3000 3000 3000  100 3000 -2.0625 2.1063 0.1056 0.1953 1.1875 0.4409 0.8925 0.0005 0.0099 450.0000 130.2056 0.4278 1.5129 132.1462 
135  100  100 3000 3000 3000 3000  100  100 3000 3000 3000  350  100 3000 -1.3672 4.6121 0.1607 0.0312 0.0000 0.4268 0.8829 0.0001 0.0100 407.0000 118.3543 0.3858 1.3511 120.0912 
136 3000 3000 3000  100  100 3000  100 3000  100  100 3000  100 3000 3000 -1.7969 1.9427 0.1714 0.0000 0.0000 0.4215 0.8749 0.0004 0.0097 399.0000 115.3057 0.3796 1.5300 117.2153 
137  100  100 3000 3000 3000 3000  100  100 3000  100 3000 3000  100  100 -1.5625 4.5157 0.0594 0.0781 0.0000 0.4083 0.8628 0.0004 0.0100 532.0000 168.9659 0.3339 1.1803 170.4801 
138  100 3000 3000  100  100  100  100  100 3000 3000  100 3000 3000 3000 -1.6406 5.8226 0.1259 0.1484 0.0000 0.4000 0.8525 0.0003 0.0081 479.0000 139.2573 0.3373 1.2727 140.8672 
139 3000 3000  100 3000  100  100 3000  100 3000  100  100 3000 3000  100 -1.0859 8.0162 0.0507 0.0000 0.0000 0.3910 0.8420 0.0003 0.0100 433.0000 125.8675 0.3318 1.2118 127.4111 
140  100  100  100  100 3000 3000 3000 3000  100 3000 3000  100 3000 3000 -1.5938 10.5738 0.0944 0.0312 0.0000 0.4051 0.8457 0.0001 0.0022 645.0000 187.3425 0.3802 1.3800 189.1027 
141 3000 3000 3000 3000 3000 3000 3000  100  100  100 3000  100  100 3000 -2.1172 3.1436 0.2328 0.0781 0.0000 0.3948 0.8350 0.0003 0.0100 476.0000 137.7988 0.4241 1.4552 139.6782 
142 3000 3000 3000 3000 3000 3000 3000 2055  100  100 3000  100  100 3000 -1.8281 4.5214 0.3444 0.0469 0.0000 0.3863 0.8304 0.0003 0.0100 387.0000 112.3982 0.4536 2.0716 114.9234 
143 3000 3000 3000  100  100 3000  100 3000 3000  100 3000 3000  100  100 -1.9375 1.6024 0.1315 0.0234 0.0000 0.3779 0.8224 0.0001 0.0034 573.0000 166.3965 0.3815 1.3396 168.1175 
144 3000 3000 3000 3000 1031 3000 3000  100  100  100 3000  100  100 3000 -1.4844 10.4407 0.1480 0.1562 0.0000 0.3695 0.8154 0.0002 0.0099 446.0000 141.7703 0.4632 1.5141 143.7476 
145  100 3000 3000  100  100 3000  100 3000 3000 3000 3000  100 3000  100 -1.7422 1.6732 0.0193 0.0078 0.0000 0.3621 0.8076 0.0002 0.0099 474.0000 137.1989 0.3808 1.4396 139.0193 
146  100  100 3000  100  100 3000 3000  100 3000 3000  100 3000 3000  100 -0.8906 6.0982 0.2197 0.0078 0.0000 0.3549 0.7996 0.0001 0.0064 463.0000 135.0346 0.3820 1.2510 136.6676 
147  100 3000 3000 3000 3000  100  100  100  100  100 3000 3000 3000 3000 -1.7891 6.4355 0.1730 0.0625 0.0000 0.3696 0.8072 0.0002 0.0100 675.0000 199.2847 0.3800 1.3725 201.0372 
148 3000  100  100  100 3000  100  100 3000  100 3000 3000 3000 3000 3000 -1.5078 7.9684 0.1274 0.1719 0.0000 0.3612 0.7991 0.0002 0.0100 437.0000 127.9557 0.4242 1.3580 129.7379 
149  100 2544  100  694 2621  287 3000 3000 3000 3000 3000 2656  555 1273 -2.2188 10.2982 0.0182 0.4219 2.9286 0.3556 0.7916 0.0010 0.0054 457.0000 132.7917 0.4076 1.4544 134.6537 
150 3000  100  100 3000  100 3000  100  100 3000  100 3000  100 3000 3000 -1.2344 6.7635 0.2039 0.0078 0.0000 0.3218 0.8003 0.0001 0.0099 512.0000 148.9684 0.3865 1.2389 150.5938 
151 3000  100 3000  100  100 3000  100 3000 3000 3000  100  100 3000 3000 -1.8750 5.1496 0.1331 0.1953 1.6429 0.3215 0.7959 0.0001 0.0100 559.0000 162.5872 0.3866 1.4963 164.4700 
152  100  100 3000 1628 3000 3000  100  100 3000 3000 3000 3000  100 1715 -2.0234 6.6530 0.0691 0.1172 0.0000 0.3157 0.7903 0.0001 0.0099 422.0000 122.9074 0.4253 1.3286 124.6613 
153  100  100 3000 3000 3000 3000 1459  100 3000 3000 3000 3000  100 1713 -2.1172 0.8759 0.1167 0.0625 0.0000 0.3129 0.7879 0.0001 0.0099 471.0000 136.6913 0.4209 1.5232 138.6355 
154  100 2360  100  478 2797  100 3000 3000 3000 3000 3000 2528  574 1377 -2.3438 5.9124 0.0364 0.4141 2.3810 0.3119 0.7878 0.0010 0.0060 396.0000 115.2031 0.4021 1.3706 116.9758 
155  100  100 3000 3000 3000 3000  501  100 3000 3000 3000 3000 1197 1703 -1.5156 5.6375 0.1058 0.1016 1.0588 0.2915 0.7895 0.0001 0.0099 366.0000 106.6841 0.4324 1.5680 108.6845 
156  100  100 3000 2691 3000 3000 2784  100 3000 3000 3000 3000  100 1996 -1.6797 3.9517 0.1059 0.1250 1.0556 0.2841 0.7827 0.0000 0.0100 505.0000 146.9953 0.4388 1.5405 148.9747 
157  100  100 3000  100 3000  100  100 3000 3000  100  100 3000 3000 3000 -1.5312 4.0620 0.2199 0.0625 0.0000 0.2786 0.7763 0.0000 0.0039 617.0000 179.0484 0.4296 1.3245 180.8025 
158 3000  100  100 3000  100  100 3000 3000  100 3000 3000 3000 3000  100 -1.0312 6.3612 0.2085 0.0391 0.0000 0.2745 0.7697 0.0000 0.0100 464.0000 134.2507 0.3891 1.2943 135.9340 
159 3000 3000 3000 3000 3000 3000 3000  100  100  100 1540  100  100 3000 -1.7734 2.8223 0.0876 0.1641 0.0000 0.2778 0.7692 0.0000 0.0097 548.0000 159.0072 0.4494 1.3744 160.8310 
160 3000 3000 3000  100  100  547  100 3000 3000  100 3000 3000  100  100 -1.7734 4.9010 0.2108 0.1172 0.0000 0.2737 0.7642 0.0000 0.0100 426.0000 126.2188 0.3511 1.2084 127.7783 
161 3000 3000 2907 3000 1209  100 3000 3000 1316 3000  100  100 3000  100 -2.1641 4.3430 0.2707 0.1797 0.0000 0.2692 0.7586 0.0006 0.0097 407.0000 137.5689 0.5271 1.5222 139.6182 
162  100 2586  100  575 2445  100 3000 3000 3000 3000 3000 2597  569 1305 -2.6641 3.4059 0.0480 0.3906 2.7000 0.2727 0.7616 0.0010 0.0048 510.0000 148.5660 0.3909 1.4652 150.4221 
163 1632 3000  975 3000 3000 3000 3000 3000 3000 3000 3000 3000  108 3000 -1.9375 2.4528 0.1639 0.0625 0.0000 0.7580 0.7762 0.0001 0.0100 504.0000 146.9141 0.5842 1.9037 149.4020 
164 3000 3000 3000 3000 3000 3000  100 3000 3000 3000 3000 3000  100 3000 -2.4297 2.2312 0.1789 0.2969 0.0000 0.7599 0.7712 0.0010 0.0034 447.0000 130.0925 0.6053 1.8494 132.5472 
165 3000 3000 3000 3000 3000 3000  100 3000 1093 3000 3000 3000  100 3000 -1.4531 2.9899 0.0891 0.0703 0.0000 0.7729 0.7770 0.0010 0.0086 415.0000 120.7244 0.5285 1.8055 123.0583 
166 3000  100 3000  100 3000 3000  100  100  100 3000  100  100 3000 3000 -2.1094 2.2714 0.2536 0.1250 0.0000 0.2774 0.7626 0.0000 0.0056 594.0000 173.3488 0.3364 1.2240 174.9092 
167 1606  100 3000  100 3000 3000  100  100  100 3000  100  100 3000 3000 -1.1484 6.4424 0.1405 0.0781 0.0000 0.2750 0.7621 0.0000 0.0100 521.0000 152.2189 0.3215 1.1941 153.7345 
168 3000 3000 2638 3000 1124  100 3000 3000  858 3000  100  100 3000 1016 -2.1875 6.3110 0.1339 0.3359 3.4000 0.2693 0.7578 0.0003 0.0099 653.0000 190.0351 0.4172 1.4769 191.9291 
169 3000 3000 3000 3000 3000 3000  100 2235 3000 3000 3000 3000  100 3000 -1.7969 2.2576 0.2997 0.0625 0.0000 0.2726 0.7607 0.0001 0.0099 603.0000 175.8384 0.5894 1.8221 178.2500 
170 1520 3000 3000 3000 3000 3000 3000  100  100  100 3000  100  100 3000 -1.9844 1.3226 0.1782 0.1484 0.0000 0.2647 0.7568 0.0000 0.0098 563.0000 171.8434 0.4739 1.5220 173.8393 
171 3000 3000 3000 3000 3000 2195  100 3000 3000 2994 3000 3000  100 3000 -1.8438 1.7864 0.3031 0.1094 0.0000 0.2625 0.7548 0.0002 0.0227 700.0000 203.5351 0.5376 1.8067 205.8794 
172 3000 3000 3000 3000 1385  908 3000 3000  816 3000  100  100 3000  512 -1.4141 8.9847 0.2022 0.0078 0.0000 0.2587 0.7522 0.0004 0.0096 520.0000 155.9744 0.4751 1.5214 157.9710 
173 2659 3000 3000 3000 3000 3000 1717  100  100  100 3000  100  100 3000 -2.2266 3.0113 0.0708 0.2656 1.6111 0.2471 0.7467 0.0000 0.0100 630.0000 183.1239 0.3981 1.4587 184.9807 
174  100 2521  100  731 2636  100 3000 3000 3000 2827 3000 2611  509 1355 -2.6797 2.8336 0.0644 0.4297 1.5417 0.2482 0.7499 0.0010 0.0048 395.0000 114.7824 0.3912 1.4370 116.6106 
175 2691 3000 3000 1993 3000 3000 1978  100  100  100 3000  100  100 3000 -2.2500 7.7953 0.1352 0.1953 2.4615 0.2605 0.7547 0.0000 0.0100 516.0000 150.1984 0.3866 1.4481 152.0330 
176  100 2533  100  695 2633  100 2776 3000 3000 3000 3000 2619  530 1346 -2.6562 1.5344 0.0861 0.3750 2.5556 0.2645 0.7590 0.0009 0.0048 452.0000 132.1023 0.3884 1.3566 133.8472 
177 2732 2039 3000 2428 3000 3000 1783  100  100  100 3000  100  100 3000 -1.8281 2.8364 0.0854 0.0312 0.0000 0.2778 0.7642 0.0000 0.0098 431.0000 125.5619 0.3783 1.3402 127.2804 
178 2484 3000 3000 2471 3000 3000 2052  100  100  100 3000  100  100 2021 -1.9375 2.0433 0.1469 0.1250 0.0000 0.2735 0.7608 0.0001 0.0099 399.0000 125.6445 0.4428 1.4422 127.5295 
179 3000 3000 3000 2466 3000 3000 1951  100  100  100 3000 1093  100 3000 -1.6172 1.3562 0.1606 0.0156 0.0000 0.2721 0.7592 0.0001 0.0100 565.0000 164.5654 0.4128 1.4808 166.4590 
180 3000 3000 2323 3000  573  100 3000 3000 1793 3000  100  100 3000  658 -1.8516 1.6077 0.1138 0.0703 0.0000 0.2653 0.7540 0.0003 0.0098 377.0000 109.7351 0.4133 1.4692 111.6176 
181  100  100 3000 1620 3000 3000 1152  100 3000 3000 3000 3000  100  291 -1.8438 2.1171 0.1153 0.0547 0.0000 0.2628 0.7512 0.0000 0.0099 604.0000 176.0545 0.4224 1.3303 177.8071 
182 1760 3000 3000 2238 3000 3000 1410  100  100  100 3000  100  100 3000 -2.2031 2.4151 0.1511 0.1250 0.0000 0.2592 0.7471 0.0001 0.0098 464.0000 135.3389 0.3647 1.3148 137.0184 
183 1877 3000 3000 1283 3000 3000 2022  100  100  100 3000  100  100 3000 -1.4609 6.9276 0.1627 0.0547 0.0000 0.2627 0.7505 0.0001 0.0146 700.0000 206.2988 0.4072 1.3324 208.0385 
184  321 2548  100  674 2635  100 3000 3000 3000 3000 3000 2609  520 1345 -2.6406 1.8541 0.0159 0.3672 3.2308 0.2515 0.7435 0.0010 0.0055 388.0000 120.5532 0.4047 1.4744 122.4323 
185  100 2519  100  683 2613  100 3000 3000 2758 3000 3000 2608  541 1336 -2.7969 1.4387 0.0960 0.3594 2.3684 0.2640 0.7494 0.0010 0.0051 446.0000 130.1104 0.3906 1.4187 131.9198 
186 1997 3000 3000 3000 3000 3000  692  100  100  100 3000  100  100 3000 -1.6172 1.5295 0.1545 0.0312 0.0000 0.2778 0.7536 0.0001 0.0100 393.0000 129.4430 0.4433 1.4571 131.3434 
187 3000 3000  100  100  100 3000 3000  100  100 3000 3000  100  100  100 -1.2344 5.8029 0.1139 0.0547 0.0000 0.2676 0.7465 0.0000 0.0099 525.0000 181.3843 0.3441 1.1184 182.8467 
188 3000  100  100  100 3000 3000 3000 3000 3000 3000  100  100  100 3000 -1.3438 3.9596 0.0997 0.0000 0.0000 0.2675 0.7437 0.0000 0.0100 434.0000 126.6834 0.3854 1.3383 128.4070 
189  100 2544  100  681 2621  100 3000 2764 2951 3000 3000 2594  538 1346 -2.4453 2.8316 0.0906 0.3594 2.3333 0.2657 0.7395 0.0010 0.0061 424.0000 124.1634 0.4330 1.5208 126.1172 
190  100 2380  100  747 2538  100 3000 3000 2953 3000 3000 2547  590 1109 -2.6562 2.6841 0.0653 0.4844 3.1765 0.2707 0.7466 0.0010 0.0068 423.0000 123.6101 0.3891 1.4254 125.4246 
191  100 3000 3000 3000 3000 3000  100 3000 3000 3000 3000 3000  100 3000 -2.2500 3.7795 0.0888 0.2344 3.4000 0.7046 0.8464 0.0008 0.0096 451.0000 142.9546 0.5146 2.0841 145.5533 
192  100 3000 1516 3000 3000 3000  855 3000 3000 3000 3000 3000 1834 3000 -1.4844 3.7478 0.0753 0.0000 0.0000 0.7106 0.8473 0.0001 0.0098 456.0000 138.4032 0.6071 1.7406 140.7509 
193 1405 3000 3000 3000 3000 3000  100 3000 3000 3000 3000 3000  100 3000 -2.0547 3.5324 0.1186 0.1953 1.9333 0.2813 0.7506 0.0003 0.0099 491.0000 143.4485 0.5404 1.8197 145.8087 
194  100 3000 3000 3000 3000 3000  100 3000 3000 1892 3000 3000  100 3000 -1.2656 8.1021 0.1802 0.0078 0.0000 0.2815 0.7505 0.0001 0.0099 473.0000 137.7743 0.4895 1.8837 140.1474 
195  100 2369  100  673 2489  100 3000 3000 2917 3000 3000 2736  435 1417 -3.1562 1.1565 0.0347 0.3984 2.4000 0.2693 0.7434 0.0010 0.0054 462.0000 166.4174 0.4624 1.7131 168.5929 
196  100 2321  100  679 2431  100 3000 3000 2884 3000 3000 2772  392 1457 -2.9609 1.2662 0.0307 0.3516 2.0769 0.2618 0.7381 0.0010 0.0050 424.0000 152.5687 0.4604 1.5685 154.5975 
197  100 2359  100  763 2463  100 3000 3000 3000 3000 3000 2847  404 1477 -2.8203 6.1958 0.0384 0.5469 3.7333 0.2738 0.7413 0.0010 0.0050 458.0000 141.6245 0.4009 1.3835 143.4090 
198  100 3000 3000 3000 3000  100  100 3000 3000  100  100  100  100  100 -1.6797 1.8572 0.1323 0.0156 0.0000 0.2889 0.7470 0.0000 0.0043 466.0000 136.1948 0.2908 1.0754 137.5610 
199  100 2297  100  600 2373  100 3000 3000 2753 3000 3000 2672  382 1448 -2.9453 3.2175 0.0781 0.3047 0.0000 0.2839 0.7410 0.0010 0.0057 355.0000 103.6066 0.3835 1.3010 105.2911 
200  100 2067  100  718 1820  100 3000 3000 2720 3000 3000 3000  170 1946 -2.3984 1.5487 0.0693 0.1172 1.1765 0.7120 0.8357 0.0006 0.0099 338.0000 98.2903 0.3835 1.4051 100.0788 
201  100  779  100  100 3000  100 3000 3000 3000 3000 3000 3000  100 3000 -2.0547 1.9261 0.0987 0.0859 0.0000 0.7091 0.8360 0.0003 0.0098 582.0000 169.6800 0.3942 1.3239 171.3981 
202  100 2325  100  735 2451  100 3000 3000 2627 3000 3000 2841  387 1518 -2.6562 4.4636 0.0901 0.2578 1.5926 0.3126 0.7526 0.0010 0.0067 346.0000 101.2326 0.3946 1.4257 103.0528 
203 3000 3000 3000 3000 3000  100 3000 3000  100  100 3000  100 3000 3000 -1.0234 7.5191 0.0931 0.0547 0.0000 0.7265 0.8266 0.0010 0.0020 537.0000 156.4735 0.4627 1.5531 158.4893 
204  100 3000  100  100  100  100 3000 3000 3000 3000 3000 3000  100 3000 -1.6875 3.3976 0.0883 0.0391 0.0000 0.7292 0.8250 0.0009 0.0017 529.0000 154.3960 0.4213 1.2732 156.0904 
205  100 1158  100 3000 3000  100 3000 3000 3000 3000 3000 3000  100 2239 -1.5938 1.2352 0.1539 0.0469 0.0000 0.7267 0.8230 0.0001 0.0097 539.0000 157.5421 0.4232 1.4560 159.4213 
206 3000 3000 3000 3000  100 3000  100 3000 3000 3000 3000 3000  100 3000 -1.4141 4.0241 0.1606 0.0078 0.0000 0.7210 0.8226 0.0008 0.0017 538.0000 157.6041 0.6043 2.0295 160.2380 
207  100  100 3000  100 3000 3000  100 3000 3000 3000 3000 3000  100 3000 -1.6562 2.6526 0.1825 0.0781 0.0000 0.7177 0.8191 0.0010 0.0019 560.0000 163.7331 0.4392 1.6380 165.8103 
208 3000 3000 3000  100  100  100  100 3000 3000 3000  100  100 3000 3000 -1.8047 1.8592 0.1499 0.0000 0.0000 0.7159 0.8133 0.0010 0.0024 509.0000 183.1754 0.4548 1.5557 185.1858 
209  100 3000 3000  100  100  100  100 3000  100  100 3000 3000 3000  100 -1.6250 2.5354 0.0750 0.1641 0.0000 0.7128 0.8084 0.0010 0.0019 617.0000 183.3306 0.3502 1.0413 184.7221 
210  100  100  100  100  100  100 3000 3000 3000 3000 3000 3000  100  591 -1.9219 1.4899 0.1746 0.0547 0.0000 0.7113 0.8020 0.0003 0.0137 700.0000 203.8497 0.3014 1.0935 205.2445 
211 3000  100 3000 3000 3000  100  100 3000 3000 3000  100  100 3000 3000 -1.6094 3.5155 0.0937 0.0625 0.0000 0.7090 0.7987 0.0010 0.0016 574.0000 167.6312 0.4369 1.5178 169.5859 
212  100 3000 3000  100  100  100  100 3000 3000 3000 3000  100  100  100 -1.7344 2.4958 0.0474 0.1406 0.0000 0.7078 0.7924 0.0010 0.0016 599.0000 174.0634 0.2945 1.0572 175.4151 
213  100 3000  100  100 3000  100 3000 3000  100 3000 3000 3000  100 3000 -1.0703 2.3021 0.1199 0.0000 0.0000 0.7052 0.7872 0.0010 0.0038 543.0000 158.3685 0.3806 1.3591 160.1082 
214  100  100 3000 3000  100  100  100 3000  100  100  100  100 3000 3000 -1.8984 5.6983 0.1231 0.2031 0.0000 0.7067 0.7915 0.0010 0.0020 633.0000 226.0262 0.2931 1.0896 227.4089 
215 3000 3000  100  100  100  100  100 3000 3000  100 3000  100  100 3000 -2.0547 1.5009 0.0881 0.0234 0.0000 0.7010 0.7887 0.0010 0.0019 539.0000 195.1889 0.3427 1.2994 196.8311 
216 3000 3000  100  100  100  100  100 3000 3000  100  100  100  100 3000 -2.0547 1.3592 0.0668 0.0391 0.0000 0.6928 0.7887 0.0010 0.0019 519.0000 171.1307 0.2491 1.0063 172.3861 
217  100 2268  100  592 2361  100 3000 3000 2989 3000 3000 2642  375 1426 -2.8203 2.3533 0.0303 0.4219 2.1429 0.2773 0.7059 0.0009 0.0039 331.0000 96.4587 0.3888 1.4169 98.2644 
218  100 2441  100  489 2340  100 3000 3000 2878 3000 3000 2842  418 1460 -2.6953 3.5049 0.0046 0.3672 1.5385 0.2925 0.7109 0.0010 0.0045 356.0000 103.7630 0.4384 1.3866 105.5879 
219 3000 3000  100  100  100  100  100 3000 3000  100  100  100 3000 3000 -1.7266 3.5231 0.0688 0.0391 0.0000 0.7157 0.7767 0.0010 0.0017 445.0000 129.7074 0.2925 1.0801 131.0800 
220 3000 3000 3000  100  100  100  100 3000 3000  100 3000  100  100 3000 -2.1875 2.7677 0.1011 0.1797 1.1111 0.7149 0.7724 0.0010 0.0018 512.0000 149.4775 0.3384 1.2930 151.1089 
221 3000 3000 3000  100  100  100  100 3000 3000  100  100  100  100 3000 -1.5078 1.9369 0.1089 0.0234 0.0000 0.7151 0.7742 0.0010 0.0022 474.0000 138.5040 0.2954 1.0779 139.8773 
222  100 3000  100  100  100  100  100 3000 3000  100 3000  100  100 3000 -1.8516 3.3085 0.1248 0.1172 1.2000 0.7110 0.7719 0.0010 0.0017 471.0000 138.5282 0.2486 1.0256 139.8024 
223 3000 3000  100  100 3000  100  100 3000 3000  100 3000  100  100 3000 -2.1484 5.8912 0.0804 0.1484 1.6111 0.7096 0.7685 0.0010 0.0019 490.0000 143.8524 0.3357 1.2261 145.4142 
224  100 3000  100 3000 3000 3000 3000  100 3000  100  100  100  100  100 -1.6250 6.0472 0.2517 0.0469 0.0000 0.2885 0.7035 0.0000 0.0077 557.0000 163.8744 0.2920 1.0362 165.2027 
225 3000 3000 3000  100 3000  100  100 3000 3000  100 3000  100  100 3000 -1.4609 4.0615 0.1762 0.1094 0.0000 0.7074 0.7632 0.0009 0.0019 571.0000 167.5244 0.4334 1.3090 169.2668 
226 3000 3000 1762  100  100  100  610 3000 3000  100 3000  100  100 3000 -1.7422 4.9803 0.1862 0.1094 1.2143 0.2807 0.6946 0.0001 0.0099 434.0000 149.9682 0.3828 1.4294 151.7805 
227 3000 3000  100  100 3000  100  100 3000 3000  100 3000  100  100  100 -1.8672 2.4625 0.0655 0.0000 0.0000 0.6981 0.7626 0.0010 0.0018 583.0000 187.0244 0.3905 1.2245 188.6393 
228 3000 3000  100  100  100  100  100 3000 3000 3000 3000  100  100 3000 -1.4062 4.5581 0.1583 0.0156 0.0000 0.6964 0.7596 0.0010 0.0019 480.0000 145.0256 0.3373 1.2026 146.5656 
229  100  100 3000 3000  100  100  100 3000  100  100 3000  100  100 3000 -2.3594 1.5706 0.1048 0.0547 0.0000 0.6949 0.7566 0.0010 0.0017 582.0000 179.3676 0.2961 1.1359 180.7996 
230  100  100 3000  835  100  100  100 3000  100  100 3000  100  100 3000 -1.9453 2.3671 0.1401 0.1641 0.0000 0.6877 0.7640 0.0010 0.0084 520.0000 167.6391 0.2206 0.9101 168.7698 
231  100  100  723 3000  100  100  100 3000  100  100 3000  100  100 3000 -1.4766 7.3695 0.1840 0.0781 0.0000 0.6881 0.7617 0.0010 0.0096 534.0000 156.1581 0.2180 0.8162 157.1922 
232  100  100 3000 3000  100  100  100 3000  100  100 3000 1037  100 3000 -2.1250 1.8268 0.0858 0.1797 1.2000 0.2646 0.6818 0.0000 0.0099 487.0000 142.4102 0.2660 1.0403 143.7166 
233  100  100 3000 3000  100  100  100 3000  100  100 3000  100  100  166 -1.2109 7.7898 0.0582 0.0234 0.0000 0.6881 0.7609 0.0003 0.0100 589.0000 172.9263 0.2110 0.7887 173.9261 
234 3000 3000  100  100 3000  100  100 3000 3000  100 3000 3000  100 3000 -1.5000 0.8504 0.0424 0.0234 0.0000 0.6867 0.7610 0.0010 0.0019 559.0000 163.5394 0.3816 1.3187 165.2398 
235  100  100 3000 3000  100  100  100 3000  100 3000 3000  100  100 3000 -2.1875 1.7756 0.0821 0.1719 1.0769 0.6865 0.7576 0.0010 0.0020 540.0000 158.7074 0.3419 1.1361 160.1853 
236  100  100 3000 3000  100  100  100 3000  100 3000 3000  100 3000 3000 -1.6875 3.2874 0.2736 0.0312 0.0000 0.6842 0.7594 0.0010 0.0025 554.0000 162.6483 0.3412 1.2714 164.2608 
237  100  100 3000 3000  100  100  100 3000  100 3000  100  100  100 3000 -1.9062 2.0069 0.1074 0.1641 0.0000 0.6824 0.7560 0.0010 0.0021 700.0000 204.8396 0.2524 0.9815 206.0735 
238  100 3000 3000  100 3000  100  100 3000  100 3000  100  100 3000  100 -1.5938 5.1880 0.3054 0.1250 0.0000 0.6811 0.7537 0.0008 0.0013 607.0000 177.5155 0.2967 1.0614 178.8737 
239 3000 3000  100 3000 3000 3000 3000 3000 3000 3000 1134 3000 3000 3000 -1.9375 4.9567 0.1392 0.0859 0.0000 0.6807 0.7490 0.0001 0.0115 700.0000 204.3648 0.5754 1.9303 206.8705 
240  100 2314  100  743 2467  100 3000 3000 2876 3000 3000 2610  479 1443 -2.8438 2.9833 0.0737 0.4531 2.5000 0.2521 0.6681 0.0010 0.0029 394.0000 115.4916 0.3977 1.4316 117.3209 
241 3000  100 3000  100  100 3000  100 3000  100  100  100  100 3000 3000 -1.0234 6.3538 0.0965 0.0703 0.0000 0.6903 0.7414 0.0010 0.0019 617.0000 180.6562 0.3438 1.0714 182.0714 
242  100  100 3000 3000  100  100 3000 3000  100 3000 3000  100  100 3000 -1.4844 3.2124 0.0941 0.0234 0.0000 0.6968 0.7404 0.0010 0.0021 568.0000 166.2026 0.3406 1.2104 167.7535 
243  100  100 3000 3000  100  100  100  100  100 3000 3000 3000  100 3000 -2.0234 4.2120 0.1135 0.1328 0.0000 0.6969 0.7374 0.0009 0.0017 477.0000 170.1068 0.3023 1.1718 171.5809 
244  100  100 3000 3000  100  100  100  100  100  100 3000  100  100 3000 -1.5391 5.6520 0.0403 0.0391 0.0000 0.6931 0.7369 0.0010 0.0034 537.0000 158.1836 0.2106 0.8425 159.2367 
245  100  100 3000 3000  100  100  100 3000  100 3000 3000 3000  100 3000 -1.8203 0.7627 0.0530 0.0312 0.0000 0.6921 0.7339 0.0010 0.0014 569.0000 188.1745 0.4040 1.5283 190.1068 
246  100  100 3000 3000  100  100  100  100 3000 3000 3000 3000  100 3000 -1.3828 2.3956 0.0296 0.0078 0.0000 0.6917 0.7314 0.0010 0.0014 511.0000 149.4781 0.4178 1.2833 151.1792 
247 3000 3000  100  100  100 3000  100 3000 3000  100 3000  100  100  100 -1.8438 2.5581 0.0945 0.1094 0.0000 0.6904 0.7288 0.0010 0.0016 597.0000 175.5703 0.3055 1.3527 177.2285 
248  100  100 3000 3000 3000  100  100  100  100 3000 3000 3000  100  100 -1.6328 4.2342 0.2959 0.1094 0.0000 0.6878 0.7263 0.0010 0.0017 502.0000 148.1180 0.3036 1.2729 149.6944 
249 3000 3000 3000 3000 3000 3000 3000 3000 3000 3000  100 3000  100 3000 -2.1250 3.8268 0.0811 0.0547 0.0000 0.6869 0.7224 0.0010 0.0033 558.0000 163.7648 0.5706 1.9448 166.2802 
250  100 2294  100  636 2513  100 3000 3000 2871 3000 3000 2757  391 1287 -2.5625 3.4606 0.0492 0.3203 2.3889 0.2497 0.6543 0.0010 0.0035 328.0000 96.5966 0.4810 1.4030 98.4806 
251 2703 2076 3000 3000 3000 3000  100 3000 3000 3000 3000 3000  100 3000 -1.8203 4.0383 0.0736 0.0859 0.0000 0.2555 0.6582 0.0001 0.0099 604.0000 178.0617 0.5414 2.0209 180.6240 
252  100 3000 3000 3000 3000 3000 3000 3000 3000 3000  100 3000  100 3000 -1.2422 2.3897 0.0521 0.0469 0.0000 0.6987 0.7182 0.0010 0.0025 456.0000 165.6787 0.6175 2.2044 168.5007 
253 3000 3000 3000 3000 3000 3000 3000 3000 3000 3000 3000 3000  100 3000 -1.3359 2.4296 0.1789 0.0547 0.0000 0.6956 0.7191 0.0017 0.0018 700.0000 215.4236 0.6169 2.0890 218.1295 
254  100 2383  100  770 2235  100 3000 3000 2873 3000 3000 2649  422 1575 -3.0078 1.1259 0.0628 0.3281 2.7619 0.2525 0.6531 0.0008 0.0060 352.0000 105.3187 0.4804 1.4858 107.2849 
255 3000 3000  100 3000 3000 3000 3000 3000 3000  100 3000 3000 3000 3000 -0.9219 4.5608 0.0674 0.0000 0.0000 0.6881 0.7170 0.0010 0.0025 601.0000 176.9430 0.5653 2.0484 179.5568 
256 3000 3000  100  100 3000  100  100 3000 3000  100  100  100  100 3000 -1.4062 3.1407 0.1504 0.0156 0.0000 0.6942 0.7195 0.0010 0.0014 533.0000 157.4297 0.2961 1.2893 159.0152 
257 3000 3000 3000 3000 3000 3000  100 3000 3000 3000  100 3000 3000 3000 -1.2500 9.3701 0.2539 0.0547 0.0000 0.6920 0.7177 0.0010 0.0017 592.0000 175.4021 0.5626 2.2629 178.2276 
258  100 2484  100 1202 1643  100 3000 3000 3000 3000 3000 2812  532 1213 -2.7812 2.4872 0.0564 0.2656 2.7059 0.6886 0.7172 0.0008 0.0095 488.0000 145.4471 0.3964 1.6016 147.4452 
259  100 2363  100  911 2054  100 3000 3000 2902 3000 3000 2695  454 1449 -2.6484 2.8124 0.0495 0.3828 1.8214 0.2864 0.6641 0.0009 0.0055 506.0000 151.5085 0.4473 1.4973 153.4532 
260  100 3000  100 1896  786  100 3000 3000 3000 3000 3000 3000  100  345 -2.0938 3.6604 0.2165 0.0625 0.0000 0.7142 0.7103 0.0004 0.0100 438.0000 131.7899 0.4083 1.4777 133.6759 
261  100 2766  100  552 1184  100 3000 3000 3000 3000 3000 3000 1337 1130 -2.0391 2.4315 0.0418 0.0078 0.0000 0.7168 0.7094 0.0003 0.0100 484.0000 145.5609 0.4024 1.6532 147.6165 
262  100  100  100  100 3000  100  100 3000 3000 3000 3000 3000  100  100 -1.8438 3.9124 0.1127 0.0859 0.0000 0.7146 0.7117 0.0010 0.0016 559.0000 167.7443 0.3195 1.3780 169.4418 
263  100 3000 3000  100  100  100  100 3000 3000  100 3000  100 3000 3000 -1.6641 2.8863 0.0732 0.0703 0.0000 0.7126 0.7093 0.0010 0.0015 569.0000 172.1252 0.5451 1.3562 174.0265 
264 3000 3000 3000  100  100  100 3000 3000 3000 3000 3000 3000 3000 3000 -1.6953 5.3001 0.1529 0.1094 0.0000 0.7111 0.7058 0.0010 0.0017 635.0000 188.1472 0.5220 2.1687 190.8380 
265  100 3000 3000 3000  100  100  100 3000  100  100 3000  100  100 3000 -1.9062 2.1171 0.1276 0.0469 0.0000 0.7093 0.7024 0.0021 0.0036 700.0000 206.7755 0.2942 1.1634 208.2330 
266  100 1751  100  756 1671  100 3000 3000 3000 3000 3000 2088  253 1362 -1.8594 4.5312 0.0687 0.0234 0.0000 0.7088 0.7007 0.0007 0.0100 386.0000 114.8470 0.3703 1.4138 116.6311 
267  101 2998 2997 2999  105 2998  105  100 2998  101  101  101 2995  103 -1.6484 6.3085 0.1200 0.0469 0.0000 0.2666 0.6524 0.0000 0.0100 369.0000 109.5386 0.2918 1.1033 110.9338 
268 3000 3000 3000  100  100 3000  100 3000 3000  100 3000  100  100 3000 -1.5234 2.2829 0.1543 0.0625 0.0000 0.6825 0.7112 0.0300 1.1295 700.0000 209.8279 0.3975 1.8276 212.0530 
269  100 3000  100 3000 2531  100 3000 3000 3000 3000 3000 3000 1298  100 -1.7656 3.5194 0.1369 0.0781 0.0000 0.6812 0.7082 0.0004 0.0098 519.0000 153.3431 0.4821 1.8381 155.6633 
270  100  100 3000 3000 3000  100  100 3000  100  100 3000  100  100 3000 -1.4453 3.3198 0.1372 0.0469 0.0000 0.6811 0.7068 0.0039 0.0080 700.0000 210.5590 0.3103 1.3408 212.2100 
271  100 2410  100  696 2373  100 3000 3000 2888 3000 3000 2669  300 1652 -2.8828 2.1043 0.0539 0.4297 2.3478 0.2573 0.6419 0.0010 0.0040 350.0000 105.8344 0.4006 1.6769 107.9119 
272  100  100  100 3000 3000  100 3000 3000  100  100  100  100 3000 3000 -1.2656 8.0549 0.0359 0.0234 0.0000 0.6874 0.7000 0.0009 0.0014 621.0000 187.6154 0.2962 1.1741 189.0857 
273 3000  100 3000 3000  100  100  100  100  100 3000  100 3000  100 3000 -1.4297 7.7588 0.1792 0.0234 0.0000 0.6932 0.6964 0.0009 0.0014 556.0000 166.6359 0.3602 1.2873 168.2834 
274  100  100  100  100  100 3000  100 3000 3000 3000 3000 3000  100  100 -2.0156 3.6533 0.1116 0.1484 0.0000 0.6947 0.6927 0.0010 0.0012 636.0000 190.3217 0.2992 1.2067 191.8276 
275 3000 3000 3000  100 3000 3000 3000  100 3000 3000 3000 3000 3000 3000 -1.2109 6.9709 0.1669 0.1719 0.0000 0.6913 0.6927 0.0009 0.0013 624.0000 184.9219 0.5666 2.1152 187.6036 
276  100 3000  100  100  100 3000  100 3000 3000  100 3000 3000  100  100 -2.1250 1.9055 0.0964 0.1484 0.0000 0.6947 0.6906 0.0010 0.0016 502.0000 148.7833 0.3719 1.2431 150.3983 
277  100  100  100  100  100 3000  100 3000 3000  100 3000 3000  100  100 -1.5469 1.2734 0.0345 0.0000 0.0000 0.6923 0.6919 0.0010 0.0013 552.0000 163.8847 0.2965 1.0776 165.2588 
278  100 3000  100  100  100 3000  100 3000 3000 3000 3000 3000  100  100 -1.6953 2.2135 0.2019 0.0469 0.0000 0.6906 0.6901 0.0010 0.0012 524.0000 156.2412 0.3407 1.2715 157.8533 
279  100 3000  100  100  100 3000  100 3000 3000  100 3000  100 3000  100 -1.8281 2.1277 0.2388 0.0703 0.0000 0.6893 0.6881 0.0010 0.0016 614.0000 183.2105 0.2974 1.2715 184.7794 
280  100 3000  100  100 3000 3000  100 3000 3000  100 3000  100  100  100 -1.2500 4.4724 0.1314 0.0469 0.0000 0.6874 0.6861 0.0010 0.0013 692.0000 206.6070 0.2930 1.2044 208.1045 
281  100 3000  100  100  100  100  100 3000 3000  100 3000 3000  100  100 -1.8281 2.1435 0.0369 0.0156 0.0000 0.6885 0.6842 0.0172 0.0334 700.0000 207.4388 0.2500 1.0724 208.7611 
282  100 3000 3000 3000  100  100 3000 3000 3000 3000 3000 3000  100  100 -1.3281 5.0568 0.1650 0.0703 0.0000 0.6881 0.6824 0.0010 0.0016 651.0000 193.9389 0.4667 1.6264 196.0320 
283 3000 3000  100  100  100  100  100 3000 3000  100 3000  100 3000  100 -1.5391 5.2426 0.2127 0.0078 0.0000 0.6894 0.6804 0.0009 0.0014 616.0000 181.9709 0.2905 1.1617 183.4231 
284  100  100 3000 3000 3000 3000 3000 3000  100 3000 3000 3000 3000 3000 -1.9922 1.6929 0.2026 0.0625 0.0000 0.6887 0.6774 0.0010 0.0013 671.0000 199.9332 0.5626 1.8417 202.3375 
285  100 2400  100  716 2366  100 3000 3000 2891 3000 2808 2670  456 1525 -3.0547 1.3749 0.0733 0.5000 2.2632 0.2509 0.6243 0.0010 0.0042 400.0000 118.8301 0.3968 1.4574 120.6843 
286 3000 3000  100 3000 3000 3000 3000 3000 3000 3000  100 3000  100 3000 -1.8359 6.8469 0.0206 0.2109 1.6316 0.6901 0.6687 0.0009 0.0014 650.0000 192.9959 0.5176 1.8151 195.3286 
287  100  100  100  100  100  100  100 3000 3000 3000  100 3000  100  100 -1.3906 3.1061 0.1879 0.0312 0.0000 0.6901 0.6671 0.0010 0.0012 626.0000 186.3828 0.2552 0.9432 187.5812 
288  100  100 3000 3000  100 3000  100 3000  100 3000 3000  100  100 3000 -1.9453 1.4379 0.0446 0.0078 0.0000 0.6912 0.6642 0.0010 0.0013 671.0000 199.5260 0.3388 1.4583 201.3232 
289 3000 3000  100 3000 3000  100 3000 3000 3000 3000  100 3000 3000 3000 -1.2734 4.4994 0.1152 0.0078 0.0000 0.6904 0.6634 0.0010 0.0018 571.0000 171.0147 0.5163 2.2324 173.7634 
290  100  100 3000  100  100 3000  100 3000  100 3000 3000 3000  100  100 -0.6328 2.4862 0.2094 0.0078 0.0000 0.6919 0.6615 0.0010 0.0016 605.0000 180.0511 0.3028 1.2086 181.5625 
291 3000  100 3000 3000 3000 3000 3000  100  100 3000  100  100  100  100 -2.3125 1.3661 0.0948 0.0391 0.0000 0.6959 0.6682 0.0010 0.0014 606.0000 180.2114 0.3503 1.4272 181.9890 
292 2998  105 2047 2999 2997 2999 2992  102  103 2997  103  101  103  104 -1.3672 2.9114 0.2325 0.0234 0.0000 0.2569 0.6252 0.0000 0.0098 524.0000 155.9182 0.3442 1.2715 157.5339 
293  100 3000 3000 3000  100 3000  100 3000  100  100 3000  100 3000 3000 -1.3281 4.2537 0.0662 0.1016 0.0000 0.6742 0.6825 0.0176 0.4918 700.0000 210.7421 0.3807 1.5063 212.6291 
294 3000  100 3000 3000 3000 3000 3000  100  100 3000  100 3000  100  100 -1.2578 4.3976 0.0614 0.0000 0.0000 0.6741 0.6800 0.0010 0.0015 563.0000 169.7400 0.3965 1.5614 171.6979 
295  100 3000 3000 3000 3000  100  100  100  100  100  100 3000 3000  100 -1.3438 5.0778 0.1759 0.0078 0.0000 0.6759 0.6784 0.0010 0.0012 599.0000 177.6642 0.2968 1.2340 179.1950 
296 3000  100 3000 3000 3000 3000 3000 3000  100 3000 3000 3000 3000 3000 -1.5547 11.4458 0.1301 0.2578 3.0769 0.6783 0.6754 0.0039 0.0050 700.0000 237.3352 0.6765 2.2906 240.3023 
297  100 3000  100  100  100 3000 3000 3000 3000  100 3000 3000  100  100 -2.0078 2.3700 0.1061 0.0391 0.0000 0.6776 0.6731 0.0009 0.0013 601.0000 178.9971 0.3395 1.3723 180.7088 
298  100 2416  100  706 2365  100 3000 3000 2879 3000 2871 2687  514 1529 -3.0078 1.3306 0.0631 0.3750 1.9600 0.2432 0.6153 0.0009 0.0049 271.0000 81.4488 0.4672 1.6759 83.5919 
299  100 3000  100  100  100 3000 3000 3000 3000  100  100 3000  100  100 -1.4219 1.9466 0.2243 0.0156 0.0000 0.6809 0.6674 0.0010 0.0014 546.0000 199.7461 0.3466 1.4183 201.5109 
195  100 2369  100  673 2489  100 3000 3000 2917 3000 3000 2736  435 1417 -3.1562 1.1565 0.0347 0.3984 2.4000 0.2693 0.7434 0.0010 0.0054 462.0000 166.4174 0.4624 1.7131 168.5929 
