0 3.0145 0.5269 0.1718 3.1374 0.8516 0.0049 0.1493 0.9244 0.0000 0.0000 0.0000 0.0000 0.0000 0.0000 0.0000 
1 0.6604 0.4668 2.0814 1.1513 0.0469 0.0314 0.1493 0.9244 0.0000 0.0000 0.0000 0.0000 0.0000 0.0000 0.0000 
2 2.8057 0.8049 3.0184 1.0716 -1.3828 0.0201 0.1493 0.9244 0.0000 0.0000 0.0000 0.0000 0.0000 0.0000 0.0000 
3 1.9284 2.9350 2.1843 2.9100 -0.0781 0.0047 0.1493 0.9244 0.0000 0.0000 0.0000 0.0000 0.0000 0.0000 0.0000 
4 2.2538 0.2473 2.7808 1.8932 -0.1328 0.0079 0.1493 0.9244 0.0000 0.0000 0.0000 0.0000 0.0000 0.0000 0.0000 
5 1.0450 0.6783 2.6848 1.8727 0.0781 0.0056 0.1493 0.9244 0.0000 0.0000 0.0000 0.0000 0.0000 0.0000 0.0000 
6 2.9530 2.4540 3.0236 1.8225 1.1797 0.0095 0.1493 0.9244 0.0000 0.0000 0.0000 0.0000 0.0000 0.0000 0.0000 
7 2.2242 1.9624 0.8860 3.0099 0.1797 0.0022 0.1493 0.9244 0.0000 0.0000 0.0000 0.0000 0.0000 0.0000 0.0000 
8 1.0504 2.4758 3.0036 2.0797 0.8047 0.0004 0.1493 0.9244 0.0000 0.0000 0.0000 0.0000 0.0000 0.0000 0.0000 
9 0.5326 2.6100 2.1303 0.6628 -0.1016 0.0000 0.1493 0.9244 0.0000 0.0000 0.0000 0.0000 0.0000 0.0000 0.0000 
10 0.2494 1.7176 0.1981 2.9137 -0.9219 0.0385 0.1493 0.9244 0.0000 0.0000 0.0000 0.0000 0.0000 0.0000 0.0000 
11 1.6399 1.6735 1.3454 2.1105 1.2422 0.0100 0.1493 0.9244 0.0000 0.0000 0.0000 0.0000 0.0000 0.0000 0.0000 
12 2.8875 1.0347 1.2369 1.8720 -1.2891 0.0551 0.1493 0.9244 0.0000 0.0000 0.0000 0.0000 0.0000 0.0000 0.0000 
13 1.0043 1.9117 1.7520 1.4184 0.8281 0.0022 0.1493 0.9244 0.0000 0.0000 0.0000 0.0000 0.0000 0.0000 0.0000 
14 2.1477 1.7067 0.3680 3.1309 -0.0156 0.0048 0.1493 0.9244 0.0000 0.0000 0.0000 0.0000 0.0000 0.0000 0.0000 
15 1.1819 1.4132 1.3252 2.9272 0.3594 0.0066 0.1493 0.9244 0.0000 0.0000 0.0000 0.0000 0.0000 0.0000 0.0000 
16 2.9961 1.6573 1.3186 0.3937 -0.7344 0.0611 0.1493 0.9244 0.0000 0.0000 0.0000 0.0000 0.0000 0.0000 0.0000 
17 2.8237 0.6213 1.7626 1.1619 -0.4688 0.0020 0.1493 0.9244 0.0000 0.0000 0.0000 0.0000 0.0000 0.0000 0.0000 
18 1.0985 1.1865 0.6817 0.2125 -0.1016 0.0463 0.1493 0.9244 0.0000 0.0000 0.0000 0.0000 0.0000 0.0000 0.0000 
19 1.7286 2.5208 2.0681 0.7129 0.1484 0.0165 0.1493 0.9244 0.0000 0.0000 0.0000 0.0000 0.0000 0.0000 0.0000 
20 2.2098 0.2584 1.3493 2.6187 2.3594 0.0021 0.1493 0.9244 0.0000 0.0000 0.0000 0.0000 0.0000 0.0000 0.0000 
21 2.9014 1.5009 2.6748 1.6163 -0.5547 0.0317 0.1493 0.9244 0.0000 0.0000 0.0000 0.0000 0.0000 0.0000 0.0000 
22 1.6937 1.8779 3.1151 2.3620 -0.6953 0.0981 0.1493 0.9244 0.0000 0.0000 0.0000 0.0000 0.0000 0.0000 0.0000 
23 1.5388 2.3120 2.0566 1.1760 -0.4062 0.0228 0.1493 0.9244 0.0000 0.0000 0.0000 0.0000 0.0000 0.0000 0.0000 
24 2.4851 2.5935 1.9505 2.9674 -0.5156 0.0186 0.1493 0.9244 0.0000 0.0000 0.0000 0.0000 0.0000 0.0000 0.0000 
25 2.8068 0.8187 3.0010 1.0865 -1.3359 0.0180 0.1493 0.9244 0.0006 0.0037 27.0000 1.5012 0.1280 0.1537 1.7830 
26 2.8099 0.8290 2.9877 1.0940 -1.4297 0.0163 0.1582 0.8753 0.0006 0.0055 27.0000 1.4339 0.1885 0.2174 1.8398 
27 2.8184 0.8518 2.9561 1.1093 -1.1172 0.0127 0.1717 0.8406 0.0010 0.0074 25.0000 1.2803 0.1255 0.1606 1.5664 
28 2.7919 0.7706 3.0732 1.0485 -1.3750 0.0294 0.1813 0.8329 0.0008 0.0052 27.0000 1.4381 0.1300 0.1775 1.7456 
29 2.8034 0.7609 3.0925 1.0225 -1.3047 0.0315 0.2031 0.8259 0.0009 0.0091 26.0000 1.4721 0.1306 0.1698 1.7726 
30 2.7216 0.8034 3.1026 1.0584 -1.4375 0.0338 0.2182 0.8274 0.0004 0.0091 37.0000 2.0664 0.1394 0.1819 2.3877 
31 2.7035 0.8098 3.1260 1.0448 -1.2109 0.0364 0.2358 0.8303 0.0008 0.0068 29.0000 1.7283 0.1409 0.1766 2.0458 
32 2.8649 0.7207 3.1175 1.0881 -1.3984 0.0408 0.2471 0.8416 0.0006 0.0077 26.0000 1.3512 0.1722 0.1908 1.7141 
33 2.8998 0.7123 3.1291 1.0498 -1.3281 0.0397 0.2634 0.8524 0.0004 0.0071 23.0000 1.2940 0.2354 0.3319 1.8612 
34 2.8547 0.6821 3.0689 0.9647 -1.2969 0.0282 0.2748 0.8664 0.0004 0.0090 26.0000 1.6201 0.1275 0.2203 1.9680 
35 2.8603 0.7248 3.1416 1.1600 -1.5312 0.0476 0.2869 0.8827 0.0004 0.0048 36.0000 1.9544 0.1835 0.1749 2.3128 
36 2.9093 0.6893 3.1416 1.2419 -1.3047 0.0410 0.2984 0.8965 0.0008 0.0058 34.0000 1.7986 0.1238 0.1627 2.0851 
37 3.0476 0.8011 3.1416 1.0931 -0.5547 0.0260 0.3095 0.9131 0.0010 0.0084 40.0000 2.4331 0.1219 0.1854 2.7404 
38 2.7023 0.6312 3.0919 1.1447 -1.5781 0.0446 0.2807 0.9353 0.0010 0.0068 31.0000 1.7060 0.1189 0.1679 1.9928 
39 2.6737 0.5983 3.0987 1.1465 -1.5938 0.0462 0.2948 0.9537 0.0007 0.0045 30.0000 1.6063 0.2586 0.2399 2.1049 
40 2.6568 0.5800 3.1070 1.1431 -1.5391 0.0478 0.3057 0.9711 0.0009 0.0050 26.0000 1.5453 0.1223 0.1857 1.8533 
41 2.6469 0.5715 3.1160 1.1377 -1.5547 0.0495 0.3149 0.9881 0.0005 0.0051 25.0000 1.3990 0.1199 0.1722 1.6912 
42 2.6374 0.5636 3.1269 1.1314 -1.5938 0.0516 0.3232 1.0066 0.0006 0.0066 24.0000 1.7013 0.1582 0.2076 2.0670 
43 2.6292 0.5572 3.1359 1.1260 -1.4922 0.0534 0.3314 1.0262 0.0004 0.0045 24.0000 1.2857 0.1217 0.1646 1.5720 
44 2.6217 0.5492 3.1416 1.1139 -1.6406 0.0549 0.3377 1.0459 0.0009 0.0067 30.0000 1.7229 0.1216 0.1749 2.0194 
45 2.5858 0.4958 3.1416 1.0481 -1.3281 0.0570 0.3462 1.0670 0.0009 0.0062 35.0000 1.9309 0.1289 0.1888 2.2486 
46 2.6103 0.6408 3.1416 1.2418 -1.4922 0.0534 0.3481 1.0835 0.0007 0.0033 34.0000 2.2776 0.1205 0.1810 2.5791 
47 2.6865 0.5531 3.0100 1.1832 -1.2812 0.0312 0.3571 1.1061 0.0005 0.0048 33.0000 2.0907 0.1258 0.1669 2.3834 
48 2.5137 0.6913 3.1416 1.1512 -1.3516 0.0610 0.3659 1.1339 0.0007 0.0041 38.0000 2.1138 0.1406 0.2835 2.5379 
49 2.7322 0.4001 3.1416 1.1023 -1.4141 0.0395 0.3705 1.1532 0.0009 0.0096 39.0000 2.1202 0.1211 0.1737 2.4150 
50 2.5392 0.5390 3.1416 0.8751 -1.6797 0.0507 0.3789 1.1782 0.0009 0.0050 41.0000 2.5881 0.1234 0.2469 2.9584 
51 2.4862 0.5027 3.1416 0.7795 -1.0859 0.0460 0.3961 1.2109 0.0005 0.0051 35.0000 2.0767 0.1433 0.2006 2.4206 
52 3.1416 1.2520 1.1688 1.6421 0.0078 0.0228 0.3915 1.2167 0.0008 0.0090 34.0000 2.1078 0.1200 0.1747 2.4024 
53 2.6045 0.6010 2.9330 1.0016 -0.9219 0.0313 0.3388 1.1508 0.0008 0.0062 25.0000 1.4463 0.1286 0.1669 1.7418 
54 2.6905 0.6211 3.1416 1.3276 -1.4141 0.0406 0.3322 1.1773 0.0009 0.0051 44.0000 2.8601 0.1712 0.2590 3.2903 
55 2.7942 0.1900 3.1416 1.0382 -0.9766 0.0223 0.3384 1.1988 0.0004 0.0092 43.0000 2.7030 0.1201 0.2768 3.0999 
56 2.5812 0.8105 3.1416 1.3240 -1.3750 0.0580 0.3398 1.2169 0.0009 0.0053 46.0000 2.9729 0.1288 0.1679 3.2695 
57 2.3563 0.8697 3.1416 1.0131 -0.8984 0.0327 0.3471 1.2402 0.0008 0.0079 46.0000 2.8592 0.1708 0.2150 3.2450 
58 2.7218 0.6192 3.1416 1.1632 -1.7578 0.0521 0.3422 1.2541 0.0008 0.0025 61.0000 4.6470 0.1352 0.2293 5.0115 
59 2.6720 0.3151 3.1416 0.1000 1.0156 0.0039 0.3423 1.2697 0.0007 0.0100 47.0000 2.9059 0.1435 0.2188 3.2681 
60 3.1416 1.9499 0.5986 0.1000 -0.7109 0.0243 0.3293 1.3268 0.0002 0.0098 48.0000 3.6204 0.1530 0.2338 4.0072 
61 2.7970 0.4916 3.1416 1.4688 -0.6250 0.0114 0.3282 1.3052 0.0008 0.0064 59.0000 3.7483 0.1190 0.1675 4.0347 
62 0.1000 2.2725 0.1000 3.1416 -0.7266 0.0163 0.3132 1.3156 0.0009 0.0067 54.0000 3.8124 0.1091 0.1385 4.0600 
63 3.1416 3.1416 0.1000 0.1000 -0.3359 0.0199 0.3131 1.3014 0.0007 0.0055 55.0000 3.7092 0.1080 0.2467 4.0640 
64 0.1000 1.1982 0.1000 3.1416 -0.1406 0.0239 0.3090 1.2675 0.0008 0.0049 76.0000 4.7850 0.1052 0.1688 5.0590 
65 3.1416 1.0228 0.1000 0.1000 -0.3359 0.0199 0.3061 1.2544 0.0005 0.0088 45.0000 2.7725 0.1560 0.1662 3.0947 
66 0.1000 2.1575 0.1000 2.3908 -0.4531 0.0256 0.3035 1.2281 0.0006 0.0064 48.0000 3.1311 0.1239 0.1766 3.4317 
67 0.1000 3.1416 0.1000 3.1416 0.0078 0.0156 0.3038 1.2167 0.0009 0.0063 72.0000 4.8238 0.1006 0.3069 5.2314 
68 0.1000 3.1416 0.1000 0.1000 0.4062 0.0091 0.3023 1.1988 0.0007 0.0013 80.0000 5.4014 0.1029 0.2795 5.7838 
69 1.9298 1.5980 3.1416 3.1416 -0.1094 0.0133 0.3032 1.1789 0.0006 0.0091 67.0000 4.5258 0.1102 0.1703 4.8063 
70 3.1416 2.3812 1.3651 0.1000 -0.4844 0.0276 0.3011 1.1558 0.0007 0.0092 48.0000 3.3675 0.1328 0.1822 3.6825 
71 0.1000 0.1000 0.1000 0.1000 0.5703 0.0064 0.3022 1.1470 0.0004 0.0008 72.0000 4.7782 0.1418 0.1779 5.0979 
72 3.1416 3.1416 0.1000 3.1416 0.0078 0.0156 0.3050 1.1336 0.0009 0.0019 77.0000 4.8741 0.0882 0.2249 5.1871 
73 2.3393 0.3852 3.1416 1.1264 -0.5234 0.0543 0.3016 1.1065 0.0009 0.0050 63.0000 3.7372 0.1247 0.2036 4.0655 
74 2.3835 2.0385 0.1000 0.1000 -0.0859 0.0133 0.2874 1.1150 0.0008 0.0089 38.0000 2.6700 0.1281 0.1840 2.9820 
75 3.1416 1.0303 1.2349 0.1000 -0.3594 0.0302 0.2871 1.0986 0.0004 0.0056 60.0000 3.7772 0.1191 0.1890 4.0853 
76 0.1000 0.1000 3.1416 3.1416 0.2344 0.0117 0.2882 1.0915 0.0010 0.0017 85.0000 5.8389 0.1336 0.2901 6.2626 
77 0.1000 0.1000 3.1416 0.1000 0.0078 0.0156 0.2879 1.0718 0.0009 0.0014 70.0000 4.6675 0.1232 0.2226 5.0133 
78 3.1416 0.1000 0.1000 0.7606 -0.8359 0.0203 0.2858 1.0502 0.0009 0.0071 53.0000 3.5538 0.2131 0.2419 4.0088 
79 2.6485 0.1000 0.1000 0.1000 1.0000 0.0040 0.2822 1.0409 0.0007 0.0076 49.0000 3.2911 0.1773 0.2861 3.7545 
80 3.1416 0.1000 0.1000 1.3312 -0.3594 0.0101 0.2771 1.0438 0.0010 0.0054 62.0000 4.2517 0.1189 0.1975 4.5681 
81 2.7146 0.6104 3.1416 1.0569 -1.8984 0.0536 0.2775 1.0392 0.0008 0.0013 91.0000 5.7876 0.1202 0.2306 6.1384 
82 3.1416 3.1416 0.1000 1.3793 -0.3672 0.0108 0.2783 1.0460 0.0008 0.0080 49.0000 3.3627 0.0942 0.1500 3.6069 
83 0.1000 3.1416 3.1416 0.1000 -0.3359 0.0199 0.2757 1.0292 0.0010 0.0010 74.0000 4.6201 0.1466 0.1502 4.9170 
84 0.7994 2.0374 0.1000 3.1416 0.0469 0.0061 0.2728 1.0123 0.0008 0.0051 79.0000 6.3956 0.0961 0.1325 6.6242 
85 3.1416 0.9652 1.7852 1.9854 -0.4922 0.0405 0.2706 1.0021 0.0007 0.0087 43.0000 2.9271 0.1338 0.1989 3.2598 
86 3.1416 3.1416 1.7883 3.1416 0.0078 0.0156 0.2724 0.9998 0.0010 0.0093 60.0000 4.1497 0.0895 0.1468 4.3860 
87 3.1416 3.1416 3.1416 0.1000 0.0078 0.0156 0.2716 0.9870 0.0005 0.0007 80.0000 5.4339 0.1084 0.1874 5.7297 
88 0.1000 1.7808 3.1416 0.1000 -0.2500 0.0125 0.2708 0.9715 0.0007 0.0070 56.0000 3.6154 0.1225 0.4756 4.2136 
89 0.1000 1.9707 0.8564 3.1416 -0.6641 0.0096 0.2687 0.9569 0.0007 0.0062 62.0000 4.0945 0.1045 0.1583 4.3573 
90 2.3104 1.2002 3.1416 1.7241 -0.9922 0.0793 0.2698 0.9561 0.0006 0.0070 44.0000 3.0095 0.1207 0.2636 3.3937 
91 0.1000 3.1416 1.8369 3.1416 0.0078 0.0156 0.2758 0.9710 0.0007 0.0073 65.0000 4.3435 0.0905 0.1386 4.5726 
92 3.1416 0.1000 3.1416 3.1416 0.0078 0.0156 0.2749 0.9565 0.0010 0.0017 88.0000 5.7645 0.1270 0.1730 6.0645 
93 3.1416 3.1416 1.1605 0.8391 0.0469 0.0460 0.2743 0.9426 0.0007 0.0094 59.0000 3.9765 0.1034 0.1790 4.2589 
94 1.9096 1.5001 3.1416 1.3390 0.3359 0.0029 0.2748 0.9324 0.0006 0.0087 55.0000 3.3660 0.1371 0.2157 3.7188 
95 0.1000 0.1000 0.1000 2.1467 -0.5938 0.0131 0.2677 0.9253 0.0009 0.0092 56.0000 3.9155 0.1312 0.2927 4.3394 
96 0.1000 0.1000 0.9158 3.1416 0.2344 0.0117 0.2627 0.9130 0.0009 0.0090 66.0000 4.1969 0.1109 0.3491 4.6570 
97 2.6603 1.1061 3.1416 2.1359 -0.5156 0.0083 0.2639 0.9030 0.0006 0.0068 54.0000 3.6905 0.1194 0.2124 4.0223 
98 1.7462 3.1416 0.1000 1.3899 -0.3125 0.0305 0.2659 0.9047 0.0004 0.0096 67.0000 4.4907 0.1083 0.3824 4.9814 
99 3.1416 1.6311 0.1000 0.9858 -0.6172 0.0127 0.2631 0.8927 0.0004 0.0100 62.0000 4.2938 0.1604 0.3473 4.8015 
100 0.1000 1.1499 0.1000 1.8363 -0.7344 0.0138 0.2635 0.8911 0.0008 0.0096 60.0000 4.2607 0.1304 0.1887 4.5798 
101 3.1416 0.1000 1.0186 1.0484 -0.1406 0.0122 0.2627 0.8903 0.0008 0.0046 61.0000 4.4263 0.1231 0.2775 4.8269 
102 0.1000 1.6798 0.1000 1.1567 -0.5859 0.0377 0.2631 0.8846 0.0010 0.0094 58.0000 4.1178 0.1565 0.2467 4.5210 
103 0.1000 0.5169 0.1000 1.4119 0.1016 0.0133 0.2623 0.8811 0.0009 0.0058 57.0000 4.0505 0.1438 0.2161 4.4104 
104 0.1000 3.1416 0.1000 1.6453 -0.2969 0.0115 0.2615 0.8763 0.0008 0.0031 62.0000 4.5593 0.1108 0.2439 4.9140 
105 1.7652 3.1416 0.7380 0.1000 0.3906 0.0096 0.2599 0.8674 0.0006 0.0090 49.0000 3.5452 0.1122 0.3426 3.9999 
106 2.5525 1.1335 0.1000 1.4095 -1.4453 0.0465 0.2614 0.8580 0.0005 0.0088 39.0000 2.6570 0.1336 0.2044 2.9950 
107 2.3146 1.3753 0.1000 1.3957 -0.9609 0.0599 0.2578 0.8766 0.0004 0.0097 46.0000 3.3917 0.1270 0.1993 3.7181 
108 2.8391 1.0760 0.1000 1.5805 -1.4922 0.0493 0.2611 0.8817 0.0008 0.0062 38.0000 2.6535 0.1780 0.3680 3.1995 
109 2.8189 0.9418 0.1000 1.2874 -0.6562 0.0088 0.2667 0.8947 0.0008 0.0045 37.0000 2.5276 0.1450 0.4838 3.1564 
110 2.7059 1.2759 0.1000 1.7668 -0.9219 0.0333 0.2605 0.8960 0.0006 0.0049 37.0000 2.5454 0.1178 0.2101 2.8733 
111 2.5672 1.0042 0.4495 1.5913 -1.4922 0.0633 0.2615 0.8964 0.0008 0.0067 28.0000 2.0690 0.1435 0.3360 2.5486 
112 2.4332 0.8878 0.1343 1.6490 -1.0469 0.0710 0.2641 0.9086 0.0010 0.0057 31.0000 2.1590 0.1339 0.2799 2.5728 
113 2.5895 1.1958 0.5458 1.4267 -1.3203 0.0249 0.2685 0.9158 0.0007 0.0062 29.0000 2.0949 0.1354 0.2239 2.4542 
114 2.8219 0.9709 0.5346 1.7133 -1.8281 0.0927 0.2737 0.9253 0.0005 0.0047 26.0000 1.8397 0.1667 0.3366 2.3430 
115 2.8210 0.9372 0.5756 1.7268 -1.7266 0.0963 0.2737 0.9373 0.0010 0.0081 24.0000 1.8907 0.1783 0.4620 2.5310 
116 2.8710 1.0182 0.4732 1.7128 -1.5938 0.0869 0.2770 0.9434 0.0007 0.0048 31.0000 2.1864 0.1665 0.5782 2.9310 
117 2.7513 0.8975 0.6674 1.6738 -1.7422 0.0758 0.2818 0.9497 0.0009 0.0057 28.0000 1.9124 0.1237 0.2767 2.3128 
118 2.7257 0.9962 0.6493 1.7723 -2.0703 0.1188 0.2864 0.9566 0.0006 0.0035 35.0000 2.5308 0.1260 0.2154 2.8721 
119 2.6982 1.0317 0.6820 1.8389 -2.0469 0.1336 0.2874 0.9590 0.0010 0.0040 26.0000 1.9687 0.1588 0.4768 2.6043 
120 2.6971 1.0342 0.6828 1.8433 -2.1250 0.1341 0.2888 0.9619 0.0005 0.0033 34.0000 2.6936 0.1955 0.2713 3.1604 
121 2.6939 1.0507 0.6853 1.8723 -2.1719 0.1364 0.2904 0.9620 0.0007 0.0042 28.0000 2.3247 0.1309 0.2757 2.7313 
122 2.7008 1.0671 0.6807 1.9043 -1.9453 0.1365 0.2927 0.9617 0.0006 0.0039 31.0000 2.4663 0.1093 0.1985 2.7741 
123 2.6303 1.0428 0.7363 1.8221 -2.0547 0.1270 0.2974 0.9634 0.0009 0.0041 38.0000 2.5544 0.1375 0.2907 2.9826 
124 2.6775 0.9647 0.7033 1.8896 -2.0078 0.1472 0.3015 0.9651 0.0007 0.0030 34.0000 2.4428 0.1212 0.2571 2.8211 
125 2.6560 1.1163 0.6904 1.8363 -2.0859 0.1207 0.3059 0.9674 0.0006 0.0034 31.0000 2.2900 0.1363 0.2589 2.6853 
126 2.6666 1.1242 0.6666 1.8578 -2.0547 0.1221 0.3100 0.9686 0.0006 0.0054 31.0000 2.4401 0.1462 0.3899 2.9762 
127 2.6220 1.0595 0.7425 1.8067 -1.8828 0.1220 0.3140 0.9705 0.0009 0.0042 32.0000 2.4296 0.1588 0.2285 2.8168 
128 2.7494 1.0775 0.6539 1.9305 -1.6328 0.1346 0.3182 0.9746 0.0007 0.0036 30.0000 2.2002 0.1386 0.2173 2.5561 
129 2.5802 1.0000 0.6730 1.8136 -2.0625 0.1314 0.3210 0.9801 0.0007 0.0028 27.0000 2.0228 0.1378 0.7113 2.8719 
130 2.6096 0.9935 0.7626 1.7742 -1.8125 0.1171 0.3249 0.9830 0.0006 0.0030 31.0000 2.2642 0.1224 0.3163 2.7030 
131 2.5943 1.0484 0.5964 1.8526 -2.0391 0.1324 0.3288 0.9881 0.0007 0.0031 31.0000 2.1166 0.1700 0.3264 2.6130 
132 2.5958 1.1198 0.6199 1.8207 -1.8984 0.1158 0.3328 0.9916 0.0009 0.0041 32.0000 2.6625 0.1603 0.2378 3.0606 
133 2.6263 0.9546 0.6118 1.8789 -2.1172 0.1507 0.3364 0.9969 0.0007 0.0022 32.0000 2.3898 0.1604 0.5672 3.1174 
134 2.6256 0.9536 0.6108 1.8810 -2.1797 0.1512 0.3399 1.0000 0.0007 0.0029 27.0000 2.0294 0.1705 0.5319 2.7318 
135 2.6243 0.9483 0.6080 1.8870 -2.1250 0.1527 0.3427 1.0021 0.0006 0.0024 31.0000 2.0032 0.1235 0.3237 2.4505 
136 2.6239 0.9480 0.6070 1.8888 -2.0938 0.1530 0.3456 1.0052 0.0010 0.0033 26.0000 1.9877 0.1187 0.2133 2.3197 
137 2.6220 0.9551 0.5997 1.8937 -2.1016 0.1531 0.3486 1.0088 0.0009 0.0057 31.0000 2.1811 0.1220 0.2783 2.5814 
138 2.6288 0.9215 0.6389 1.8780 -2.0547 0.1520 0.3516 1.0124 0.0008 0.0040 25.0000 1.7350 0.1338 0.4569 2.3257 
139 2.6089 0.9977 0.5776 1.9050 -2.1016 0.1473 0.3547 1.0168 0.0009 0.0037 31.0000 2.1683 0.1217 0.3204 2.6104 
140 2.5768 0.9991 0.6018 1.9005 -2.0469 0.1454 0.3578 1.0209 0.0007 0.0040 28.0000 1.9604 0.2406 0.4675 2.6685 
141 2.6745 0.9398 0.5968 1.9163 -2.0703 0.1595 0.3609 1.0257 0.0009 0.0043 32.0000 2.5042 0.1442 0.2058 2.8542 
142 2.5974 0.9233 0.6508 1.8503 -2.2266 0.1444 0.3638 1.0304 0.0000 0.0007 43.0000 3.2173 0.1154 0.2585 3.5912 
143 2.5772 0.8812 0.6743 1.8473 -2.1328 0.1414 0.3664 1.0333 0.0009 0.0023 34.0000 2.4626 0.1302 0.4056 2.9984 
144 2.5257 0.9264 0.6599 1.8506 -1.7656 0.1420 0.3693 1.0383 0.0003 0.0020 36.0000 2.5980 0.2292 0.2615 3.0887 
145 2.7159 0.8816 0.6448 1.9305 -1.8594 0.1614 0.3718 1.0446 0.0008 0.0027 35.0000 2.5722 0.1526 0.4417 3.1665 
146 2.5949 1.0390 0.5461 1.9650 -2.0000 0.1367 0.3746 1.0510 0.0006 0.0034 34.0000 2.4008 0.1237 0.4296 2.9542 
147 2.5566 1.0457 0.6694 1.9722 -1.8828 0.1366 0.3780 1.0576 0.0010 0.0037 31.0000 2.0797 0.1201 0.2824 2.4822 
148 2.6603 0.9506 0.5076 1.8952 -2.1641 0.1505 0.3806 1.0642 0.0006 0.0029 33.0000 2.5829 0.1103 0.3732 3.0664 
149 2.6693 0.9453 0.5054 1.9097 -2.1719 0.1535 0.3834 1.0685 0.0010 0.0045 33.0000 2.3146 0.1220 0.3958 2.8324 
150 2.6801 0.9436 0.5058 1.9255 -2.1406 0.1563 0.3860 1.0729 0.0009 0.0056 32.0000 2.2998 0.1240 0.3349 2.7587 
151 2.6329 0.9765 0.5171 1.8608 -2.0781 0.1409 0.3885 1.0779 0.0008 0.0025 36.0000 2.5421 0.1286 0.7093 3.3800 
152 2.7108 0.9465 0.5222 1.9621 -2.0547 0.1606 0.3911 1.0833 0.0007 0.0036 30.0000 2.1219 0.1306 0.3488 2.6013 
153 2.6466 0.8714 0.5364 1.8699 -2.1875 0.1507 0.3937 1.0896 0.0009 0.0028 35.0000 2.9278 0.1409 0.4219 3.4905 
154 2.6476 0.8691 0.5363 1.8717 -2.1719 0.1512 0.3959 1.0940 0.0009 0.0025 34.0000 2.4589 0.1203 0.2475 2.8267 
155 2.6500 0.8657 0.5364 1.8749 -2.2031 0.1522 0.3980 1.0986 0.0010 0.0041 39.0000 2.9983 0.1192 0.4079 3.5254 
156 2.6529 0.8628 0.5366 1.8785 -2.1562 0.1532 0.4000 1.1030 0.0010 0.0055 42.0000 3.0325 0.1302 0.3494 3.5121 
157 2.6227 0.9045 0.5268 1.8547 -2.1641 0.1451 0.4021 1.1080 0.0008 0.0036 47.0000 3.1869 0.1224 0.5338 3.8432 
158 2.6775 0.8575 0.5382 1.9025 -2.1719 0.1599 0.4042 1.1128 0.0009 0.0044 37.0000 3.0054 0.1202 0.2418 3.3673 
159 2.6798 0.8596 0.5340 1.9085 -2.1875 0.1612 0.4063 1.1181 0.0008 0.0069 37.0000 2.7066 0.1191 0.2483 3.0740 
160 2.6334 0.8865 0.5035 1.9087 -2.1641 0.1570 0.4083 1.1233 0.0008 0.0053 40.0000 2.8307 0.1667 0.6297 3.6271 
161 2.6588 0.8476 0.5606 1.8700 -2.1797 0.1508 0.4104 1.1286 0.0007 0.0037 41.0000 2.8644 0.1468 0.2629 3.2741 
162 2.6971 0.8674 0.5357 1.9227 -2.1406 0.1643 0.4124 1.1338 0.0006 0.0041 39.0000 2.4769 0.2311 0.3708 3.0788 
163 2.6251 0.8748 0.5421 1.8517 -2.1484 0.1452 0.4145 1.1397 0.0009 0.0043 32.0000 2.3314 0.1528 0.3044 2.7886 
164 2.6262 0.8996 0.4963 1.9204 -2.1406 0.1568 0.4164 1.1452 0.0004 0.0031 38.0000 2.7288 0.1391 0.4930 3.3608 
165 2.6716 0.8403 0.5740 1.8777 -2.1172 0.1529 0.4185 1.1511 0.0001 0.0012 44.0000 3.0420 0.1649 0.6343 3.8412 
166 2.7014 0.8925 0.5167 1.9419 -2.0078 0.1652 0.4205 1.1572 0.0007 0.0030 35.0000 2.4470 0.1307 0.3984 2.9761 
167 2.6100 0.9027 0.5370 1.8417 -2.1875 0.1418 0.4224 1.1640 0.0008 0.0030 35.0000 2.7493 0.1822 0.6274 3.5589 
168 2.6080 0.9001 0.5374 1.8422 -2.2109 0.1419 0.4242 1.1691 0.0010 0.0046 34.0000 2.9667 0.1291 0.8114 3.9072 
169 2.6061 0.8965 0.5384 1.8427 -2.2266 0.1421 0.4260 1.1740 0.0010 0.0054 35.0000 3.0393 0.1218 0.4199 3.5811 
170 0.1000 3.1416 3.1416 3.1416 0.0078 0.0156 0.4277 1.1788 0.0009 0.0002 90.0000 6.6665 0.0870 0.3812 7.1347 
171 2.6032 0.8918 0.5394 1.8437 -2.2188 0.1423 0.4270 1.1558 0.0010 0.0046 34.0000 2.6055 0.1775 0.4016 3.1845 
172 2.6021 0.8882 0.5408 1.8439 -2.1953 0.1424 0.4287 1.1606 0.0007 0.0044 36.0000 2.5778 0.1281 0.4363 3.1422 
173 2.5958 0.9017 0.5283 1.8547 -2.0547 0.1442 0.4304 1.1658 0.0008 0.0045 34.0000 2.5439 0.1252 0.4433 3.1124 
174 2.6281 0.8482 0.5750 1.8383 -2.1328 0.1403 0.4323 1.1727 0.0008 0.0024 35.0000 2.9174 0.1449 0.5222 3.5846 
175 2.5852 0.9098 0.5094 1.8921 -2.1953 0.1496 0.4341 1.1788 0.0010 0.0043 36.0000 2.6166 0.1244 0.3437 3.0847 
176 2.6206 0.9352 0.5166 1.8550 -2.2578 0.1430 0.4359 1.1844 0.0008 0.0058 45.0000 3.3969 0.1295 0.4376 3.9640 
177 2.5570 0.8863 0.4885 1.9293 -2.1797 0.1517 0.4374 1.1888 0.0010 0.0035 38.0000 3.0830 0.1236 0.8051 4.0118 
178 2.5569 0.8874 0.4874 1.9307 -2.1641 0.1516 0.4397 1.1956 0.0005 0.0037 37.0000 2.8209 0.1394 0.2762 3.2365 
179 2.5758 0.8082 0.5398 1.8683 -1.9453 0.1455 0.4418 1.2022 0.0009 0.0035 34.0000 2.5164 0.1916 0.4031 3.1111 
180 2.6014 0.9543 0.4616 1.9305 -2.1406 0.1436 0.4433 1.2093 0.0008 0.0031 36.0000 2.5816 0.1211 0.8980 3.6006 
181 2.6099 0.9435 0.4556 1.9482 -2.1875 0.1463 0.4451 1.2158 0.0008 0.0045 35.0000 2.5990 0.1242 0.5155 3.2386 
182 2.5885 0.9670 0.4771 1.8937 -2.1406 0.1395 0.4471 1.2223 0.0005 0.0028 36.0000 2.6864 0.1438 0.7997 3.6299 
183 2.6539 0.8993 0.4413 1.9647 -2.2266 0.1557 0.4487 1.2287 0.0007 0.0038 33.0000 2.5512 0.1798 0.8415 3.5725 
184 2.6531 0.9001 0.4417 1.9667 -2.1328 0.1557 0.4508 1.2356 0.0008 0.0046 35.0000 2.5421 0.1229 0.3882 3.0532 
185 2.5736 0.9321 0.4771 1.9674 -2.0312 0.1478 0.4525 1.2425 0.0007 0.0037 34.0000 2.8442 0.1767 0.8122 3.8332 
186 2.6964 0.8558 0.4413 1.9274 -2.2266 0.1567 0.4539 1.2493 0.0007 0.0031 36.0000 2.5845 0.1316 0.4774 3.1935 
187 2.6972 0.8549 0.4413 1.9290 -2.2266 0.1571 0.4557 1.2558 0.0006 0.0027 32.0000 2.5128 0.1326 0.4811 3.1265 
188 2.6981 0.8540 0.4414 1.9307 -2.2422 0.1574 0.4573 1.2621 0.0008 0.0040 35.0000 2.4209 0.1216 0.8127 3.3552 
189 2.6989 0.8535 0.4415 1.9322 -2.1484 0.1577 0.4587 1.2683 0.0010 0.0048 33.0000 2.6615 0.2150 0.6990 3.5755 
190 2.6826 0.9198 0.4485 1.9040 -2.2031 0.1489 0.4602 1.2750 0.0007 0.0033 37.0000 2.6886 0.1205 0.6147 3.4238 
191 2.6891 0.8305 0.4457 1.9296 -2.1719 0.1583 0.4616 1.2809 0.0008 0.0072 34.0000 2.4665 0.1354 0.4395 3.0414 
192 2.7073 0.9140 0.4538 1.9585 -2.0312 0.1576 0.4630 1.2875 0.0007 0.0036 36.0000 2.6483 0.1344 1.3346 4.1172 
193 2.6529 0.8071 0.4558 1.8994 -2.1328 0.1511 0.4643 1.2946 0.0009 0.0037 33.0000 2.6563 0.1752 0.4549 3.2865 
194 2.6544 0.9233 0.4584 1.8687 -2.1641 0.1423 0.4657 1.3014 0.0006 0.0019 39.0000 3.0475 0.1472 0.3479 3.5425 
195 2.6543 0.9236 0.4581 1.8690 -2.1797 0.1423 0.4671 1.3078 0.0006 0.0023 40.0000 3.0685 0.1111 0.3344 3.5141 
196 2.6270 0.8143 0.4535 1.9339 -2.2500 0.1579 0.4684 1.3140 0.0010 0.0077 37.0000 2.6629 0.1252 0.3078 3.0959 
197 2.6254 0.8155 0.4534 1.9368 -2.2031 0.1584 0.4699 1.3206 0.0009 0.0043 35.0000 2.5126 0.1166 0.3605 2.9896 
198 2.6730 0.7968 0.4696 1.9066 -2.1562 0.1544 0.4712 1.3273 0.0008 0.0049 36.0000 2.4883 0.1555 0.2630 2.9068 
199 2.6091 0.8517 0.4561 1.9715 -2.1719 0.1602 0.4725 1.3341 0.0010 0.0047 33.0000 2.3769 0.1367 0.5000 3.0136 
200 2.6684 0.8471 0.5027 1.9837 -2.1094 0.1722 0.4739 1.3410 0.0010 0.0053 38.0000 2.8860 0.1198 0.3010 3.3068 
201 2.6330 0.8567 0.4409 1.8748 -2.2109 0.1431 0.4753 1.3480 0.0009 0.0042 40.0000 2.9941 0.1437 0.3258 3.4636 
202 2.6323 0.8553 0.4407 1.8752 -2.2109 0.1432 0.4764 1.3541 0.0006 0.0038 37.0000 2.7937 0.1204 0.8855 3.7995 
203 2.5943 0.8628 0.4325 1.9177 -2.1953 0.1477 0.4775 1.3603 0.0008 0.0047 33.0000 2.5700 0.1215 0.4694 3.1608 
204 2.6541 0.8186 0.4563 1.8711 -2.1719 0.1435 0.4788 1.3668 0.0008 0.0030 36.0000 2.8757 0.1290 0.6203 3.6250 
205 2.5950 0.8759 0.4254 1.9387 -2.1328 0.1479 0.4799 1.3734 0.0006 0.0042 36.0000 2.7954 0.1236 0.3624 3.2814 
206 2.6827 0.7981 0.4725 1.8865 -2.1250 0.1487 0.4811 1.3804 0.0008 0.0046 38.0000 2.9218 0.1258 0.4191 3.4667 
207 2.6479 0.9088 0.4449 1.8775 -2.2109 0.1431 0.4823 1.3874 0.0004 0.0020 42.0000 2.9658 0.1350 0.3050 3.4059 
208 2.6479 0.9092 0.4445 1.8780 -2.2031 0.1431 0.4834 1.3935 0.0008 0.0031 41.0000 3.0202 0.1222 0.2923 3.4347 
209 2.6678 0.8985 0.4074 1.9588 -2.1172 0.1498 0.4845 1.3998 0.0005 0.0042 34.0000 2.5157 0.1239 0.5604 3.2000 
210 2.5754 0.8463 0.4637 1.8999 -2.1484 0.1484 0.4856 1.4069 0.0009 0.0026 42.0000 3.2816 0.1372 0.9348 4.3536 
211 2.6503 0.8982 0.4567 1.8610 -2.1641 0.1415 0.4867 1.4138 0.0008 0.0028 36.0000 2.6640 0.1855 0.6080 3.4576 
212 2.7249 0.8201 0.4719 1.9228 -2.0625 0.1593 0.4879 1.4206 0.0008 0.0044 38.0000 3.4622 0.1244 0.5982 4.1848 
213 2.5641 0.8766 0.4584 1.9325 -2.1641 0.1495 0.4889 1.4279 0.0007 0.0037 35.0000 2.7371 0.1251 0.5824 3.4446 
214 2.6257 0.9223 0.4540 1.8726 -2.2031 0.1412 0.4900 1.4349 0.0008 0.0024 40.0000 3.5874 0.2595 0.3998 4.2466 
215 2.6254 0.9231 0.4535 1.8735 -2.2188 0.1412 0.4910 1.4412 0.0008 0.0034 37.0000 2.7220 0.1294 0.6240 3.4754 
216 2.6254 0.9265 0.4521 1.8776 -2.1953 0.1415 0.4920 1.4474 0.0006 0.0041 38.0000 3.1103 0.1192 0.5005 3.7300 
217 2.6098 0.9231 0.4296 1.9657 -2.1562 0.1455 0.4930 1.4538 0.0009 0.0043 36.0000 2.6066 0.1148 0.2853 3.0067 
218 2.5989 0.8495 0.4664 1.8591 -1.9453 0.1406 0.4941 1.4610 0.0007 0.0041 36.0000 2.6167 0.1352 0.4274 3.1793 
219 2.6718 0.9385 0.4503 1.9748 -2.1562 0.1525 0.4952 1.4695 0.0007 0.0033 39.0000 2.7608 0.1272 0.3756 3.2637 
220 2.6362 0.9007 0.4907 1.9947 -2.2266 0.1630 0.4963 1.4766 0.0004 0.0025 46.0000 2.8152 0.1192 0.3072 3.2417 
221 2.6648 0.9318 0.4539 1.9879 -2.2109 0.1541 0.4976 1.4840 0.0009 0.0074 37.0000 2.4568 0.1595 0.2646 2.8809 
222 2.6299 0.8933 0.4966 1.9930 -2.1953 0.1643 0.4989 1.4913 0.0007 0.0038 38.0000 2.2552 0.1200 0.3615 2.7367 
223 2.6758 0.9461 0.4508 1.9520 -2.0000 0.1506 0.5000 1.4985 0.0010 0.0053 34.0000 2.1637 0.1310 0.4149 2.7096 
224 2.6033 0.8598 0.5098 1.9766 -2.1484 0.1665 0.5007 1.5062 0.0007 0.0031 44.0000 3.1258 0.1224 0.2903 3.5384 
225 2.5658 0.8829 0.4625 1.9748 -2.1719 0.1522 0.5017 1.5134 0.0008 0.0058 41.0000 2.4721 0.1107 0.4097 2.9925 
226 2.6454 0.8446 0.3819 1.9894 -2.2812 0.1505 0.5028 1.5208 0.0008 0.0037 36.0000 2.5138 0.1156 0.2787 2.9081 
227 2.6626 0.8290 0.3448 2.0097 -2.1406 0.1445 0.5042 1.5289 0.0010 0.0038 32.0000 2.1822 0.1258 0.3285 2.6365 
228 2.5820 0.8700 0.3672 2.0220 -2.1406 0.1346 0.5056 1.5375 0.0008 0.0044 36.0000 2.6574 0.1709 0.5167 3.3450 
229 2.7389 0.8293 0.3744 2.0011 -1.9141 0.1538 0.5070 1.5459 0.0008 0.0038 31.0000 2.3234 0.1261 0.5132 2.9628 
230 2.5212 0.9055 0.4259 1.9869 -2.0469 0.1337 0.5076 1.5527 0.0009 0.0035 32.0000 2.2524 0.1411 0.4686 2.8620 
231 2.5803 0.7651 0.4589 1.9478 -2.1953 0.1569 0.5085 1.5602 0.0001 0.0012 45.0000 3.3445 0.1326 0.5290 4.0061 
232 2.6115 0.8071 0.5178 1.9882 -1.8984 0.1724 0.5097 1.5679 0.0008 0.0032 51.0000 3.0705 0.1303 0.4288 3.6296 
233 2.5715 0.9687 0.3950 1.9804 -1.8828 0.1230 0.5101 1.5742 0.0009 0.0039 35.0000 2.2826 0.1286 0.3200 2.7312 
234 2.6353 0.7464 0.4039 1.8932 -1.9766 0.1374 0.5099 1.5809 0.0007 0.0026 45.0000 3.4084 0.1790 0.5397 4.1271 
235 2.7559 0.8693 0.5091 2.0073 -1.7109 0.1694 0.5108 1.5887 0.0010 0.0040 40.0000 2.6383 0.1106 0.4379 3.1867 
236 0.1000 1.5691 1.6032 0.1000 0.0000 0.0121 0.5090 1.5928 0.0009 0.0071 51.0000 3.3748 0.1315 0.3698 3.8761 
237 2.5137 0.8683 0.4729 1.8810 -1.6797 0.1407 0.5093 1.5598 0.0008 0.0027 48.0000 3.5334 0.1126 0.3049 3.9508 
238 2.6827 0.8959 0.3883 1.8788 -2.1172 0.1364 0.5082 1.5664 0.0010 0.0033 53.0000 3.2885 0.1181 0.3727 3.7793 
239 2.6884 0.8120 0.2891 1.9522 -2.1094 0.1285 0.5091 1.5736 0.0006 0.0047 50.0000 3.3306 0.1205 0.3948 3.8459 
240 2.6718 0.9448 0.4150 1.8854 -2.0547 0.1376 0.5102 1.5817 0.0009 0.0030 62.0000 4.0296 0.1565 0.3578 4.5438 
241 2.6169 0.8186 0.2408 2.0356 -1.9766 0.1084 0.5111 1.5895 0.0009 0.0056 45.0000 3.1149 0.1283 0.5178 3.7610 
242 2.7033 0.7506 0.4295 1.8625 -2.0391 0.1308 0.5125 1.5986 0.0010 0.0040 48.0000 2.9451 0.1176 0.4585 3.5212 
243 2.6820 0.9938 0.3940 2.0378 -1.5000 0.1243 0.5134 1.6063 0.0008 0.0037 47.0000 3.6722 0.1290 0.3698 4.1710 
244 2.6384 0.7437 0.4975 1.8458 -2.0234 0.1289 0.5085 1.6056 0.0009 0.0036 52.0000 3.2557 0.1150 0.3630 3.7337 
245 2.5767 0.7226 0.3827 1.9283 -1.9141 0.1383 0.5092 1.6131 0.0005 0.0029 40.0000 2.7242 0.1148 0.3018 3.1408 
246 2.6638 0.8713 0.4422 1.8319 -2.0781 0.1323 0.5099 1.6207 0.0009 0.0020 50.0000 3.6476 0.1260 0.4059 4.1795 
247 2.7113 0.7674 0.5738 1.8923 -1.9609 0.1496 0.5107 1.6283 0.0009 0.0034 46.0000 3.1778 0.1113 0.3205 3.6096 
248 2.6504 0.8830 0.4356 1.8340 -2.0938 0.1321 0.5110 1.6355 0.0009 0.0023 54.0000 3.8904 0.1322 0.4771 4.4997 
249 2.6228 0.9269 0.4688 1.8311 -2.0469 0.1333 0.5118 1.6429 0.0008 0.0028 59.0000 4.2939 0.1133 0.3244 4.7316 
226 2.6454 0.8446 0.3819 1.9894 -2.2812 0.1505 0.5028 1.5208 0.0008 0.0037 36.0000 2.5138 0.1156 0.2787 2.9081 
