0 3.0145 0.5269 0.1718 3.1374 0.6604 0.4668 2.0814 1.1513 1.0703 0.0001 0.0351 0.9116 0.0000 0.0000 0.0000 0.0000 0.0000 0.0000 0.0000 
1 2.8057 0.8049 3.0184 1.0716 1.9284 2.9350 2.1843 2.9100 -0.8125 0.0216 0.0351 0.9116 0.0000 0.0000 0.0000 0.0000 0.0000 0.0000 0.0000 
2 2.2538 0.2473 2.7808 1.8932 1.0450 0.6783 2.6848 1.8727 -1.0547 0.0211 0.0351 0.9116 0.0000 0.0000 0.0000 0.0000 0.0000 0.0000 0.0000 
3 2.9530 2.4540 3.0236 1.8225 2.2242 1.9624 0.8860 3.0099 -0.5859 0.0025 0.0351 0.9116 0.0000 0.0000 0.0000 0.0000 0.0000 0.0000 0.0000 
4 1.0504 2.4758 3.0036 2.0797 0.5326 2.6100 2.1303 0.6628 -0.4062 0.0199 0.0351 0.9116 0.0000 0.0000 0.0000 0.0000 0.0000 0.0000 0.0000 
5 0.2494 1.7176 0.1981 2.9137 1.6399 1.6735 1.3454 2.1105 1.8359 0.0050 0.0351 0.9116 0.0000 0.0000 0.0000 0.0000 0.0000 0.0000 0.0000 
6 2.8875 1.0347 1.2369 1.8720 1.0043 1.9117 1.7520 1.4184 -1.3438 0.0280 0.0351 0.9116 0.0000 0.0000 0.0000 0.0000 0.0000 0.0000 0.0000 
7 2.1477 1.7067 0.3680 3.1309 1.1819 1.4132 1.3252 2.9272 0.1562 0.0016 0.0351 0.9116 0.0000 0.0000 0.0000 0.0000 0.0000 0.0000 0.0000 
8 2.9961 1.6573 1.3186 0.3937 2.8237 0.6213 1.7626 1.1619 0.3438 0.0249 0.0351 0.9116 0.0000 0.0000 0.0000 0.0000 0.0000 0.0000 0.0000 
9 1.0985 1.1865 0.6817 0.2125 1.7286 2.5208 2.0681 0.7129 -0.7109 0.0341 0.0351 0.9116 0.0000 0.0000 0.0000 0.0000 0.0000 0.0000 0.0000 
10 2.2098 0.2584 1.3493 2.6187 2.9014 1.5009 2.6748 1.6163 2.2734 0.0026 0.0351 0.9116 0.0000 0.0000 0.0000 0.0000 0.0000 0.0000 0.0000 
11 1.6937 1.8779 3.1151 2.3620 1.5388 2.3120 2.0566 1.1760 0.7578 0.0295 0.0351 0.9116 0.0000 0.0000 0.0000 0.0000 0.0000 0.0000 0.0000 
12 2.4851 2.5935 1.9505 2.9674 0.1553 1.6208 2.0301 1.1359 -1.0078 0.0091 0.0351 0.9116 0.0000 0.0000 0.0000 0.0000 0.0000 0.0000 0.0000 
13 0.6213 2.2050 1.4213 0.9182 0.2273 3.0416 1.1715 0.4592 -0.0938 0.0588 0.0351 0.9116 0.0000 0.0000 0.0000 0.0000 0.0000 0.0000 0.0000 
14 0.7580 0.8754 2.7346 0.6495 0.9406 0.3961 1.5294 0.7318 -0.4609 0.0247 0.0351 0.9116 0.0000 0.0000 0.0000 0.0000 0.0000 0.0000 0.0000 
15 1.1467 2.3353 2.9137 2.6372 0.2164 1.2490 2.6821 0.2003 -0.0391 0.0123 0.0351 0.9116 0.0000 0.0000 0.0000 0.0000 0.0000 0.0000 0.0000 
16 0.7181 1.5904 1.2632 2.3821 2.2843 1.5127 0.8574 0.8018 -0.5078 0.0015 0.0351 0.9116 0.0000 0.0000 0.0000 0.0000 0.0000 0.0000 0.0000 
17 0.9099 0.2983 2.1250 0.5799 2.8052 2.0647 0.2727 1.6170 -0.4844 0.0129 0.0351 0.9116 0.0000 0.0000 0.0000 0.0000 0.0000 0.0000 0.0000 
18 1.9361 0.2285 1.5804 0.1908 2.4307 0.1124 2.0223 3.0976 -0.8984 0.0137 0.0351 0.9116 0.0000 0.0000 0.0000 0.0000 0.0000 0.0000 0.0000 
19 2.6743 0.8097 1.7259 0.5254 1.1411 2.7275 2.5872 0.1277 0.0938 0.0024 0.0351 0.9116 0.0000 0.0000 0.0000 0.0000 0.0000 0.0000 0.0000 
20 1.2554 2.0473 0.6337 2.5413 2.8164 1.7771 1.2013 2.6808 0.2734 0.0274 0.0351 0.9116 0.0000 0.0000 0.0000 0.0000 0.0000 0.0000 0.0000 
21 1.6598 0.6729 0.9449 0.5840 2.6510 1.6508 2.2190 2.5861 -0.2500 0.0087 0.0351 0.9116 0.0000 0.0000 0.0000 0.0000 0.0000 0.0000 0.0000 
22 3.0618 0.6794 1.3340 2.7590 2.4167 1.2763 2.0946 0.6931 0.0312 0.0014 0.0351 0.9116 0.0000 0.0000 0.0000 0.0000 0.0000 0.0000 0.0000 
23 0.5920 0.2539 1.2549 0.8177 1.6746 3.0488 0.5650 1.7963 0.0234 0.0046 0.0351 0.9116 0.0000 0.0000 0.0000 0.0000 0.0000 0.0000 0.0000 
24 2.7299 1.9201 1.7035 2.4353 0.1664 2.9851 2.1880 2.5535 0.4766 0.0070 0.0351 0.9116 0.0000 0.0000 0.0000 0.0000 0.0000 0.0000 0.0000 
25 2.6100 0.3998 0.3026 0.6425 1.6353 2.9541 2.8657 1.3531 -1.6797 0.1038 0.0351 0.9116 0.0000 0.0000 0.0000 0.0000 0.0000 0.0000 0.0000 
26 1.9931 2.3503 1.1110 3.0519 2.9645 2.3111 2.8418 2.5358 -0.1641 0.0537 0.0351 0.9116 0.0000 0.0000 0.0000 0.0000 0.0000 0.0000 0.0000 
27 2.0838 1.0774 0.9558 0.8254 0.2745 2.9161 1.0074 0.1726 -0.5391 0.0329 0.0351 0.9116 0.0000 0.0000 0.0000 0.0000 0.0000 0.0000 0.0000 
28 1.0614 0.4138 1.4540 1.1105 0.6337 1.5501 1.3618 1.1769 0.6094 0.0061 0.0351 0.9116 0.0000 0.0000 0.0000 0.0000 0.0000 0.0000 0.0000 
29 2.5736 1.0331 1.7462 2.7703 3.0171 1.2398 0.2232 2.9909 -1.3047 0.0389 0.0351 0.9116 0.0000 0.0000 0.0000 0.0000 0.0000 0.0000 0.0000 
30 1.6638 0.7618 0.4899 0.8270 1.0444 0.5220 0.2491 3.1246 -0.1172 0.0138 0.0351 0.9116 0.0000 0.0000 0.0000 0.0000 0.0000 0.0000 0.0000 
31 2.5949 0.4447 1.5622 2.5375 1.6344 0.3105 1.1331 1.2579 -0.4219 0.0134 0.0351 0.9116 0.0000 0.0000 0.0000 0.0000 0.0000 0.0000 0.0000 
32 2.8816 1.8729 1.4960 2.0182 0.2479 2.1871 2.5576 2.1401 -0.3438 0.0032 0.0351 0.9116 0.0000 0.0000 0.0000 0.0000 0.0000 0.0000 0.0000 
33 1.1976 0.9698 0.1309 0.3495 0.5701 1.4787 2.4672 0.7604 -0.0859 0.0285 0.0351 0.9116 0.0000 0.0000 0.0000 0.0000 0.0000 0.0000 0.0000 
34 1.5367 2.0341 2.0146 0.1624 2.9000 1.8802 1.0224 0.8279 -0.7578 0.0022 0.0351 0.9116 0.0000 0.0000 0.0000 0.0000 0.0000 0.0000 0.0000 
35 2.1956 2.9371 1.1260 1.3108 1.7945 0.6321 1.3345 2.8909 -0.8672 0.0554 0.0351 0.9116 0.0000 0.0000 0.0000 0.0000 0.0000 0.0000 0.0000 
36 1.7923 2.6033 0.8965 2.7422 2.4805 0.7857 1.7120 2.1741 -0.0859 0.0033 0.0351 0.9116 0.0000 0.0000 0.0000 0.0000 0.0000 0.0000 0.0000 
37 1.8424 1.9309 0.8302 1.7848 1.1784 2.5271 1.2336 3.0791 0.2266 0.0146 0.0351 0.9116 0.0000 0.0000 0.0000 0.0000 0.0000 0.0000 0.0000 
38 1.8657 0.7927 1.3645 0.4896 2.3398 0.2397 1.9400 1.0368 0.1250 0.0094 0.0351 0.9116 0.0000 0.0000 0.0000 0.0000 0.0000 0.0000 0.0000 
39 2.4635 0.4857 2.1696 2.2717 0.8091 0.4962 1.2331 2.0740 -0.0859 0.0190 0.0351 0.9116 0.0000 0.0000 0.0000 0.0000 0.0000 0.0000 0.0000 
40 2.2395 2.9458 1.1537 1.2595 1.7779 0.6776 1.3359 2.8966 -0.8125 0.0390 0.0351 0.9116 0.0008 0.0324 100.0000 13.1873 0.2272 0.2327 13.6472 
41 2.6824 1.0960 1.9091 2.6852 2.9801 1.2338 0.1401 3.0277 -1.4922 0.0360 0.1872 0.9151 0.0000 0.0091 96.0000 12.9050 0.1901 0.2224 13.3175 
42 2.7089 1.1423 1.8984 2.6077 3.0586 1.1660 0.1000 3.1306 -1.4219 0.0386 0.2302 0.8879 0.0001 0.0220 100.0000 15.0793 0.2046 0.2439 15.5278 
43 2.8014 1.1586 1.9959 2.7340 2.9914 1.3426 0.1000 3.0380 -1.2266 0.0293 0.2557 0.8625 0.0004 0.0308 100.0000 14.3944 0.2062 0.2582 14.8587 
44 2.5981 1.0349 1.9417 2.5453 2.9079 1.0601 0.1000 3.0175 -0.7969 0.0246 0.2719 0.8490 0.0004 0.0095 57.0000 8.2053 0.1781 0.2288 8.6123 
45 2.7386 1.1982 1.7573 2.7428 3.1416 1.2977 0.1832 3.1416 -1.5078 0.0447 0.2493 0.8504 0.0009 0.0098 66.0000 9.5230 0.1754 0.2282 9.9267 
46 2.8188 1.1631 1.7046 2.8461 3.1416 1.2457 0.1000 3.1416 -1.5781 0.0504 0.2753 0.8362 0.0006 0.0156 100.0000 14.8376 0.1783 0.2525 15.2684 
47 2.8708 1.1690 1.6255 2.7682 3.1416 1.3389 0.1000 3.1416 -1.3516 0.0367 0.2990 0.8245 0.0007 0.0098 98.0000 13.8634 0.1628 0.2051 14.2314 
48 2.7335 1.2664 1.8054 2.9501 3.1416 1.2020 0.1539 3.1416 -1.5078 0.0457 0.3125 0.8197 0.0007 0.0090 66.0000 8.9877 0.1794 0.2135 9.3806 
49 2.6368 0.4103 0.2576 0.6103 1.6147 2.9914 2.8495 1.3791 -1.8047 0.1023 0.3333 0.8152 0.0005 0.0085 57.0000 9.0584 0.1831 0.3696 9.6111 
50 2.6807 0.4218 0.1914 0.5619 1.5884 3.0478 2.8294 1.4163 -1.7734 0.0928 0.3496 0.8120 0.0004 0.0086 52.0000 7.8475 0.1863 0.2754 8.3092 
51 2.6982 0.4214 0.1708 0.5438 1.5834 3.0674 2.8279 1.4266 -1.6641 0.0872 0.3693 0.8060 0.0003 0.0085 55.0000 8.2097 0.1768 0.2193 8.6058 
52 2.6218 0.3849 0.1645 0.5056 1.6322 3.0908 2.9166 1.3974 -1.5547 0.0698 0.3822 0.8013 0.0001 0.0099 64.0000 9.4097 0.2034 0.2962 9.9093 
53 2.7750 0.4577 0.2380 0.6417 1.5348 2.9854 2.7266 1.4348 -1.2500 0.0997 0.3941 0.8010 0.0003 0.0090 45.0000 6.4162 0.1852 0.2978 6.8992 
54 2.4678 0.3744 0.2077 0.5060 1.7014 3.0682 2.9855 1.3384 -1.1953 0.0686 0.3931 0.8011 0.0002 0.0079 47.0000 7.1683 0.1804 0.2547 7.6034 
55 2.8777 0.2367 0.2216 0.5672 1.5690 3.0250 2.9907 1.4506 -0.5156 0.0430 0.3926 0.8021 0.0003 0.0100 53.0000 8.2580 0.1928 0.2617 8.7125 
56 2.9591 1.1218 1.8295 3.0246 3.1416 1.1406 0.3004 3.1416 -1.1875 0.0573 0.3237 0.8206 0.0003 0.0096 80.0000 11.2930 0.1824 0.2469 11.7224 
57 2.5131 0.5640 0.2003 0.5884 1.6211 3.0384 2.7100 1.3656 -1.9375 0.1103 0.3351 0.8267 0.0007 0.0074 58.0000 8.8532 0.2164 0.2331 9.3027 
58 2.4638 0.6332 0.1792 0.5855 1.6260 3.0558 2.6466 1.3555 -1.6484 0.1030 0.3558 0.8289 0.0006 0.0089 57.0000 8.4217 0.1783 0.2342 8.8342 
59 2.4674 0.6846 0.2596 0.4893 1.6338 3.0351 2.6670 1.4563 -1.7812 0.1121 0.3676 0.8237 0.0001 0.0144 100.0000 14.5525 0.1878 0.2340 14.9742 
60 2.5056 0.6365 0.1273 0.5209 1.7189 3.1019 2.5550 1.2937 -1.4609 0.0943 0.3861 0.8254 0.0002 0.0099 79.0000 11.8177 0.2320 0.2390 12.2887 
61 2.4024 0.6710 0.2368 0.6261 1.4790 3.0238 2.7677 1.4732 -1.9297 0.0787 0.3891 0.8277 0.0006 0.0098 68.0000 9.7711 0.2049 0.2773 10.2533 
62 2.6535 1.7201 1.7353 2.9047 3.1416 1.4190 0.1000 3.1416 1.0938 0.0076 0.4046 0.8299 0.0003 0.0093 95.0000 14.3157 0.1744 0.3679 14.8579 
63 2.4695 0.5931 0.2421 0.6082 1.5382 3.0146 2.7810 1.4456 -2.0078 0.1036 0.2615 0.8777 0.0010 0.0077 62.0000 9.5468 0.1956 0.2554 9.9978 
64 2.4459 0.5918 0.2472 0.6282 1.5214 3.0005 2.7922 1.4719 -2.0000 0.0918 0.2722 0.8820 0.0009 0.0089 56.0000 8.6940 0.1772 0.2721 9.1433 
65 2.4348 0.5945 0.2456 0.6371 1.5161 2.9976 2.7919 1.4816 -1.9531 0.0860 0.2826 0.8865 0.0008 0.0084 69.0000 9.2584 0.1741 0.2816 9.7141 
66 2.4332 0.6162 0.2420 0.6575 1.5218 3.0060 2.8033 1.4900 -1.8906 0.0777 0.2925 0.8917 0.0004 0.0096 58.0000 8.0263 0.1802 0.2290 8.4356 
67 2.4166 0.5835 0.2543 0.5935 1.4612 2.9901 2.7702 1.4539 -2.0391 0.1008 0.3016 0.8979 0.0009 0.0093 59.0000 8.2595 0.2183 0.3717 8.8495 
68 2.3909 0.5783 0.2542 0.5835 1.4245 2.9833 2.7593 1.4571 -2.0703 0.1000 0.3116 0.9011 0.0008 0.0086 61.0000 8.9623 0.1765 0.2228 9.3615 
69 1.0600 2.9458 2.3205 0.1000 3.1416 2.1139 0.1423 0.1000 -0.7422 0.0020 0.3216 0.9041 0.0000 0.0096 90.0000 13.1204 0.1917 0.2697 13.5819 
70 2.3652 0.5753 0.2512 0.5751 1.3887 2.9799 2.7491 1.4631 -1.9453 0.0988 0.3203 0.8979 0.0008 0.0096 68.0000 9.9721 0.1804 0.2483 10.4007 
71 2.3617 0.5821 0.2976 0.6077 1.3893 3.0585 2.7490 1.4726 -1.8438 0.1043 0.3290 0.9015 0.0005 0.0096 71.0000 10.2711 0.1785 0.2508 10.7004 
72 2.3916 0.6364 0.1848 0.5756 1.4336 2.8940 2.7906 1.4651 -1.6406 0.0706 0.3363 0.9065 0.0009 0.0072 70.0000 10.1463 0.1781 0.2247 10.5491 
73 2.3810 0.5507 0.3341 0.6521 1.4939 3.1023 2.7228 1.5142 -2.0547 0.0995 0.3409 0.9140 0.0008 0.0097 60.0000 8.5295 0.1796 0.2743 8.9833 
74 2.3700 0.5553 0.3372 0.6612 1.4905 3.1177 2.7194 1.5284 -1.8516 0.0942 0.3499 0.9166 0.0010 0.0093 66.0000 10.2503 0.1842 0.2252 10.6597 
75 2.4158 0.6470 0.3570 0.6460 1.4450 3.1271 2.7876 1.4277 -2.0391 0.1129 0.3565 0.9219 0.0009 0.0099 61.0000 8.6326 0.2723 0.2491 9.1540 
76 2.4092 0.6685 0.3550 0.6564 1.4344 3.1416 2.7956 1.4339 -2.0391 0.1043 0.3652 0.9245 0.0008 0.0085 60.0000 8.5906 0.2181 0.2663 9.0751 
77 2.4035 0.6869 0.3581 0.6637 1.4288 3.1416 2.8019 1.4418 -2.0781 0.0978 0.3726 0.9285 0.0006 0.0082 61.0000 9.6371 0.1771 0.3084 10.1226 
78 2.3978 0.7087 0.3629 0.6710 1.4216 3.1416 2.8097 1.4494 -1.9375 0.0908 0.3795 0.9329 0.0009 0.0076 55.0000 8.1497 0.1704 0.4481 8.7681 
79 2.3776 0.6457 0.3045 0.7289 1.4071 3.1416 2.7782 1.4040 -1.8047 0.0761 0.3851 0.9390 0.0009 0.0088 71.0000 9.9464 0.2150 0.2871 10.4486 
80 2.4034 0.6847 0.4036 0.5532 1.4516 3.1288 2.7887 1.5278 -1.9453 0.1218 0.3898 0.9467 0.0009 0.0074 57.0000 8.2258 0.1980 0.2443 8.6681 
81 2.3899 0.7194 0.3477 0.5849 1.4492 3.1416 2.8068 1.5892 -2.0547 0.0875 0.3964 0.9517 0.0006 0.0096 61.0000 9.0645 0.1856 0.2445 9.4947 
82 2.3798 0.7329 0.3453 0.5852 1.4427 3.1416 2.8080 1.6039 -2.0000 0.0801 0.4041 0.9562 0.0006 0.0097 68.0000 9.7597 0.1709 0.2504 10.1810 
83 2.3836 0.7215 0.3602 0.5266 1.3895 3.1416 2.7798 1.5733 -1.8984 0.1063 0.4100 0.9621 0.0004 0.0099 93.0000 13.4000 0.1772 0.2131 13.7903 
84 2.3613 0.7315 0.3562 0.6798 1.5190 3.1416 2.8268 1.5854 -1.9453 0.0538 0.4146 0.9695 0.0007 0.0098 60.0000 8.8167 0.1758 0.2370 9.2295 
85 2.3794 0.6968 0.4664 0.6144 1.4886 3.0649 2.7796 1.5153 -1.7266 0.0933 0.4202 0.9760 0.0006 0.0096 53.0000 8.6256 0.2158 0.2648 9.1062 
86 2.3811 0.6915 0.1956 0.6345 1.4004 3.1416 2.7996 1.5692 -1.7188 0.0603 0.4240 0.9845 0.0009 0.0087 62.0000 8.9999 0.1652 0.3326 9.4978 
87 2.3558 0.6340 0.3645 0.4945 1.4025 3.1416 2.7823 1.4120 -1.8359 0.1346 0.4265 0.9942 0.0007 0.0098 71.0000 10.0817 0.1687 0.3721 10.6225 
88 2.4657 0.8383 0.3247 0.6589 1.4702 3.1416 2.8692 1.4545 -1.6328 0.0789 0.4314 1.0021 0.0006 0.0096 70.0000 9.9980 0.1772 0.3387 10.5139 
89 2.3206 0.5382 0.3534 0.6072 1.4555 3.1416 2.6687 1.6055 -1.8203 0.0937 0.4334 1.0126 0.0009 0.0080 67.0000 10.6576 0.1695 0.2357 11.0628 
90 2.6178 0.1000 3.1416 1.4729 0.6120 0.2077 3.1416 2.2614 1.4609 0.0068 0.4373 1.0202 0.0001 0.0100 84.0000 12.3896 0.1940 0.2608 12.8444 
91 2.4687 0.6022 0.3782 0.6251 1.3871 3.1416 2.6576 1.5059 -2.0156 0.1351 0.4135 1.0558 0.0008 0.0089 65.0000 9.2996 0.1872 0.2476 9.7344 
92 2.4563 0.6193 0.3838 0.6513 1.3589 3.1416 2.6291 1.5186 -1.9844 0.1228 0.4190 1.0638 0.0007 0.0098 59.0000 8.9861 0.1650 0.2129 9.3641 
93 2.4309 0.6164 0.4174 0.6933 1.3965 3.0463 2.6449 1.5196 -1.6875 0.0860 0.4241 1.0726 0.0005 0.0086 59.0000 8.4533 0.1760 0.2556 8.8848 
94 3.1416 3.1416 1.8708 3.1396 0.1000 1.4467 1.7335 0.6219 0.8828 0.0106 0.4262 1.0832 0.0001 0.0111 100.0000 15.2904 0.1828 0.2630 15.7361 
95 0.1000 3.1416 3.1416 0.1000 3.1416 0.1000 3.1416 3.1416 0.0078 0.0156 0.4146 1.0907 0.0027 0.0230 100.0000 15.9126 0.1485 0.2262 16.2873 
96 2.4463 0.5671 0.3057 0.5268 1.4386 3.1416 2.7526 1.5077 -1.8516 0.1270 0.4123 1.0757 0.1294 0.1465 100.0000 14.4536 0.1784 0.2494 14.8814 
97 0.1000 3.1416 3.1416 0.1000 3.1416 0.1000 0.1000 0.1000 0.4062 0.0091 0.4172 1.0862 0.0022 0.0159 100.0000 14.3629 0.1610 0.2166 14.7406 
98 2.2774 0.5362 0.3005 0.6758 1.4681 3.1416 2.7679 1.4377 -1.5703 0.0934 0.4171 1.0767 0.0008 0.0096 66.0000 9.8412 0.1804 0.2269 10.2485 
99 2.5120 0.6968 0.3329 0.5061 1.4117 3.1416 2.7004 1.6095 -2.1484 0.1197 0.4178 1.0899 0.0007 0.0083 52.0000 8.3486 0.1990 0.2707 8.8183 
100 2.5179 0.7577 0.3413 0.4239 1.3542 3.1416 2.6513 1.7011 -2.1719 0.0975 0.4229 1.0985 0.0008 0.0098 58.0000 8.1874 0.1600 0.3060 8.6533 
101 2.5211 0.7879 0.3431 0.3842 1.3281 3.1416 2.6296 1.7433 -1.7109 0.0845 0.4301 1.1080 0.0008 0.0091 52.0000 7.8225 0.2031 0.2864 8.3120 
102 2.5463 0.7583 0.3000 0.4647 1.2217 3.1416 2.6647 1.4904 -2.1484 0.1431 0.4324 1.1150 0.0006 0.0086 66.0000 9.3908 0.2342 0.4629 10.0879 
103 2.5434 0.7784 0.2873 0.4563 1.1787 3.1416 2.6509 1.4865 -2.1953 0.1388 0.4391 1.1228 0.0007 0.0099 65.0000 10.7378 0.1973 0.2798 11.2148 
104 2.5462 0.8065 0.2709 0.4401 1.1207 3.1416 2.6347 1.4793 -2.0859 0.1337 0.4441 1.1316 0.0008 0.0081 53.0000 8.4239 0.1856 0.2622 8.8717 
105 2.5493 0.8318 0.2392 0.4539 1.0838 3.1416 2.6161 1.4974 -1.9453 0.1149 0.4490 1.1403 0.0002 0.0096 66.0000 9.9345 0.1925 0.2826 10.4096 
106 2.5482 0.7681 0.3824 0.3582 1.2227 3.1416 2.6735 1.4438 -1.9141 0.1608 0.4527 1.1494 0.0007 0.0092 58.0000 8.2098 0.1626 0.2326 8.6050 
107 2.5862 0.8245 0.2282 0.5958 1.2075 3.1416 2.5957 1.5706 -1.3594 0.0819 0.4575 1.1588 0.0005 0.0092 57.0000 8.3764 0.1942 0.3674 8.9379 
108 2.4248 0.6955 0.3375 0.2599 1.1695 3.1416 2.7350 1.5075 -1.3984 0.1172 0.4514 1.1730 0.0007 0.0090 55.0000 7.9057 0.2060 0.2905 8.4022 
109 2.6107 0.8106 0.4892 0.4681 1.3945 3.1416 2.6414 1.4632 -2.0156 0.1825 0.4470 1.1822 0.0008 0.0083 53.0000 7.7655 0.1778 0.3012 8.2445 
110 2.6194 1.0002 0.4916 0.3997 1.3583 3.1416 2.6068 1.4588 -1.7734 0.1436 0.4526 1.1919 0.0003 0.0100 72.0000 10.6647 0.1967 0.2483 11.1098 
111 2.9403 0.5814 1.7681 2.8293 3.1416 1.2578 0.1000 3.1416 -0.6562 0.0110 0.4571 1.2010 0.0009 0.0097 97.0000 14.3102 0.1985 0.2169 14.7256 
112 2.6137 0.7009 0.4399 0.5222 1.3246 3.1416 2.7744 1.5196 -2.1172 0.1805 0.4300 1.1995 0.0010 0.0071 68.0000 10.6100 0.1764 0.3749 11.1613 
113 2.6126 0.7173 0.4965 0.5403 1.2613 3.1416 2.7778 1.5471 -1.7578 0.1807 0.4330 1.2080 0.0008 0.0082 66.0000 9.8873 0.2505 0.2842 10.4220 
114 2.5797 0.7002 0.3274 0.4697 1.3962 3.1416 2.6816 1.4208 -2.0547 0.1600 0.4368 1.2181 0.0009 0.0066 79.0000 11.2979 0.2073 0.3510 11.8562 
115 2.5637 0.6568 0.4016 0.4493 1.3535 3.1416 2.5319 1.4256 -2.0391 0.1791 0.4399 1.2276 0.0009 0.0090 82.0000 11.8352 0.1589 0.2779 12.2719 
116 2.5726 0.7130 0.3473 0.5107 1.2888 3.1416 2.6406 1.2764 -1.7109 0.1506 0.4438 1.2370 0.0009 0.0072 68.0000 10.3801 0.1585 0.2375 10.7760 
117 2.5732 0.6795 0.4340 0.4392 1.5265 3.1416 2.6451 1.6050 -1.9922 0.1497 0.4470 1.2474 0.0008 0.0067 67.0000 10.5390 0.1902 0.3677 11.0968 
118 2.5780 0.6609 0.4922 0.3854 1.3982 3.1416 2.4197 1.6105 -1.7422 0.1393 0.4506 1.2572 0.0007 0.0087 64.0000 9.8087 0.1942 0.3470 10.3498 
119 2.6020 0.7668 0.2989 0.4223 1.4627 3.1416 2.7616 1.5511 -2.2109 0.1330 0.4537 1.2666 0.0009 0.0055 64.0000 9.3908 0.1803 0.2338 9.8049 
120 2.6211 0.8069 0.2879 0.3881 1.4783 3.1416 2.7808 1.5679 -2.1172 0.1254 0.4555 1.2747 0.0010 0.0071 54.0000 8.9250 0.1979 0.2848 9.4077 
121 2.6336 0.8578 0.2876 0.3519 1.5073 3.1416 2.8002 1.6029 -1.9531 0.1161 0.4582 1.2837 0.0008 0.0079 54.0000 8.5679 0.1626 0.2448 8.9753 
122 2.7155 0.9701 0.1559 0.2208 1.3960 3.1416 2.7173 1.5438 -1.8359 0.0804 0.4614 1.2936 0.0004 0.0096 68.0000 11.0334 0.1667 0.2257 11.4259 
123 2.5846 0.7613 0.3513 0.4308 1.4343 2.9856 2.7459 1.5477 -1.8359 0.1081 0.4662 1.3020 0.0008 0.0060 67.0000 9.8357 0.1958 0.2871 10.3186 
124 2.5703 0.8727 0.3913 0.3931 1.6792 3.1416 2.7957 1.7854 -1.6953 0.0818 0.4694 1.3126 0.0004 0.0088 59.0000 8.4215 0.1610 0.2289 8.8114 
125 2.9086 1.1907 0.1106 0.1000 1.0441 3.1416 2.5500 1.4963 -1.0781 0.0600 0.4724 1.3219 0.0001 0.0099 83.0000 12.3107 0.1998 0.2735 12.7840 
126 2.5690 0.6986 0.2552 0.4555 1.4284 3.1416 2.7169 1.5281 -2.1953 0.1255 0.4719 1.3289 0.0333 0.0305 100.0000 14.7581 0.2614 0.2601 15.2796 
127 3.1416 3.1416 0.1000 0.1000 3.1416 3.1416 0.1000 0.1000 0.1875 0.0125 0.4729 1.3377 0.0043 0.0225 100.0000 14.7992 0.1953 0.2678 15.2624 
128 2.8975 3.1416 0.7940 0.3313 1.4034 0.1000 1.2801 3.1416 -1.8281 0.0907 0.4742 1.3245 0.0000 0.0097 100.0000 15.0620 0.1656 0.2484 15.4760 
129 3.1416 3.1416 0.5663 0.1000 1.1733 0.1000 1.2307 3.1416 -0.7812 0.0432 0.4729 1.3255 0.0014 0.0240 100.0000 16.0818 0.1587 0.2301 16.4706 
130 2.6840 3.1416 1.1185 0.3840 1.7096 0.1000 1.3570 3.1416 -1.7891 0.0827 0.4651 1.3310 0.0005 0.0096 85.0000 12.5568 0.1593 0.2240 12.9402 
131 2.8530 3.1416 1.4016 0.4927 1.5104 0.1000 1.1823 3.1416 -1.1250 0.1293 0.4694 1.3371 0.0008 0.0345 100.0000 15.0607 0.1540 0.2440 15.4587 
132 2.5259 3.1416 0.7088 0.3421 1.8379 0.1000 1.5207 3.1416 -0.6797 0.0486 0.4690 1.3409 0.0007 0.0096 88.0000 12.7175 0.1584 0.2404 13.1163 
133 3.1416 0.1000 3.1416 0.1000 3.1416 3.1416 0.1000 3.1416 0.0078 0.0156 0.4588 1.3369 0.0032 0.0287 100.0000 15.0907 0.1475 0.2224 15.4607 
134 2.7244 3.1416 1.0826 0.6094 1.0978 0.1000 1.6362 3.1416 -1.4297 0.0956 0.4578 1.3197 0.0029 0.0633 100.0000 14.6875 0.1575 0.2735 15.1186 
135 2.3744 3.1416 1.0613 0.3007 1.1812 0.1000 1.0081 3.1416 -1.5000 0.0735 0.4608 1.3195 0.0010 0.0189 100.0000 15.4368 0.1681 0.2979 15.9029 
136 2.2944 3.1416 1.4983 0.1000 1.0653 0.1000 1.5621 3.1416 -0.9688 0.0421 0.4635 1.3194 0.0004 0.0098 92.0000 14.3250 0.1651 0.3826 14.8727 
137 2.7675 3.1416 0.7974 0.8568 1.3128 0.1000 0.9150 3.1416 -1.1562 0.0463 0.4646 1.3185 0.0010 0.0134 100.0000 14.5060 0.1631 0.3837 15.0529 
138 2.5704 0.6974 0.2569 0.4555 1.4276 3.1416 2.7189 1.5277 -2.1719 0.1262 0.4671 1.3192 0.0009 0.0043 90.0000 13.7710 0.1772 0.3252 14.2735 
139 2.5808 3.1416 1.1489 0.1000 1.7728 0.1000 0.5168 3.1416 -0.9844 0.0400 0.4685 1.3272 0.0004 0.0096 98.0000 14.8151 0.1481 0.3048 15.2679 
140 2.0997 3.1416 0.9287 0.3950 0.2875 0.1000 0.7430 3.1416 0.1406 0.0112 0.4705 1.3253 0.0003 0.0183 100.0000 14.6019 0.1655 0.2721 15.0394 
141 2.5701 0.6971 0.2546 0.4544 1.4273 3.1416 2.7181 1.5284 -2.2344 0.1254 0.4697 1.3294 0.0009 0.0046 72.0000 11.7657 0.2735 0.2871 12.3262 
142 0.1000 3.1416 0.1000 0.1000 3.1416 3.1416 3.1416 0.1000 0.8203 0.0045 0.4705 1.3366 0.0056 0.0268 100.0000 15.9024 0.1789 0.2250 16.3063 
143 2.5588 0.6810 0.2050 0.4228 1.4265 3.1416 2.6941 1.5527 -1.8516 0.1068 0.4807 1.3445 0.0010 0.0052 76.0000 11.5412 0.1639 0.3220 12.0271 
144 2.5985 0.7552 0.2941 0.4546 1.4207 3.1416 2.8265 1.4496 -2.0938 0.1394 0.4847 1.3558 0.0008 0.0050 96.0000 14.0266 0.1635 0.3661 14.5561 
145 2.6349 0.7511 0.3103 0.5457 1.4680 3.1416 2.7252 1.5365 -2.0781 0.1407 0.4871 1.3651 0.0008 0.0040 92.0000 13.5593 0.1653 0.2715 13.9960 
146 2.5651 0.7191 0.3751 0.3936 1.4947 3.1416 2.7707 1.4527 -1.8984 0.1508 0.4898 1.3746 0.0055 0.0123 100.0000 15.5561 0.1612 0.2882 16.0055 
147 2.6172 0.7396 0.2415 0.5050 1.3607 3.1416 2.8532 1.5867 -2.1250 0.1115 0.4929 1.3856 0.1216 0.4005 100.0000 16.6259 0.1719 0.2595 17.0573 
148 0.1000 0.1000 3.1416 3.1416 3.1416 0.1000 0.1000 0.1000 0.6719 0.0046 0.4955 1.3944 0.0051 0.0169 100.0000 14.9431 0.1611 0.2573 15.3615 
149 2.5890 0.8207 0.1775 0.4775 1.3455 3.1416 2.9181 1.5206 -1.7734 0.0892 0.5052 1.3975 0.0010 0.0084 87.0000 13.8938 0.1695 0.3145 14.3778 
150 2.6386 0.7450 0.2991 0.5703 1.4800 3.1416 2.6831 1.6010 -1.8359 0.1219 0.5075 1.4093 0.0008 0.0050 92.0000 13.7482 0.2323 0.3386 14.3192 
151 2.4381 0.6594 0.1000 0.2755 1.5072 3.1416 2.6618 1.7346 -0.9844 0.0498 0.5102 1.4211 0.0014 0.0126 100.0000 15.9194 0.1752 0.2754 16.3700 
152 2.6717 0.7751 0.4060 0.5007 1.4637 3.1416 2.8010 1.4662 -2.0000 0.1819 0.4914 1.4332 0.0010 0.0077 78.0000 11.3297 0.1699 0.2795 11.7791 
153 2.7038 0.9295 0.5349 0.4543 1.3462 3.1416 2.9470 1.6637 -1.9062 0.1369 0.4942 1.4437 0.0007 0.0100 65.0000 9.6674 0.1656 0.3624 10.1954 
154 2.7190 1.0443 0.4541 0.4336 1.5893 3.1416 2.9583 1.3928 -1.5156 0.1729 0.4997 1.4542 0.0003 0.0096 94.0000 14.0489 0.2056 0.3472 14.6017 
155 2.7391 0.8451 0.7814 0.5033 1.2609 3.1416 2.7385 1.9174 -1.4453 0.0764 0.5010 1.4644 0.0003 0.0085 60.0000 8.9932 0.1621 0.2837 9.4390 
156 3.0195 3.1416 1.1429 0.3786 1.4947 0.6880 1.5182 3.1416 -0.4219 0.0350 0.5042 1.4725 0.0002 0.0099 97.0000 14.2122 0.1479 0.2340 14.5940 
157 2.5456 0.9025 0.3598 0.6093 0.9367 3.1416 3.1008 1.5213 -1.6250 0.1008 0.4997 1.4729 0.0004 0.0095 73.0000 10.8341 0.1651 0.2362 11.2354 
158 3.1416 0.8137 1.2966 1.7425 0.8235 2.2799 1.2582 1.1666 0.2812 0.0747 0.5050 1.4809 0.0001 0.0098 63.0000 9.5638 0.1751 0.2735 10.0123 
159 1.4203 0.1000 2.1836 0.1000 3.1416 0.1000 1.4556 3.1416 0.0000 0.0103 0.4994 1.4800 0.0034 0.0632 100.0000 15.0502 0.2296 0.2986 15.5783 
160 0.7901 2.3450 3.1416 0.1000 3.1416 3.1416 0.1000 0.1000 -0.7188 0.0404 0.4993 1.4636 0.0010 0.0381 100.0000 14.2327 0.1659 0.2667 14.6653 
161 2.1392 2.7372 2.0713 3.1416 0.1000 1.2550 2.7846 1.7566 0.2812 0.0069 0.4975 1.4451 0.0002 0.0096 86.0000 13.1496 0.2154 0.4693 13.8344 
162 2.4006 1.3085 0.5335 0.3970 1.2299 3.1416 3.1416 1.8793 -0.3125 0.0122 0.4982 1.4271 0.0002 0.0099 100.0000 14.6202 0.1693 0.2506 15.0401 
163 0.1000 0.1000 3.1416 0.1000 3.1416 3.1416 0.1000 0.1000 0.4062 0.0091 0.4883 1.4395 0.0051 0.0169 100.0000 14.9784 0.1801 0.2777 15.4363 
164 2.6719 0.6964 0.3516 0.4699 1.3334 3.1416 2.7704 1.5200 -2.1172 0.1640 0.4918 1.4289 0.0009 0.0044 96.0000 15.1028 0.1608 0.2942 15.5578 
165 2.6369 0.6738 0.3537 0.4962 1.3494 3.1416 2.7860 1.5226 -2.1562 0.1627 0.4942 1.4379 0.0020 0.0059 100.0000 15.0950 0.1798 0.3314 15.6061 
166 2.7179 0.7249 0.3545 0.4421 1.3205 3.1416 2.7527 1.5150 -1.9766 0.1643 0.4963 1.4464 0.0010 0.0047 89.0000 13.5618 0.1631 0.4354 14.1603 
167 2.6526 2.5823 1.0540 0.4714 1.4460 0.1000 1.2770 3.1416 -1.7031 0.2295 0.4993 1.4569 0.0010 0.0091 82.0000 12.8071 0.1868 0.3995 13.3935 
168 2.9128 2.2331 1.1187 0.8248 1.5412 0.1000 1.4814 3.1416 -0.3672 0.0995 0.5042 1.4732 0.0003 0.0094 77.0000 11.9610 0.1649 0.3012 12.4271 
169 2.6005 0.6550 0.3826 0.5219 1.4108 3.1416 2.8053 1.5455 -2.2109 0.1611 0.4924 1.4590 0.0017 0.0050 100.0000 14.7358 0.1779 0.2776 15.1913 
170 2.6008 0.6545 0.3835 0.5219 1.4110 3.1416 2.8058 1.5460 -2.2109 0.1612 0.4941 1.4667 0.0022 0.0063 100.0000 15.5040 0.1722 0.2694 15.9456 
171 2.6010 0.6541 0.3843 0.5218 1.4113 3.1416 2.8063 1.5465 -2.1406 0.1613 0.4956 1.4744 0.0010 0.0046 97.0000 14.4163 0.1683 0.2987 14.8833 
172 2.5990 0.6577 0.3446 0.5367 1.3617 3.1416 2.8074 1.5103 -2.1172 0.1581 0.4976 1.4830 0.0009 0.0045 99.0000 14.5885 0.2077 0.3186 15.1148 
173 2.6043 0.6996 0.3710 0.5070 1.3625 3.0266 2.7814 1.5160 -1.9922 0.1369 0.4997 1.4920 0.0008 0.0040 72.0000 10.6012 0.1750 0.3792 11.1554 
174 2.6074 0.6551 0.4227 0.5173 1.4674 3.1416 2.7909 1.5501 -2.0078 0.1694 0.5018 1.5019 0.0013 0.0053 100.0000 16.1624 0.2034 0.2742 16.6400 
175 2.6092 0.6747 0.3024 0.5434 1.3261 3.1416 2.8051 1.4503 -2.0625 0.1543 0.5043 1.5120 0.0009 0.0047 87.0000 13.6671 0.1859 0.3471 14.2000 
176 1.9085 3.1416 3.1416 0.1000 3.1416 3.1416 0.1000 0.1000 0.0703 0.0147 0.5065 1.5217 0.0038 0.0189 100.0000 18.0349 0.1629 0.3058 18.5037 
177 0.1000 3.0374 2.1134 0.1000 3.1416 3.1416 0.1000 0.1000 -0.2109 0.0178 0.5076 1.5081 0.0017 0.0453 100.0000 18.1281 0.1702 0.3125 18.6108 
178 2.6456 0.7145 0.3535 0.5951 1.4020 3.1416 2.7811 1.5745 -1.8438 0.1448 0.5077 1.4899 0.0028 0.0088 100.0000 16.6804 0.1802 0.3171 17.1776 
179 2.9736 1.4047 1.4899 1.7914 0.9212 1.5267 2.2130 1.3271 -1.1016 0.0782 0.5093 1.5005 0.0002 0.0100 51.0000 7.9309 0.2373 0.3034 8.4716 
180 2.6112 0.6522 0.4344 0.4024 1.3967 3.1416 2.7950 1.4886 -2.0156 0.1621 0.5129 1.5051 0.0010 0.0050 95.0000 14.9211 0.2756 0.3555 15.5523 
181 2.6262 0.6990 0.2924 0.4816 1.2918 3.1416 2.8300 1.3692 -1.9297 0.1523 0.5151 1.5149 0.0010 0.0058 81.0000 13.4132 0.1616 0.4270 14.0019 
182 2.5735 0.5831 0.2193 0.6607 0.7456 3.1416 2.7793 1.2002 -0.9219 0.0985 0.5172 1.5252 0.0003 0.0099 68.0000 11.5271 0.1865 0.2997 12.0134 
183 0.1000 3.1416 3.1416 3.1416 0.1000 3.1416 0.1000 0.1000 -0.4688 0.0253 0.5145 1.5310 0.0120 0.0281 100.0000 16.2610 0.1467 0.3060 16.7137 
184 0.1000 0.1000 3.1416 0.1000 0.1000 0.1000 0.1000 0.1000 -1.0234 0.0338 0.5119 1.5069 0.0079 0.2082 100.0000 14.9692 0.1796 0.3881 15.5369 
185 1.1065 1.8160 1.3487 0.1000 3.1416 1.6541 0.1000 0.1000 0.8438 0.0004 0.5070 1.4838 0.0005 0.0177 100.0000 14.3675 0.1864 0.3706 14.9245 
186 3.1416 0.5374 3.1416 0.1000 2.2259 3.1416 3.0480 3.1416 0.0078 0.0156 0.5064 1.4663 0.0029 0.0435 100.0000 14.9680 0.1544 0.3137 15.4361 
187 2.5598 2.9649 1.0353 0.3813 1.4127 0.1000 1.2196 2.7026 0.1719 0.0292 0.5087 1.4570 0.0011 0.0101 100.0000 14.7854 0.1762 0.3026 15.2642 
188 0.1000 3.1416 3.1416 0.1000 0.1000 3.1416 0.1000 3.1416 -0.3359 0.0199 0.4884 1.4726 0.0136 0.0294 100.0000 15.4216 0.1458 0.2534 15.8208 
189 2.7308 0.7378 0.4018 0.3708 1.3807 3.1416 2.7167 1.5472 -2.1484 0.1541 0.4868 1.4530 0.0008 0.0050 95.0000 14.4328 0.1621 0.3235 14.9183 
190 2.7401 0.7382 0.4078 0.3636 1.3847 3.1416 2.7149 1.5438 -1.9609 0.1533 0.4888 1.4606 0.0009 0.0069 100.0000 14.9038 0.1701 0.2773 15.3513 
191 3.1416 1.0399 1.6118 2.8478 3.1416 0.3462 0.1000 3.1416 0.1406 0.0562 0.4911 1.4697 0.0039 0.0375 100.0000 15.7329 0.2085 0.3393 16.2807 
192 1.9558 3.1416 1.5551 0.9129 1.7918 0.1000 1.2500 3.1416 -1.0625 0.0276 0.4864 1.4700 0.0010 0.0167 100.0000 15.2689 0.1543 0.3207 15.7439 
193 0.1000 0.1000 3.1416 0.1000 0.1000 0.1000 1.3362 0.1000 -0.6953 0.0382 0.4886 1.4690 0.0289 0.0721 100.0000 15.4534 0.1766 0.4016 16.0316 
194 2.6017 0.7380 0.3759 0.4676 1.3654 3.0000 2.7413 1.5099 -2.1562 0.1305 0.4887 1.4582 0.0008 0.0042 79.0000 12.2889 0.1777 0.2982 12.7648 
195 3.1416 3.1416 3.1416 0.1000 3.1416 3.1416 1.7193 3.1416 0.0078 0.0156 0.4915 1.4660 0.0035 0.1439 100.0000 15.0158 0.1317 0.2598 15.4073 
196 0.1000 1.2191 3.1416 0.1000 0.1000 0.1000 0.1000 0.1000 -0.4375 0.0341 0.4925 1.4493 0.0178 0.0472 100.0000 14.5171 0.2021 0.4831 15.2023 
197 2.2230 0.1000 3.1010 2.3279 1.0421 0.8540 2.3261 1.1781 -0.7188 0.0037 0.4928 1.4380 0.0001 0.0087 71.0000 10.5546 0.1745 0.4505 11.1796 
198 2.6067 0.7396 0.3830 0.4675 1.3649 2.9861 2.7413 1.5085 -2.0938 0.1273 0.4933 1.4284 0.0007 0.0047 87.0000 13.8452 0.1773 0.4009 14.4234 
199 2.5790 0.6848 0.4261 0.4634 1.4137 2.9980 2.7646 1.5150 -1.7578 0.1279 0.4956 1.4363 0.0008 0.0060 84.0000 12.7603 0.1783 0.4123 13.3508 
141 2.5701 0.6971 0.2546 0.4544 1.4273 3.1416 2.7181 1.5284 -2.2344 0.1254 0.4697 1.3294 0.0009 0.0046 72.0000 11.7657 0.2735 0.2871 12.3262 
