0 3.0145 0.5269 0.1718 3.1374 0.6604 0.4668 2.0814 1.1513 2.8057 0.8049 3.0184 1.0716 0.1719 0.0019 0.1253 0.9116 0.0000 0.0000 0.0000 0.0000 0.0000 0.0000 0.0000 
1 1.9284 2.9350 2.1843 2.9100 2.2538 0.2473 2.7808 1.8932 1.0450 0.6783 2.6848 1.8727 -0.1953 0.0292 0.1253 0.9116 0.0000 0.0000 0.0000 0.0000 0.0000 0.0000 0.0000 
2 2.9530 2.4540 3.0236 1.8225 2.2242 1.9624 0.8860 3.0099 1.0504 2.4758 3.0036 2.0797 -0.6406 0.0028 0.1253 0.9116 0.0000 0.0000 0.0000 0.0000 0.0000 0.0000 0.0000 
3 0.5326 2.6100 2.1303 0.6628 0.2494 1.7176 0.1981 2.9137 1.6399 1.6735 1.3454 2.1105 -0.1953 0.0092 0.1253 0.9116 0.0000 0.0000 0.0000 0.0000 0.0000 0.0000 0.0000 
4 2.8875 1.0347 1.2369 1.8720 1.0043 1.9117 1.7520 1.4184 2.1477 1.7067 0.3680 3.1309 0.7500 0.0190 0.1253 0.9116 0.0000 0.0000 0.0000 0.0000 0.0000 0.0000 0.0000 
5 1.1819 1.4132 1.3252 2.9272 2.9961 1.6573 1.3186 0.3937 2.8237 0.6213 1.7626 1.1619 0.2734 0.0205 0.1253 0.9116 0.0000 0.0000 0.0000 0.0000 0.0000 0.0000 0.0000 
6 1.0985 1.1865 0.6817 0.2125 1.7286 2.5208 2.0681 0.7129 2.2098 0.2584 1.3493 2.6187 -0.6953 0.0452 0.1253 0.9116 0.0000 0.0000 0.0000 0.0000 0.0000 0.0000 0.0000 
7 2.9014 1.5009 2.6748 1.6163 1.6937 1.8779 3.1151 2.3620 1.5388 2.3120 2.0566 1.1760 0.2031 0.0337 0.1253 0.9116 0.0000 0.0000 0.0000 0.0000 0.0000 0.0000 0.0000 
8 2.4851 2.5935 1.9505 2.9674 0.1553 1.6208 2.0301 1.1359 0.6213 2.2050 1.4213 0.9182 -0.2031 0.0106 0.1253 0.9116 0.0000 0.0000 0.0000 0.0000 0.0000 0.0000 0.0000 
9 0.2273 3.0416 1.1715 0.4592 0.7580 0.8754 2.7346 0.6495 0.9406 0.3961 1.5294 0.7318 -0.0938 0.0109 0.1253 0.9116 0.0000 0.0000 0.0000 0.0000 0.0000 0.0000 0.0000 
10 1.1467 2.3353 2.9137 2.6372 0.2164 1.2490 2.6821 0.2003 0.7181 1.5904 1.2632 2.3821 -0.3750 0.0116 0.1253 0.9116 0.0000 0.0000 0.0000 0.0000 0.0000 0.0000 0.0000 
11 2.2843 1.5127 0.8574 0.8018 0.9099 0.2983 2.1250 0.5799 2.8052 2.0647 0.2727 1.6170 -0.2656 0.0002 0.1253 0.9116 0.0000 0.0000 0.0000 0.0000 0.0000 0.0000 0.0000 
12 1.9361 0.2285 1.5804 0.1908 2.4307 0.1124 2.0223 3.0976 2.6743 0.8097 1.7259 0.5254 0.3516 0.0078 0.1253 0.9116 0.0000 0.0000 0.0000 0.0000 0.0000 0.0000 0.0000 
13 1.1411 2.7275 2.5872 0.1277 1.2554 2.0473 0.6337 2.5413 2.8164 1.7771 1.2013 2.6808 -0.6172 0.0132 0.1253 0.9116 0.0000 0.0000 0.0000 0.0000 0.0000 0.0000 0.0000 
14 1.6598 0.6729 0.9449 0.5840 2.6510 1.6508 2.2190 2.5861 3.0618 0.6794 1.3340 2.7590 -0.7188 0.1340 0.1253 0.9116 0.0000 0.0000 0.0000 0.0000 0.0000 0.0000 0.0000 
15 2.4167 1.2763 2.0946 0.6931 0.5920 0.2539 1.2549 0.8177 1.6746 3.0488 0.5650 1.7963 -0.1562 0.0059 0.1253 0.9116 0.0000 0.0000 0.0000 0.0000 0.0000 0.0000 0.0000 
16 2.7299 1.9201 1.7035 2.4353 0.1664 2.9851 2.1880 2.5535 2.6100 0.3998 0.3026 0.6425 -0.1641 0.0568 0.1253 0.9116 0.0000 0.0000 0.0000 0.0000 0.0000 0.0000 0.0000 
17 1.6353 2.9541 2.8657 1.3531 1.9931 2.3503 1.1110 3.0519 2.9645 2.3111 2.8418 2.5358 1.6094 0.0011 0.1253 0.9116 0.0000 0.0000 0.0000 0.0000 0.0000 0.0000 0.0000 
18 2.0838 1.0774 0.9558 0.8254 0.2745 2.9161 1.0074 0.1726 1.0614 0.4138 1.4540 1.1105 -0.2031 0.0877 0.1253 0.9116 0.0000 0.0000 0.0000 0.0000 0.0000 0.0000 0.0000 
19 0.6337 1.5501 1.3618 1.1769 2.5736 1.0331 1.7462 2.7703 3.0171 1.2398 0.2232 2.9909 0.8438 0.0074 0.1253 0.9116 0.0000 0.0000 0.0000 0.0000 0.0000 0.0000 0.0000 
20 1.6638 0.7618 0.4899 0.8270 1.0444 0.5220 0.2491 3.1246 2.5949 0.4447 1.5622 2.5375 -0.1172 0.0861 0.1253 0.9116 0.0000 0.0000 0.0000 0.0000 0.0000 0.0000 0.0000 
21 1.6344 0.3105 1.1331 1.2579 2.8816 1.8729 1.4960 2.0182 0.2479 2.1871 2.5576 2.1401 0.2031 0.0182 0.1253 0.9116 0.0000 0.0000 0.0000 0.0000 0.0000 0.0000 0.0000 
22 1.1976 0.9698 0.1309 0.3495 0.5701 1.4787 2.4672 0.7604 1.5367 2.0341 2.0146 0.1624 -0.3047 0.0506 0.1253 0.9116 0.0000 0.0000 0.0000 0.0000 0.0000 0.0000 0.0000 
23 2.9000 1.8802 1.0224 0.8279 2.1956 2.9371 1.1260 1.3108 1.7945 0.6321 1.3345 2.8909 0.9688 0.0020 0.1253 0.9116 0.0000 0.0000 0.0000 0.0000 0.0000 0.0000 0.0000 
24 1.7923 2.6033 0.8965 2.7422 2.4805 0.7857 1.7120 2.1741 1.8424 1.9309 0.8302 1.7848 -0.2656 0.0311 0.1253 0.9116 0.0000 0.0000 0.0000 0.0000 0.0000 0.0000 0.0000 
25 1.1784 2.5271 1.2336 3.0791 1.8657 0.7927 1.3645 0.4896 2.3398 0.2397 1.9400 1.0368 0.5625 0.0106 0.1253 0.9116 0.0000 0.0000 0.0000 0.0000 0.0000 0.0000 0.0000 
26 2.4635 0.4857 2.1696 2.2717 0.8091 0.4962 1.2331 2.0740 0.8936 0.1267 1.4426 2.5597 -0.2422 0.0344 0.1253 0.9116 0.0000 0.0000 0.0000 0.0000 0.0000 0.0000 0.0000 
27 0.5800 2.9613 1.6458 0.5883 0.4043 1.2278 1.5490 0.6343 0.3558 1.6246 0.8726 1.4515 -0.1797 0.0430 0.1253 0.9116 0.0000 0.0000 0.0000 0.0000 0.0000 0.0000 0.0000 
28 1.4710 2.2210 1.8568 0.7944 0.6466 2.7117 0.2536 0.4746 0.3126 2.6132 1.7454 2.9097 -0.0391 0.0219 0.1253 0.9116 0.0000 0.0000 0.0000 0.0000 0.0000 0.0000 0.0000 
29 2.0049 1.1202 1.4093 2.3276 0.8033 2.5425 1.3395 0.2282 1.1453 1.8042 0.5458 2.8539 0.7031 0.0095 0.1253 0.9116 0.0000 0.0000 0.0000 0.0000 0.0000 0.0000 0.0000 
30 2.2555 2.5579 2.1168 2.9110 0.1639 1.5511 2.1435 0.9788 0.6344 2.1005 1.3966 1.1613 -0.3984 0.0383 0.1253 0.9116 0.0001 0.0737 100.0000 25.5030 0.2596 0.2956 26.0582 
31 1.9988 2.5333 2.3059 2.8448 0.1664 1.4614 2.2734 0.8153 0.6392 1.9886 1.3775 1.4117 -0.0312 0.0252 0.2124 0.9120 0.0000 0.0084 63.0000 16.2796 0.2452 0.2688 16.7936 
32 1.0818 2.7155 2.5576 0.1000 1.1525 2.0171 0.5773 2.5277 2.7500 1.7438 1.1170 2.6578 -0.6875 0.0317 0.2115 0.9198 0.0001 0.0089 94.0000 23.5619 0.2528 0.3071 24.1218 
33 1.0598 2.7171 2.5576 0.1000 1.1097 2.0089 0.5512 2.5136 2.7372 1.7307 1.0750 2.6528 -0.6016 0.0377 0.2387 0.9027 0.0001 0.0100 85.0000 21.4273 0.2705 0.3189 22.0167 
34 1.6734 0.6516 0.9307 0.5639 2.6492 1.6682 2.2332 2.5740 3.0634 0.6609 1.3605 2.7550 -0.7812 0.1360 0.2475 0.8940 0.0003 0.0086 64.0000 16.3293 0.3082 0.4883 17.1259 
35 1.0080 1.1094 0.6633 0.1553 1.7441 2.4563 2.1438 0.7716 2.2843 0.2379 1.3704 2.5929 -0.4688 0.0197 0.2536 0.8835 0.0001 0.0090 72.0000 17.7112 0.2901 0.3943 18.3956 
36 1.1647 1.2809 0.6938 0.2630 1.6872 2.6082 1.9879 0.5979 2.1112 0.2671 1.3231 2.6429 -0.4688 0.0358 0.2591 0.8841 0.0002 0.0097 68.0000 17.9545 0.2680 0.3140 18.5365 
37 1.6948 0.6091 0.9025 0.5239 2.6489 1.6996 2.2632 2.5551 3.0712 0.6246 1.4089 2.7507 -0.5469 0.1286 0.2752 0.8871 0.0004 0.0100 60.0000 16.0872 0.2680 0.4198 16.7750 
38 1.2547 1.1687 0.7280 0.2989 1.8880 2.4722 2.0403 0.9318 2.2896 0.3193 1.3310 2.7141 -0.4531 0.0501 0.2771 0.8879 0.0001 0.0129 100.0000 26.5554 0.3823 0.3819 27.3196 
39 1.1595 1.1834 0.6318 0.1000 1.4884 2.4925 2.0294 0.7930 2.1635 0.2864 1.4441 2.2868 0.5000 0.0194 0.2998 0.8955 0.0002 0.0403 100.0000 25.6735 0.3245 0.4183 26.4162 
40 0.8662 2.3291 3.1401 2.5756 0.2053 1.1386 2.8445 0.1000 0.7136 1.4708 1.2550 2.6371 0.0781 0.0220 0.1845 0.9091 0.0001 0.0460 100.0000 26.4925 0.2520 0.2809 27.0254 
41 1.0887 2.6697 2.4763 0.1000 1.2003 1.9969 0.6223 2.5966 2.6697 1.7521 1.2006 2.6371 -0.2812 0.0212 0.1803 0.9092 0.0006 0.0250 100.0000 25.7239 0.2507 0.2949 26.2695 
42 2.4294 2.3713 1.9782 3.0621 0.2512 1.7795 2.0441 0.8794 0.7752 2.0987 1.2952 1.3097 -0.3281 0.0158 0.1690 0.9172 0.0002 0.0516 100.0000 25.6618 0.3134 0.2816 26.2569 
43 3.0559 2.4229 3.0399 1.8612 2.2441 1.9318 0.8561 3.0115 0.8996 2.4902 3.0219 2.0486 -0.9609 0.0068 0.1798 0.9297 0.0001 0.0179 100.0000 25.9209 0.3963 0.3997 26.7169 
44 3.1060 2.4077 3.0479 1.8801 2.2538 1.9168 0.8414 3.0123 0.8262 2.4972 3.0309 2.0334 -0.8516 0.0125 0.1917 0.9402 0.0008 0.0082 66.0000 17.5265 0.3144 0.5963 18.4371 
45 3.1175 2.4561 3.1128 1.8743 2.2548 1.9138 0.8294 3.0614 0.8387 2.5286 3.0713 2.0248 -0.8438 0.0147 0.2028 0.9338 0.0001 0.0296 100.0000 25.2189 0.2857 0.4602 25.9648 
46 3.1070 2.3752 2.9834 1.9125 2.2610 1.9133 0.8020 2.9708 0.7868 2.4653 3.0051 2.0571 -0.9219 0.0061 0.2190 0.9370 0.0001 0.0207 100.0000 27.6515 0.2680 0.3438 28.2633 
47 3.1414 2.3365 2.9905 1.8928 2.2611 1.9082 0.8575 2.9608 0.7469 2.4731 2.9947 2.0214 -1.1016 0.0105 0.2406 0.9448 0.0000 0.0099 95.0000 24.9336 0.2553 0.3498 25.5387 
48 3.1416 2.2595 2.9678 1.8865 2.2677 1.8952 0.9119 2.9243 0.6499 2.4689 2.9682 1.9794 -1.0391 0.0116 0.2623 0.9509 0.0004 0.0093 68.0000 18.1543 0.2652 0.2862 18.7057 
49 3.1416 2.2472 2.9623 1.9215 2.2807 1.8805 0.8727 2.9210 0.5703 2.4688 2.9766 1.9773 -1.0234 0.0070 0.2909 0.9594 0.0001 0.0093 91.0000 23.5300 0.2592 0.2994 24.0886 
50 3.1416 2.2312 2.9781 1.7950 2.2586 1.8242 0.8429 2.8810 0.5949 2.4736 2.9775 1.9710 -1.1328 0.0042 0.3157 0.9676 0.0004 0.0427 100.0000 26.4014 0.2602 0.2933 26.9549 
51 3.1416 2.2097 2.9867 1.7576 2.2580 1.7858 0.8103 2.8609 0.5400 2.4793 2.9843 1.9590 -0.9531 0.0020 0.3430 0.9720 0.0002 0.0092 77.0000 20.3503 0.2669 0.3235 20.9407 
52 3.1416 2.2790 2.8664 1.8552 2.3701 1.9354 0.9354 2.9287 0.5088 2.5366 3.0023 1.9368 -0.7578 0.0207 0.3591 0.9763 0.0005 0.0411 100.0000 27.8715 0.2998 0.4550 28.6263 
53 3.1416 2.1770 3.0922 1.9208 2.1524 1.7783 0.8059 2.8807 0.6550 2.3855 2.9356 2.0112 -1.0859 0.0001 0.3613 0.9874 0.0003 0.0088 92.0000 23.8979 0.2538 0.3972 24.5490 
54 3.1416 2.1641 3.1253 1.9560 2.1365 1.7556 0.7752 2.8848 0.6238 2.3742 2.9375 2.0151 -1.0703 0.0002 0.3845 0.9901 0.0002 0.0087 87.0000 24.9328 0.2614 0.3384 25.5326 
55 3.1416 2.1996 3.1398 1.9694 2.1615 1.7226 0.7371 2.8796 0.6146 2.4177 2.8569 1.9803 -1.1719 0.0001 0.4012 0.9936 0.0005 0.0348 100.0000 27.7404 0.2547 0.2978 28.2929 
56 3.1416 2.2051 3.1416 2.0223 2.1461 1.6669 0.6742 2.8868 0.5787 2.4278 2.8118 1.9638 -0.8828 0.0018 0.4200 0.9948 0.0003 0.0116 100.0000 27.7071 0.2689 0.3276 28.3036 
57 3.1416 2.0817 3.1416 1.8935 2.1268 1.8273 0.8400 2.8456 0.6103 2.2970 3.0663 2.0753 -0.6250 0.0015 0.4244 0.9996 0.0007 0.0175 100.0000 25.6518 0.2702 0.3198 26.2418 
58 3.1416 2.2996 3.0369 1.8870 2.2105 1.7100 0.8017 2.9180 0.6921 2.5360 2.7539 1.8924 -0.7656 0.0069 0.4131 1.0190 0.0004 0.0100 90.0000 26.0739 0.2686 0.3086 26.6512 
59 3.1416 2.3408 3.0246 2.0369 2.2988 1.8143 0.5276 2.8809 0.5483 2.4598 2.9965 2.0619 -0.3047 0.0018 0.4209 1.0249 0.0004 0.0145 100.0000 25.5830 0.3413 0.4247 26.3491 
60 3.1416 2.1917 3.0957 1.8670 2.1375 1.7809 0.9974 2.9887 0.6808 2.4399 2.8840 1.9382 -0.6250 0.0153 0.3587 1.0690 0.0008 0.0099 91.0000 25.9733 0.2625 0.3319 26.5677 
61 3.1416 2.2093 3.0311 1.8469 2.2507 1.8596 0.8268 2.7223 0.7615 2.4532 2.9138 1.9528 -1.0000 0.0059 0.3196 1.0706 0.0036 0.0220 100.0000 26.9864 0.2551 0.3982 27.6398 
62 0.1000 3.1416 0.1000 3.1416 3.1416 0.1000 3.1416 3.1416 0.1000 3.1416 0.1000 0.1000 0.2188 0.0137 0.3523 1.0884 0.0022 0.7501 100.0000 27.2321 0.2272 0.3189 27.7782 
63 3.1416 2.1183 2.9143 1.8514 2.1478 1.8091 0.7942 2.8118 0.7888 2.5673 2.9865 1.9683 -1.1484 0.0107 0.3405 1.0628 0.0089 0.0704 100.0000 27.9459 0.3493 0.5316 28.8268 
64 3.1416 2.0856 2.9151 1.8503 2.1322 1.7990 0.7940 2.7837 0.8085 2.6155 3.0125 1.9323 -1.0391 0.0171 0.3649 1.0733 0.0010 0.0141 100.0000 27.0299 0.2798 0.3832 27.6929 
65 3.1416 2.0530 2.9340 1.7862 2.1694 1.8591 0.7804 2.8189 0.7797 2.6045 2.8868 2.0662 -1.1953 0.0081 0.3817 1.0825 0.0013 0.0228 100.0000 26.4686 0.3602 0.4088 27.2375 
66 3.1416 2.0039 2.9407 1.7597 2.1664 1.8718 0.7713 2.8102 0.7851 2.6519 2.8625 2.0878 -1.0781 0.0103 0.3979 1.0866 0.0012 0.0147 100.0000 28.4060 0.3224 0.3233 29.0517 
67 3.1416 2.0674 2.9063 1.7922 2.1638 1.7491 0.8474 2.7434 0.7839 2.6660 2.9118 2.1481 -1.0781 0.0053 0.4118 1.0914 0.0015 0.0208 100.0000 27.2365 0.2760 0.3098 27.8223 
68 0.7920 1.1107 0.6936 0.2409 2.1603 2.6160 2.2615 0.4362 2.3484 0.1000 1.1972 3.1416 -0.2109 0.0164 0.4264 1.0941 0.0024 0.0390 100.0000 27.7789 0.2935 0.3045 28.3769 
69 3.1416 2.0854 2.8881 1.7457 2.0310 1.9186 0.7597 2.7815 0.7498 2.6111 2.8716 2.0300 -0.8984 0.0198 0.4042 1.0859 0.0004 0.0105 100.0000 27.6877 0.2555 0.4261 28.3693 
70 3.1416 1.9784 2.9738 1.8282 2.3271 1.7509 0.8117 2.8340 0.8445 2.6191 2.9416 2.0439 -0.9141 0.0044 0.4126 1.0959 0.0007 0.0092 92.0000 26.4596 0.3325 0.3019 27.0941 
71 3.1416 2.1384 3.0628 1.8689 2.1335 1.8256 0.8932 2.6808 0.7401 2.7653 2.9634 2.0775 -0.8438 0.0302 0.4222 1.1005 0.0005 0.0088 97.0000 27.8394 0.2744 0.3402 28.4539 
72 3.1416 2.0787 2.7673 1.7562 2.1663 1.7033 0.7841 2.8541 0.8095 2.4516 2.9135 2.0594 -1.0469 0.0043 0.4276 1.1098 0.0902 0.1967 100.0000 30.3061 0.2669 0.3321 30.9052 
73 3.1416 2.0109 2.8917 1.5680 2.1720 1.7246 0.6763 2.8987 0.8171 2.5396 2.9706 1.9386 -1.0469 0.0054 0.4399 1.1125 0.0019 0.0241 100.0000 27.2648 0.2587 0.4672 27.9907 
74 3.1416 1.8855 2.7817 1.8421 2.1431 1.8263 0.7085 2.9635 0.8301 2.5151 2.8952 1.8969 -0.5234 0.0095 0.4529 1.1139 0.0004 0.0130 100.0000 28.3808 0.2713 0.3199 28.9721 
75 3.1416 2.2027 2.9500 1.6145 2.1969 1.6999 0.8012 2.7547 0.7756 2.5353 2.9488 2.1199 -1.1094 0.0109 0.4320 1.1558 0.0544 0.0229 100.0000 29.4648 0.2700 0.3040 30.0388 
76 3.1416 2.2026 2.9515 1.5675 2.1938 1.6610 0.8004 2.7274 0.7708 2.5457 2.9537 2.1227 -1.4453 0.0156 0.4433 1.1582 0.0004 0.0090 92.0000 25.9526 0.2769 0.3079 26.5374 
77 3.1416 2.2567 2.9760 1.2961 2.1943 1.4505 0.7960 2.5934 0.7372 2.5788 2.9769 2.2075 -0.6250 0.0236 0.4532 1.1646 0.0005 0.0090 78.0000 21.4340 0.2592 0.4012 22.0943 
78 0.1000 0.1000 3.1416 3.1416 0.1000 0.1000 0.1000 3.1416 0.1000 3.1416 0.1000 0.1000 -0.9688 0.0285 0.4321 1.1853 0.0108 0.6262 100.0000 28.4540 0.2069 0.2884 28.9493 
79 0.1000 0.1000 3.1416 3.1416 0.1000 0.1000 0.1000 3.1416 0.1000 2.2147 0.1000 0.1000 1.4688 0.0230 0.4331 1.1882 0.0104 0.2115 100.0000 28.2572 0.3055 0.3194 28.8822 
80 0.1000 0.1000 0.1000 3.1416 0.1000 3.1416 3.1416 3.1416 0.1000 3.1416 3.1416 0.1000 0.8438 0.0057 0.3632 1.2733 0.0038 0.5081 100.0000 28.6257 0.1947 0.2827 29.1030 
81 3.1416 3.1416 0.1000 0.1000 3.1416 0.1000 0.1000 0.1000 0.1000 3.1416 0.1000 0.1000 1.1172 0.0040 0.3662 1.2540 0.0033 0.6505 100.0000 28.4092 0.2357 0.3168 28.9616 
82 1.0155 3.0410 3.0836 0.1000 0.9365 2.1518 0.2837 2.2434 3.1416 1.7304 0.6285 2.8471 -0.7656 0.0221 0.3745 1.2430 0.0832 0.4669 100.0000 28.0702 0.2838 0.4398 28.7938 
83 0.7930 3.1416 2.7900 0.1000 0.5343 2.6377 0.1000 2.8089 3.1416 1.8643 0.2939 2.9043 -0.9062 0.1286 0.3809 1.2494 0.0224 0.3392 100.0000 28.8848 0.2426 0.3079 29.4354 
84 0.5852 3.1416 3.1416 0.1000 0.2545 2.5037 0.1000 2.7845 3.1416 1.2555 0.4164 3.1416 -0.2344 0.0210 0.3889 1.2581 0.0102 0.2384 100.0000 28.2484 0.2171 0.2984 28.7639 
85 1.0286 3.1416 2.6322 0.1000 0.8825 2.5679 0.1000 2.5827 3.1416 2.3800 0.2139 2.6629 -0.6797 0.0319 0.3830 1.2544 0.0009 0.0313 100.0000 28.7325 0.3194 0.3926 29.4446 
86 0.6418 3.1416 2.5562 0.1000 0.7959 2.9088 0.5950 2.4023 3.1416 2.0861 0.5136 3.1416 -0.3594 0.0188 0.3877 1.2577 0.0158 0.3119 100.0000 29.0389 0.2792 0.4019 29.7200 
87 1.3563 3.0622 2.9531 0.1000 0.6871 2.1747 0.1000 3.0706 3.1416 1.8742 0.2286 2.4599 -0.8125 0.0283 0.3884 1.2578 0.0216 0.1974 100.0000 29.6512 0.2717 0.3080 30.2310 
88 0.7134 2.8851 3.1416 0.1000 0.4500 1.9380 0.1000 2.8709 3.1416 2.4038 0.2610 2.5100 -1.1250 0.0034 0.3970 1.2653 0.0096 0.1737 100.0000 29.2218 0.2515 0.3031 29.7764 
89 0.7392 3.1416 3.1416 0.1000 0.1000 1.9911 0.1000 3.0706 3.1416 2.6476 0.1000 2.4386 -0.0781 0.0235 0.4074 1.2779 0.0183 0.1790 100.0000 28.5335 0.2332 0.3133 29.0800 
90 0.7181 2.6370 3.1178 0.1000 0.7885 1.9328 0.1000 2.7466 3.1416 2.1793 0.3702 2.5557 -1.1719 0.0439 0.3814 1.2805 0.0021 0.0238 100.0000 28.0835 0.2483 0.4127 28.7445 
91 0.8600 2.6646 3.0963 0.1000 0.7908 1.6815 0.1000 2.7158 3.1416 2.2629 0.3480 2.8107 -0.7734 0.0632 0.3954 1.2922 0.0026 0.0559 100.0000 28.4132 0.2517 0.3382 29.0031 
92 0.6214 2.6913 3.1416 0.1000 0.7586 2.1879 0.1000 2.7362 3.1416 2.0858 0.4053 2.2663 -0.6562 0.0749 0.3979 1.3014 0.0209 0.0809 100.0000 27.7469 0.2912 0.5124 28.5506 
93 0.1000 0.1000 3.1416 0.1000 0.1000 0.1000 0.1000 0.1000 3.1416 3.1416 3.1416 0.1000 -1.2266 0.0430 0.3915 1.3012 0.0039 0.3191 100.0000 28.5472 0.2385 0.3369 29.1226 
94 0.1000 0.5126 3.1416 0.1000 0.1000 0.1000 0.1000 0.1000 3.1416 3.1416 3.1416 0.1000 -0.9297 0.0215 0.3969 1.3149 0.0043 0.0838 100.0000 29.3836 0.2310 0.3686 29.9832 
95 0.1000 0.1000 3.1416 0.1000 0.1000 0.5743 0.1000 0.1000 3.1416 3.1416 3.1416 0.1000 -1.1406 0.0336 0.4020 1.3193 0.0083 0.0951 100.0000 28.0394 0.2317 0.3453 28.6163 
96 0.1000 0.1000 3.1416 0.1000 0.1000 0.2277 0.1000 0.1000 3.1416 3.1416 3.1416 0.5876 -1.0469 0.0232 0.4129 1.3247 0.0074 0.1067 100.0000 28.7714 0.2344 0.4160 29.4219 
97 0.6091 0.1000 3.1416 0.1000 0.1000 0.2315 0.1000 0.1000 3.1416 3.1416 3.1416 0.1000 -1.3516 0.0730 0.4218 1.3280 0.0122 0.1105 100.0000 28.4540 0.2731 0.5080 29.2351 
98 0.7385 0.1000 3.1416 0.1000 0.1000 0.2246 0.1000 0.1000 3.1416 3.1416 2.9463 0.1000 -1.2500 0.0796 0.4335 1.3315 0.0095 0.0584 100.0000 28.2989 0.2487 0.4620 29.0096 
99 0.6305 0.1000 3.1416 0.1000 0.1000 0.2259 0.1000 0.1000 2.8327 3.1416 3.1416 0.1000 -1.4688 0.0713 0.4422 1.3338 0.0152 0.0798 100.0000 28.2975 0.2392 0.3686 28.9053 
100 0.6560 0.1000 3.1416 0.1000 0.1000 0.2225 0.1000 0.1000 2.7355 3.1416 3.1416 0.1000 -1.4531 0.0743 0.4533 1.3328 0.0288 0.0667 100.0000 29.7680 0.2446 0.3161 30.3287 
101 0.6713 0.1000 3.1416 0.1000 0.1000 0.2199 0.1000 0.1000 2.7013 3.1416 3.1416 0.1000 -1.4844 0.0755 0.4621 1.3323 0.0166 0.0506 100.0000 28.9304 0.2540 0.3439 29.5284 
102 0.6938 0.1000 3.1416 0.1000 0.1000 0.2156 0.1000 0.1000 2.6508 3.1416 3.1416 0.1000 -1.4688 0.0768 0.4705 1.3320 0.0257 0.0623 100.0000 28.5462 0.2530 0.4526 29.2518 
103 0.7069 0.1000 3.1416 0.1000 0.1000 0.2127 0.1000 0.1000 2.6339 3.1416 3.1416 0.1000 -1.3906 0.0774 0.4787 1.3317 0.0504 0.0875 100.0000 29.2777 0.2429 0.3523 29.8729 
104 0.6808 0.1000 3.1416 0.2341 0.1000 0.2254 0.1000 0.1000 2.6883 3.1416 3.1416 0.1000 -1.4141 0.0858 0.4851 1.3332 0.0119 0.0535 100.0000 28.3317 0.2767 0.4918 29.1003 
105 0.6930 0.1000 3.1416 0.1000 0.2492 0.2064 0.1000 0.1000 2.6879 3.1416 3.1416 0.1000 -1.3359 0.0874 0.4934 1.3333 0.0425 0.0971 100.0000 29.0781 0.2364 0.3374 29.6520 
106 0.6846 0.1000 2.9624 0.1000 0.1000 0.2619 0.1000 0.1000 2.7007 3.1416 3.1416 0.1000 -1.5781 0.0660 0.5006 1.3358 0.0222 0.0688 100.0000 28.2061 0.2366 0.2998 28.7425 
107 0.7166 0.1000 2.7748 0.1000 0.1000 0.2837 0.1000 0.1000 2.6623 3.1416 3.1416 0.1000 -1.7812 0.0541 0.5103 1.3319 0.0131 0.0470 100.0000 28.8208 0.2919 0.4303 29.5430 
108 0.7600 0.1000 2.5334 0.1000 0.1000 0.3029 0.1000 0.1000 2.6139 3.1416 3.1416 0.1000 -1.1562 0.0362 0.5202 1.3310 0.0221 0.0555 100.0000 29.4224 0.3380 0.3477 30.1081 
109 0.7264 0.1000 2.9607 0.1000 0.1000 0.4261 0.5949 0.1000 2.6246 3.1416 3.1416 0.1000 -1.6484 0.1072 0.5160 1.3179 0.0283 0.1235 100.0000 30.2309 0.2430 0.3607 30.8346 
110 0.8786 0.1000 3.0479 0.1000 0.1000 0.6824 0.5396 0.1000 2.5458 3.1416 3.1416 0.1000 -0.7031 0.0700 0.5292 1.3112 0.0177 0.0694 100.0000 30.5730 0.2410 0.4327 31.2467 
111 0.5430 0.1000 2.8353 0.1000 0.1000 0.1000 0.4814 0.1000 2.7071 3.1416 3.1416 0.1000 -1.3047 0.0587 0.5005 1.3344 0.0294 0.0460 100.0000 29.5259 0.2653 0.4282 30.2194 
112 0.6269 0.1000 2.8800 0.1000 0.1000 0.1000 0.1000 0.1000 2.7013 2.6815 3.1416 0.1000 -0.6719 0.0156 0.5121 1.3235 0.0283 0.0696 100.0000 32.0904 0.2850 0.3257 32.7010 
113 0.6071 0.1000 2.9150 0.1000 0.1000 0.2426 0.2061 0.5648 2.7758 3.1416 3.1416 0.1000 -0.8984 0.0540 0.4959 1.3573 0.0388 0.0711 100.0000 29.6704 0.2377 0.3316 30.2398 
114 0.6399 0.1000 2.8997 0.6458 0.1000 0.2104 0.2890 0.1000 2.8307 3.1416 3.1416 0.1000 -1.2188 0.0502 0.4958 1.3720 0.0672 0.2263 100.0000 30.4853 0.2583 0.3278 31.0715 
115 0.6029 0.1000 3.1416 0.1000 0.1000 0.1000 1.0812 0.1000 3.0775 3.1416 3.1416 0.1000 -0.7812 0.0685 0.5034 1.3719 0.0588 0.1807 100.0000 29.0931 0.2686 0.3598 29.7215 
116 0.4133 0.1000 2.9240 0.1000 0.1000 0.3044 0.1000 0.1000 2.5325 3.1416 2.7330 0.1000 -1.1328 0.0321 0.5047 1.3766 0.0795 0.1493 100.0000 29.1687 0.2776 0.3725 29.8188 
117 0.1836 0.1000 3.1416 0.1000 0.1000 0.1000 0.1000 0.1000 1.8448 3.1416 3.1416 0.1000 -0.6484 0.0172 0.5106 1.3786 0.0500 0.1794 100.0000 29.2550 0.3217 0.3350 29.9117 
118 0.6837 0.1000 2.7879 0.1000 0.5980 0.3288 0.1000 0.1000 2.9621 3.1416 3.1416 0.1000 -1.0781 0.1006 0.5084 1.3819 0.0950 0.9864 100.0000 29.1131 0.2637 0.5353 29.9122 
119 1.2430 0.1000 2.9020 0.1000 0.1000 0.1000 0.1000 0.1000 2.8129 3.1416 3.1416 0.1000 -1.0078 0.0730 0.5134 1.3864 0.0647 0.9447 100.0000 29.5852 0.2407 0.3614 30.1873 
120 0.1000 0.1000 0.1000 0.1000 0.1000 0.1000 3.1416 0.1000 3.1416 3.1416 0.1000 0.1000 1.1406 0.0025 0.5152 1.3925 0.0389 1.3949 100.0000 29.5491 0.2447 0.3259 30.1198 
121 3.1416 3.1416 0.1000 3.1416 0.1000 0.1000 3.1416 0.1000 0.1000 3.1416 3.1416 3.1416 0.0078 0.0156 0.5327 1.3983 0.0248 0.5506 100.0000 28.7165 0.2083 0.3875 29.3123 
122 3.1416 0.1000 3.1416 0.1000 3.1416 0.1000 3.1416 0.1000 0.1000 0.1000 3.1416 3.1416 0.2344 0.0117 0.5297 1.3774 0.0329 1.0375 100.0000 30.2452 0.2335 0.3078 30.7866 
123 3.1416 3.1416 3.1416 3.1416 0.1000 3.1416 3.1416 0.1000 0.1000 3.1416 0.1000 0.1000 -0.9062 0.0303 0.5300 1.3599 0.0415 1.0810 100.0000 29.5673 0.1969 0.2924 30.0565 
124 3.1416 3.1416 3.1416 3.1416 0.1000 3.1416 3.1416 0.1000 0.1000 1.5440 0.1000 0.1000 -0.3359 0.0284 0.5263 1.3510 0.0329 0.2523 100.0000 28.3902 0.2382 0.6419 29.2703 
125 3.1416 3.1416 3.1416 3.1416 1.8067 3.1416 3.1416 0.1000 0.1000 3.1416 0.1000 0.1000 -0.5312 0.0479 0.5237 1.3402 0.0314 0.3417 100.0000 29.2755 0.2072 0.3359 29.8185 
126 3.1416 3.1416 3.1416 1.3716 0.1000 3.1416 3.1416 0.1000 0.1000 3.1416 0.1000 0.1000 -0.9062 0.0303 0.5222 1.3304 0.0375 0.6940 100.0000 29.7798 0.2062 0.3586 30.3446 
127 1.6804 3.1416 3.1416 2.0733 0.1000 3.1416 3.1416 0.1000 0.1000 3.1416 0.1000 0.1000 -0.4297 0.0434 0.5226 1.3267 0.0452 0.3847 100.0000 29.1595 0.2101 0.2930 29.6626 
128 3.1416 3.1416 3.1416 0.1000 0.1000 3.1416 2.2777 0.1000 0.1000 3.1416 0.1000 0.1000 0.6172 0.0055 0.5214 1.3190 0.0378 0.3526 100.0000 29.9788 0.2287 0.3997 30.6073 
129 3.1416 1.8235 3.1416 2.5287 0.1000 3.1416 3.1416 0.1000 0.1000 3.1416 0.1000 0.1000 -0.9062 0.0303 0.5165 1.3193 0.0649 1.2311 100.0000 29.7651 0.2192 0.3238 30.3081 
130 3.1416 2.7574 3.1416 2.5422 0.1000 1.8637 3.1416 0.1000 0.1000 3.1416 0.1000 0.1000 -0.3516 0.0196 0.5192 1.3186 0.0496 0.6307 100.0000 30.1219 0.2595 0.3616 30.7430 
131 3.1416 2.3007 3.1416 3.1416 0.1000 3.1416 3.1416 0.1000 0.1000 3.1416 1.6001 0.1000 -0.6094 0.0351 0.5172 1.3125 0.0674 1.6765 100.0000 29.1007 0.2361 0.3010 29.6378 
132 3.1416 3.1416 3.1416 3.1416 0.1000 0.1000 0.1000 3.1416 0.1000 0.1000 3.1416 3.1416 0.7031 0.0055 0.5171 1.3063 0.0210 0.6040 100.0000 29.6413 0.2064 0.3432 30.1910 
133 3.1416 0.1000 3.1416 3.1416 0.1000 3.1416 3.1416 0.1000 0.1000 3.1416 0.1000 0.1000 -0.9062 0.0303 0.5258 1.3015 0.0660 0.5492 100.0000 29.4283 0.2167 0.3383 29.9832 
134 3.1416 0.9071 3.1416 3.1416 0.1000 3.1416 3.1416 0.1000 1.5074 3.1416 0.1000 0.1000 -0.4922 0.0333 0.5259 1.2981 0.0405 0.2611 100.0000 29.0776 0.2548 0.5292 29.8616 
135 3.1416 0.1000 3.1416 3.1416 1.7409 3.1416 3.1416 0.1000 0.1000 3.1416 0.1000 0.1000 -0.4688 0.0466 0.5253 1.2921 0.0333 0.2098 100.0000 29.7489 0.2255 0.2973 30.2716 
136 3.1416 3.1416 0.1000 3.1416 3.1416 0.1000 3.1416 3.1416 0.1000 0.1000 0.1000 3.1416 -0.2500 0.0187 0.5244 1.2849 0.0278 0.5210 100.0000 29.4962 0.2052 0.3039 30.0053 
137 0.1000 0.1000 3.1416 1.6517 0.1000 0.6146 0.1000 0.1000 3.1416 3.1416 3.1416 0.1000 -0.5469 0.0300 0.5202 1.2696 0.0452 0.2786 100.0000 29.4358 0.2349 0.4076 30.0784 
138 3.1416 3.1416 3.1416 3.1416 3.1416 0.1000 3.1416 0.1000 3.1416 3.1416 0.1000 0.1000 -0.3359 0.0199 0.5211 1.2681 0.0282 0.6674 100.0000 29.1601 0.2200 0.3035 29.6836 
139 3.1416 3.1416 0.1000 3.1416 0.1000 0.1000 0.1000 3.1416 3.1416 3.1416 0.1000 0.1000 0.2188 0.0137 0.5166 1.2539 0.0238 0.2880 100.0000 30.0424 0.1858 0.3099 30.5382 
140 0.1000 0.1000 3.1416 0.1000 0.1000 0.1000 0.1000 0.1000 3.1416 3.1416 3.1416 3.1416 -1.0234 0.0338 0.5179 1.2423 0.0393 0.5018 100.0000 29.0222 0.2215 0.3919 29.6356 
141 1.4277 0.1000 3.1416 0.1000 0.1000 0.1000 0.1000 0.1000 3.1416 3.1416 3.1416 3.1416 -0.4062 0.0430 0.5165 1.2398 0.0538 0.3472 100.0000 29.5092 0.2391 0.3684 30.1167 
142 3.1416 0.1000 3.1416 3.1416 3.1416 0.1000 0.1000 0.1000 0.1000 3.1416 3.1416 0.1000 0.1875 0.0125 0.5144 1.2360 0.0407 0.8435 100.0000 29.6144 0.2354 0.3040 30.1539 
143 1.7522 0.1000 0.1000 0.1000 3.1416 2.2326 3.1416 3.1416 3.1416 0.1000 1.3760 3.1416 -0.3672 0.0401 0.5156 1.2256 0.0446 0.3924 100.0000 30.3041 0.2199 0.3139 30.8379 
144 3.1416 0.1000 1.4801 3.1416 0.1000 3.1416 3.1416 0.1000 0.1000 3.1416 0.1000 0.1000 0.1719 0.0095 0.5128 1.2172 0.0706 1.4378 100.0000 29.6433 0.2916 0.5637 30.4986 
145 0.1000 0.1000 3.1416 0.1000 0.1000 0.1000 0.1000 0.1000 3.1416 3.1416 1.7184 3.1416 -1.0234 0.0338 0.5102 1.2115 0.0533 0.3457 100.0000 29.7913 0.2416 0.3739 30.4069 
146 0.1000 0.1000 3.1416 0.1000 1.3333 0.1000 0.1000 0.1000 3.1416 3.1416 2.3148 3.1416 -0.4062 0.0435 0.5138 1.2132 0.0659 0.3412 100.0000 29.6044 0.2232 0.4092 30.2368 
147 0.1000 3.1416 0.1000 0.1000 3.1416 3.1416 3.1416 0.1000 0.1000 3.1416 3.1416 0.1000 0.2734 0.0099 0.5127 1.2118 0.0299 0.6946 100.0000 28.9968 0.2030 0.3109 29.5107 
148 0.1000 0.1000 3.1416 0.1000 3.1416 3.1416 3.1416 3.1416 0.1000 0.1000 0.1000 0.1000 -1.0234 0.0338 0.5159 1.2032 0.0246 0.7562 100.0000 29.6054 0.2386 0.3465 30.1905 
149 0.1000 0.1000 3.1416 0.1000 3.1416 3.1416 3.1416 1.7856 0.1000 0.1000 0.1000 0.1000 -0.6250 0.0402 0.5110 1.1992 0.0153 0.0916 100.0000 29.6800 0.2292 0.3390 30.2481 
107 0.7166 0.1000 2.7748 0.1000 0.1000 0.2837 0.1000 0.1000 2.6623 3.1416 3.1416 0.1000 -1.7812 0.0541 0.5103 1.3319 0.0131 0.0470 100.0000 28.8208 0.2919 0.4303 29.5430 
