0 3.0145 0.5269 0.1718 3.1374 0.6604 0.4668 2.0814 1.1513 2.8057 0.8049 3.0184 1.0716 0.1719 0.0019 0.0348 0.9116 0.0000 0.0000 0.0000 0.0000 0.0000 0.0000 0.0000 
1 1.9284 2.9350 2.1843 2.9100 2.2538 0.2473 2.7808 1.8932 1.0450 0.6783 2.6848 1.8727 -0.1953 0.0292 0.0348 0.9116 0.0000 0.0000 0.0000 0.0000 0.0000 0.0000 0.0000 
2 2.9530 2.4540 3.0236 1.8225 2.2242 1.9624 0.8860 3.0099 1.0504 2.4758 3.0036 2.0797 -0.6406 0.0028 0.0348 0.9116 0.0000 0.0000 0.0000 0.0000 0.0000 0.0000 0.0000 
3 0.5326 2.6100 2.1303 0.6628 0.2494 1.7176 0.1981 2.9137 1.6399 1.6735 1.3454 2.1105 -0.1953 0.0092 0.0348 0.9116 0.0000 0.0000 0.0000 0.0000 0.0000 0.0000 0.0000 
4 2.8875 1.0347 1.2369 1.8720 1.0043 1.9117 1.7520 1.4184 2.1477 1.7067 0.3680 3.1309 0.7500 0.0190 0.0348 0.9116 0.0000 0.0000 0.0000 0.0000 0.0000 0.0000 0.0000 
5 1.1819 1.4132 1.3252 2.9272 2.9961 1.6573 1.3186 0.3937 2.8237 0.6213 1.7626 1.1619 0.2734 0.0205 0.0348 0.9116 0.0000 0.0000 0.0000 0.0000 0.0000 0.0000 0.0000 
6 1.0985 1.1865 0.6817 0.2125 1.7286 2.5208 2.0681 0.7129 2.2098 0.2584 1.3493 2.6187 -0.6953 0.0452 0.0348 0.9116 0.0000 0.0000 0.0000 0.0000 0.0000 0.0000 0.0000 
7 2.9014 1.5009 2.6748 1.6163 1.6937 1.8779 3.1151 2.3620 1.5388 2.3120 2.0566 1.1760 0.2031 0.0337 0.0348 0.9116 0.0000 0.0000 0.0000 0.0000 0.0000 0.0000 0.0000 
8 2.4851 2.5935 1.9505 2.9674 0.1553 1.6208 2.0301 1.1359 0.6213 2.2050 1.4213 0.9182 -0.2031 0.0106 0.0348 0.9116 0.0000 0.0000 0.0000 0.0000 0.0000 0.0000 0.0000 
9 0.2273 3.0416 1.1715 0.4592 0.7580 0.8754 2.7346 0.6495 0.9406 0.3961 1.5294 0.7318 -0.0938 0.0109 0.0348 0.9116 0.0000 0.0000 0.0000 0.0000 0.0000 0.0000 0.0000 
10 1.1467 2.3353 2.9137 2.6372 0.2164 1.2490 2.6821 0.2003 0.7181 1.5904 1.2632 2.3821 -0.3750 0.0116 0.0348 0.9116 0.0000 0.0000 0.0000 0.0000 0.0000 0.0000 0.0000 
11 2.2843 1.5127 0.8574 0.8018 0.9099 0.2983 2.1250 0.5799 2.8052 2.0647 0.2727 1.6170 -0.2656 0.0002 0.0348 0.9116 0.0000 0.0000 0.0000 0.0000 0.0000 0.0000 0.0000 
12 1.9361 0.2285 1.5804 0.1908 2.4307 0.1124 2.0223 3.0976 2.6743 0.8097 1.7259 0.5254 0.3516 0.0078 0.0348 0.9116 0.0000 0.0000 0.0000 0.0000 0.0000 0.0000 0.0000 
13 1.1411 2.7275 2.5872 0.1277 1.2554 2.0473 0.6337 2.5413 2.8164 1.7771 1.2013 2.6808 -0.6172 0.0132 0.0348 0.9116 0.0000 0.0000 0.0000 0.0000 0.0000 0.0000 0.0000 
14 1.6598 0.6729 0.9449 0.5840 2.6510 1.6508 2.2190 2.5861 3.0618 0.6794 1.3340 2.7590 -0.7188 0.1340 0.0348 0.9116 0.0000 0.0000 0.0000 0.0000 0.0000 0.0000 0.0000 
15 2.4167 1.2763 2.0946 0.6931 0.5920 0.2539 1.2549 0.8177 1.6746 3.0488 0.5650 1.7963 -0.1562 0.0059 0.0348 0.9116 0.0000 0.0000 0.0000 0.0000 0.0000 0.0000 0.0000 
16 2.7299 1.9201 1.7035 2.4353 0.1664 2.9851 2.1880 2.5535 2.6100 0.3998 0.3026 0.6425 -0.1641 0.0568 0.0348 0.9116 0.0000 0.0000 0.0000 0.0000 0.0000 0.0000 0.0000 
17 1.6353 2.9541 2.8657 1.3531 1.9931 2.3503 1.1110 3.0519 2.9645 2.3111 2.8418 2.5358 1.6094 0.0011 0.0348 0.9116 0.0000 0.0000 0.0000 0.0000 0.0000 0.0000 0.0000 
18 2.0838 1.0774 0.9558 0.8254 0.2745 2.9161 1.0074 0.1726 1.0614 0.4138 1.4540 1.1105 -0.2031 0.0877 0.0348 0.9116 0.0000 0.0000 0.0000 0.0000 0.0000 0.0000 0.0000 
19 0.6337 1.5501 1.3618 1.1769 2.5736 1.0331 1.7462 2.7703 3.0171 1.2398 0.2232 2.9909 0.8438 0.0074 0.0348 0.9116 0.0000 0.0000 0.0000 0.0000 0.0000 0.0000 0.0000 
20 1.1011 1.1882 0.6826 0.2114 1.7292 2.5191 2.0673 0.7143 2.2092 0.2587 1.3467 2.6193 -0.6406 0.0453 0.0348 0.9116 0.0008 0.0040 74.0000 19.7888 0.2913 0.3341 20.4142 
21 2.2666 2.5520 2.1069 2.9141 0.1657 1.5600 2.1361 0.9828 0.6374 2.1054 1.3947 1.1559 -0.3516 0.0395 0.1071 0.9042 0.0000 0.1279 100.0000 25.1175 0.2681 0.2991 25.6847 
22 1.3998 2.3884 2.7307 2.7013 0.2037 1.3175 2.5577 0.3774 0.6967 1.7071 1.2954 2.0991 0.1172 0.0113 0.2004 0.9122 0.0000 0.0100 89.0000 22.2681 0.2772 0.3207 22.8660 
23 3.0189 2.4317 3.0323 1.8465 2.2369 1.9429 0.8684 3.0093 0.9527 2.4841 3.0139 2.0592 -0.6953 0.0041 0.1835 0.9231 0.0000 0.0098 100.0000 27.2576 0.2816 0.3227 27.8618 
24 2.0057 2.8089 2.1071 3.0228 0.1000 1.4214 1.9973 0.7057 0.5468 2.1510 1.2258 1.0310 -0.6328 0.0446 0.2123 0.9220 0.0003 0.1673 100.0000 25.9191 0.2660 0.3158 26.5009 
25 3.0538 2.4210 3.0374 1.8591 2.2441 1.9325 0.8569 3.0096 0.9003 2.4887 3.0202 2.0491 -0.9609 0.0066 0.2266 0.9332 0.0001 0.0086 74.0000 19.8651 0.2725 0.3008 20.4384 
26 1.8605 3.0265 2.0667 3.1273 0.1000 1.3289 1.8586 0.5270 0.4653 2.2174 1.0997 0.8654 -0.4531 0.0092 0.2290 0.9258 0.0000 0.0111 100.0000 27.7385 0.2831 0.3092 28.3308 
27 1.1808 1.0525 0.6953 0.2013 1.9126 2.4098 2.1245 1.0413 2.3794 0.2780 1.4216 2.6314 -0.5312 0.0455 0.2523 0.9386 0.0000 0.0095 85.0000 21.6799 0.4405 0.3530 22.4733 
28 0.8904 1.0717 0.5434 0.1000 1.6849 2.7577 2.1362 0.5829 2.2115 0.1000 1.5691 2.6012 -0.3047 0.0097 0.2768 0.9494 0.0002 0.0533 100.0000 26.5932 0.2830 0.3059 27.1821 
29 1.2874 1.3831 0.8251 0.2375 1.7342 2.2996 1.9755 0.7162 2.1441 0.3791 1.0961 2.6153 0.3984 0.0138 0.2786 0.9601 0.0000 0.0092 81.0000 21.4352 0.2704 0.3092 22.0148 
30 1.8906 2.7580 1.9913 2.9370 0.1000 1.3846 1.9481 0.6609 0.7689 2.0926 1.1077 1.0529 0.1641 0.0037 0.1680 0.9364 0.0008 0.1059 100.0000 27.1374 0.2999 0.3241 27.7614 
31 1.0554 2.7061 2.5339 0.1000 1.1111 2.0007 0.5577 2.5375 2.7044 1.7319 1.1033 2.6405 -0.6484 0.0346 0.1254 0.9244 0.0001 0.0616 100.0000 26.6216 0.2679 0.3887 27.2782 
32 1.1105 2.7364 2.6091 0.1000 1.1615 2.0486 0.5472 2.4345 2.8634 1.7151 0.9509 2.7313 -0.9531 0.0511 0.1482 0.9486 0.0007 0.0891 100.0000 26.4531 0.2833 0.2992 27.0356 
33 3.1128 2.4029 3.0460 1.8805 2.2563 1.9150 0.8372 3.0102 0.8115 2.4964 3.0310 2.0321 -0.8750 0.0134 0.1626 0.9609 0.0009 0.0091 68.0000 17.9362 0.2866 0.3573 18.5800 
34 1.7253 0.5842 0.8757 0.5015 2.6387 1.7690 2.2740 2.5095 3.0521 0.5915 1.4702 2.7455 -0.4219 0.1076 0.1756 0.9669 0.0000 0.0114 100.0000 26.7597 0.2909 0.3104 27.3610 
35 3.1416 2.3617 3.0360 1.8945 2.2498 1.9078 0.8941 2.9929 0.7942 2.4978 3.0123 2.0029 -0.7031 0.0159 0.1792 0.9786 0.0001 0.0201 100.0000 25.6061 0.4217 0.2742 26.3020 
36 3.0784 2.4671 3.0646 1.8622 2.2697 1.9228 0.7385 3.0389 0.8200 2.4956 3.0643 2.0765 -0.7969 0.0116 0.1815 0.9854 0.0008 0.0099 67.0000 17.6970 0.2701 0.2882 18.2553 
37 3.1416 2.4100 3.0731 1.9197 2.3153 1.9933 0.8096 3.0724 0.8841 2.5552 3.1183 2.0784 -0.8125 0.0154 0.1946 1.0008 0.0004 0.0541 100.0000 26.9435 0.2526 0.2734 27.4696 
38 3.1416 2.4705 3.1192 1.7725 2.2247 1.9730 0.8491 3.1296 0.7883 2.4959 3.0677 2.0864 -0.5938 0.0085 0.2111 1.0232 0.0005 0.0512 100.0000 26.5373 0.3905 0.3433 27.2711 
39 3.0637 2.3930 2.9980 1.9948 2.3280 1.8968 0.7241 2.9386 0.8777 2.5226 3.0615 2.0361 -0.9922 0.0127 0.2165 1.0449 0.0004 0.0095 68.0000 18.3124 0.2563 0.3062 18.8749 
40 1.1170 2.7492 2.6384 0.1000 1.1474 2.0632 0.5176 2.3754 2.9221 1.6931 0.8367 2.7713 -0.7812 0.0555 0.2357 1.0767 0.0005 0.0088 73.0000 19.6634 0.2790 0.3447 20.2870 
41 3.0586 2.3823 2.9796 2.0398 2.3524 1.8794 0.6828 2.9064 0.8750 2.5296 3.0675 2.0284 -0.9375 0.0105 0.2446 1.0934 0.0006 0.0100 69.0000 17.6658 0.2660 0.3122 18.2441 
42 3.0575 2.3782 2.9789 2.0622 2.3691 1.8646 0.6587 2.8897 0.8663 2.5398 3.0752 2.0144 -1.2500 0.0103 0.2589 1.1206 0.0001 0.0095 75.0000 19.2185 0.2702 0.3106 19.7992 
43 3.0453 2.3536 2.9567 2.1851 2.4510 1.7946 0.5330 2.7973 0.8357 2.5810 3.1064 1.9580 -1.0938 0.0029 0.2848 1.1628 0.0004 0.0096 68.0000 18.0325 0.3449 0.3176 18.6949 
44 3.1125 2.3164 2.8343 2.2555 2.4273 1.8563 0.4993 2.7963 0.7985 2.5008 3.0740 2.0930 -1.1484 0.0059 0.3221 1.2058 0.0001 0.0099 94.0000 25.2921 0.3503 0.3879 26.0303 
45 3.0863 2.3947 2.9368 2.3629 2.4060 1.8817 0.5100 2.7106 0.7118 2.6257 3.0917 2.0578 -0.8516 0.0007 0.3637 1.2460 0.0002 0.0374 100.0000 26.5533 0.2949 0.3157 27.1639 
46 3.1116 2.2332 2.8179 2.0981 2.5122 1.7420 0.4711 2.8868 0.8998 2.4358 3.1030 1.9881 -0.9453 0.0109 0.3647 1.2579 0.0003 0.0092 68.0000 19.0734 0.2932 0.3221 19.6887 
47 3.0157 2.2104 3.1313 2.2457 2.4000 1.8337 0.4819 2.8456 0.8896 2.3794 2.9988 2.0171 -0.7500 0.0003 0.3823 1.2718 0.0017 0.0812 100.0000 26.4586 0.3280 0.3548 27.1415 
48 3.1126 2.4641 2.6679 2.0663 2.4699 1.7944 0.6066 2.8072 0.8169 2.6792 3.1416 2.0007 -0.4297 0.0004 0.3917 1.2979 0.0003 0.0093 75.0000 18.8994 0.2868 0.3153 19.5016 
49 3.1416 2.2226 2.9179 2.2013 2.2380 1.9146 0.5552 2.8822 0.8535 2.4859 3.1416 2.0922 -0.8594 0.0028 0.3066 1.2378 0.0025 0.0419 100.0000 25.0164 0.2718 0.3965 25.6847 
50 3.0579 2.3921 3.0416 2.1755 2.6120 1.8708 0.6711 2.8415 0.7803 2.3837 3.1346 2.0864 -0.9688 0.0004 0.3323 1.2882 0.0004 0.0098 77.0000 20.1318 0.2633 0.4038 20.7989 
51 3.1416 2.4360 3.0362 2.2886 2.5528 1.8341 0.5690 3.0716 0.8335 2.5305 2.9064 1.9528 -0.7812 0.0593 0.3642 1.3319 0.0005 0.0295 100.0000 25.5214 0.3521 0.3616 26.2351 
52 3.0463 2.2134 3.1416 1.9457 2.5274 1.8873 0.5229 2.6295 0.7506 2.5454 3.1416 2.0759 -0.9141 0.0048 0.3806 1.3595 0.0002 0.0094 96.0000 25.4713 0.2727 0.3261 26.0700 
53 3.1416 2.4356 3.1230 2.1400 2.3586 1.5443 0.6089 2.6663 0.8034 2.3571 3.1416 2.1287 -0.5547 0.0166 0.4026 1.3823 0.0013 0.0405 100.0000 25.7890 0.2609 0.3013 26.3512 
54 2.8809 2.1934 2.9476 2.1304 2.5306 2.1194 0.5576 2.8726 0.7255 2.4863 3.1379 1.9191 -0.9531 0.0302 0.3963 1.4040 0.0004 0.0086 88.0000 24.3009 0.3420 0.3660 25.0088 
55 2.9644 2.0087 2.9809 2.1951 2.6526 1.9939 0.5920 2.9125 0.7816 2.6739 3.0689 2.2509 -0.9297 0.0068 0.4157 1.4213 0.0002 0.0088 100.0000 25.1190 0.2612 0.3483 25.7285 
56 3.1416 2.2072 2.9407 2.1589 2.6833 2.3320 0.3386 2.7190 0.8319 2.4227 3.0271 2.1087 -1.1562 0.0007 0.4332 1.4332 0.0002 0.0143 100.0000 25.8719 0.2517 0.2964 26.4201 
57 3.1416 2.1104 2.9444 2.2203 2.8155 2.4907 0.1631 2.6980 0.7136 2.3800 3.0919 2.1234 -1.4062 0.0034 0.4531 1.4430 0.0001 0.0098 78.0000 20.4365 0.2687 0.3003 21.0056 
58 3.1416 2.0509 2.9504 2.2621 2.9110 2.6233 0.1000 2.6770 0.6342 2.3413 3.1316 2.1320 -1.2500 0.0095 0.4759 1.4542 0.0003 0.0096 97.0000 26.0816 0.3306 0.3543 26.7665 
59 3.1416 2.0561 3.0684 2.2542 2.8865 2.6561 0.1000 2.6481 0.7504 2.5037 3.1416 1.9740 -1.1641 0.0780 0.4923 1.4392 0.0005 0.0206 100.0000 25.5955 0.3419 0.2973 26.2347 
60 3.1416 2.0855 2.8448 2.2047 2.8309 2.5474 0.1000 2.7463 0.5215 2.2056 3.0316 2.2676 -0.0156 0.0030 0.5067 1.4330 0.0002 0.0130 100.0000 27.5744 0.3236 0.3043 28.2024 
61 3.1416 2.1051 3.0012 2.2780 2.8714 2.4542 0.2205 2.6383 0.8682 2.4948 3.1416 2.0373 -1.1094 0.0197 0.3287 1.4495 0.0025 0.0180 100.0000 26.0951 0.3506 0.3084 26.7540 
62 3.1416 2.1853 3.0957 2.1485 2.7303 2.5032 0.1617 2.7339 0.8249 2.5831 3.1416 2.0195 -1.1953 0.0758 0.3432 1.4641 0.0051 0.0355 100.0000 26.6966 0.2571 0.3932 27.3469 
63 3.1416 2.0739 3.0762 2.2541 2.8044 2.6147 0.3950 2.5622 0.8131 2.4880 3.1416 1.9126 -1.1016 0.0331 0.3782 1.5163 0.0031 0.0355 100.0000 27.0980 0.2536 0.3241 27.6757 
64 3.1416 1.9894 3.0334 2.1941 2.9779 2.4054 0.1000 2.7785 0.9068 2.5658 3.1416 1.8772 -0.9688 0.0706 0.3964 1.5391 0.0156 0.0729 100.0000 26.1914 0.2595 0.3109 26.7618 
65 3.1416 2.2387 3.1011 2.3927 2.7775 2.6156 0.1206 2.5290 0.8623 2.6043 3.1416 2.1489 -1.3281 0.0421 0.3986 1.5540 0.0193 0.0734 100.0000 27.0233 0.2886 0.3738 27.6857 
66 3.1416 2.2383 3.1416 2.4597 2.8301 2.7126 0.1000 2.4775 0.8769 2.7222 3.1416 2.1581 -0.4297 0.0671 0.4252 1.5691 0.0036 0.0396 100.0000 26.6147 0.2804 0.2922 27.1873 
67 0.1000 0.1000 0.1000 0.1000 3.1416 3.1416 0.1000 0.1000 0.1000 3.1416 3.1416 0.1000 0.6719 0.0065 0.3320 1.5109 0.0009 0.3246 100.0000 26.0337 0.2363 0.2913 26.5614 
68 0.1000 0.1000 0.1000 3.1416 0.1000 0.1000 0.1000 3.1416 0.1000 3.1416 3.1416 0.1000 -0.0391 0.0102 0.3537 1.5051 0.0021 0.4377 100.0000 28.0280 0.3080 0.2531 28.5891 
69 0.1000 0.1000 0.1000 3.1416 3.1416 3.1416 3.1416 3.1416 0.1000 0.1000 3.1416 3.1416 0.7031 0.0055 0.3376 1.4408 0.0017 0.4539 100.0000 26.8099 0.1880 0.2608 27.2587 
70 0.8927 3.0968 3.0371 0.1000 0.8285 2.2242 0.1000 2.4148 3.1416 1.6866 0.4791 2.9471 -0.8516 0.0445 0.3590 1.4354 0.0021 0.0960 100.0000 27.7191 0.2696 0.3286 28.3173 
71 1.2122 3.1416 2.7044 0.1000 1.0538 2.3532 0.1000 2.3084 3.1416 1.9684 0.1412 2.4019 -1.1484 0.1257 0.3724 1.4544 0.0034 0.1988 100.0000 27.6950 0.2846 0.2948 28.2744 
72 1.0698 3.1416 2.8042 0.1000 0.9622 2.6388 0.1000 2.0529 3.1416 2.1449 0.1000 2.2709 -1.1016 0.1124 0.3925 1.4842 0.0030 0.1062 100.0000 27.2182 0.2474 0.3842 27.8499 
73 1.4424 3.1416 2.9292 0.1000 0.8543 2.5015 0.1000 2.3095 3.1416 1.8145 0.1000 2.1158 -0.3359 0.0361 0.4138 1.5036 0.0026 0.0803 100.0000 26.3510 0.2606 0.3087 26.9203 
74 0.9162 3.1416 2.5737 0.1000 1.1664 2.3981 0.1000 2.1530 3.1416 2.2127 0.1496 2.5808 -0.6250 0.0469 0.3779 1.5007 0.0004 0.0101 100.0000 27.4016 0.2801 0.3294 28.0111 
75 0.1000 0.1000 3.1416 3.1416 3.1416 3.1416 0.1000 3.1416 0.1000 3.1416 0.1000 0.1000 0.8438 0.0057 0.3257 1.4162 0.0020 0.9105 100.0000 29.1508 0.1858 0.2736 29.6103 
76 0.7684 3.0445 3.0392 0.1000 0.8241 2.8741 0.1000 1.7385 3.1416 2.1142 0.2857 2.3827 -1.0391 0.0823 0.3600 1.4407 0.0456 1.4206 100.0000 27.7813 0.4199 0.4142 28.6155 
77 0.1000 0.1000 3.1416 0.1000 0.1000 0.1000 3.1416 0.1000 0.1000 3.1416 3.1416 3.1416 0.0078 0.0156 0.3815 1.4765 0.0032 0.4623 100.0000 27.7191 0.2221 0.2674 28.2085 
78 0.8154 3.1416 3.0086 0.1000 0.5992 3.0171 0.1000 1.9057 3.1416 2.5611 0.1000 2.3432 -0.4922 0.0151 0.3687 1.4282 0.0329 0.1755 100.0000 28.3040 0.2455 0.2855 28.8350 
79 0.8523 3.0267 2.9192 0.1000 1.1316 2.6107 0.1000 1.7530 3.1416 1.7496 0.3696 2.3671 -1.6719 0.1143 0.3595 1.4226 0.0009 0.0245 100.0000 28.2194 0.3035 0.3335 28.8565 
80 0.8225 3.0163 2.9199 0.1000 1.2152 2.5882 0.1000 1.6793 3.1416 1.6391 0.4068 2.3516 -1.6016 0.1097 0.3856 1.4778 0.0008 0.0097 93.0000 25.3865 0.2796 0.3571 26.0232 
81 0.7907 3.0220 2.9300 0.1000 1.2477 2.5883 0.1000 1.6347 3.1416 1.5922 0.4119 2.3474 -1.4766 0.1121 0.4160 1.4933 0.0005 0.0109 100.0000 27.6331 0.3656 0.3387 28.3374 
82 0.8964 2.8707 2.8618 0.1000 1.1882 2.6148 0.1000 1.6924 3.1416 1.6680 0.4868 2.3788 -1.2578 0.0639 0.4340 1.4965 0.0023 0.0372 100.0000 28.8205 0.2632 0.4458 29.5295 
83 0.7056 3.1416 3.0219 0.1000 1.2270 2.5299 0.1000 1.7004 3.1416 1.6375 0.2757 2.3137 -1.4688 0.1391 0.4466 1.5085 0.0032 0.0209 100.0000 28.0141 0.2630 0.3680 28.6450 
84 0.7348 3.1416 2.8858 0.1000 1.2229 2.7439 0.1000 1.6755 3.1416 1.5004 0.2677 2.4307 -0.9375 0.1242 0.4706 1.5079 0.0030 0.0321 100.0000 29.6085 0.3330 0.3045 30.2460 
85 0.8093 3.0475 3.0494 0.1000 1.1990 2.3874 0.1000 1.6789 3.1416 1.8018 0.4521 2.2504 -1.5312 0.0590 0.4458 1.5283 0.0009 0.0089 99.0000 27.5712 0.3208 0.6271 28.5192 
86 0.7652 2.9583 3.1217 0.1000 1.2259 2.3240 0.1000 1.6187 3.1416 1.7930 0.4202 2.2422 -1.2109 0.0273 0.4718 1.5249 0.0015 0.0251 100.0000 29.1130 0.2699 0.3868 29.7696 
87 0.8201 3.1416 2.9101 0.1000 1.1707 2.5043 0.1000 1.7808 3.1416 1.7706 0.5724 2.2298 -0.9453 0.1079 0.4681 1.5265 0.0093 0.0304 100.0000 28.0669 0.2471 0.3320 28.6459 
88 0.9283 2.9222 3.0636 0.1000 1.2059 2.4739 0.1000 1.6320 3.1416 1.7594 0.1910 2.4471 -1.1953 0.0483 0.4622 1.5403 0.0023 0.0148 100.0000 27.2777 0.2513 0.3105 27.8395 
89 0.5820 2.7647 2.9775 0.1000 1.1240 2.4920 0.1000 1.7994 3.1416 1.6619 0.2580 2.2229 -1.2812 0.1509 0.4805 1.5403 0.0055 0.0312 100.0000 26.8280 0.2525 0.2985 27.3790 
90 0.7263 2.9993 2.8838 0.1000 0.9095 2.3176 0.1000 1.4043 3.1416 1.6249 0.3353 2.3570 -0.7422 0.0499 0.5013 1.5403 0.0026 0.0208 100.0000 27.1521 0.2497 0.3142 27.7160 
91 0.7871 2.9172 3.1416 0.1000 1.4336 2.6503 0.1000 1.8569 3.1416 1.7793 0.3562 2.3189 -1.5234 0.1014 0.4789 1.5691 0.0117 0.0354 100.0000 27.3103 0.3077 0.3621 27.9801 
92 0.7791 2.9052 3.1416 0.1000 1.4609 2.6376 0.1000 1.8526 2.9145 1.7667 0.3620 2.3250 -1.2656 0.0931 0.5047 1.5690 0.0185 0.0551 100.0000 27.3956 0.3635 0.3517 28.1107 
93 0.7861 2.9153 3.1416 0.1000 1.5406 2.7418 0.1000 1.6406 3.1416 1.8359 0.2772 2.0807 -1.7734 0.1449 0.5132 1.5721 0.0100 0.0458 100.0000 27.2292 0.2832 0.3402 27.8526 
94 0.7720 2.8876 3.1416 0.1000 1.6692 2.8056 0.1000 1.5686 3.1416 1.8635 0.2448 1.9764 -1.5703 0.1287 0.5329 1.5703 0.0106 0.0381 100.0000 27.6330 0.2473 0.3521 28.2324 
95 0.7569 2.7045 3.1416 0.1000 1.6501 2.9301 0.1000 1.5397 3.1416 1.8349 0.3960 2.0679 -0.2578 0.0671 0.5521 1.5596 0.0152 0.0841 100.0000 26.9353 0.2455 0.3611 27.5419 
96 0.1000 3.1416 0.1000 0.1000 0.1000 3.1416 3.1416 3.1416 0.1000 3.1416 3.1416 0.1000 1.1172 0.0040 0.3907 1.6093 0.0127 1.2379 100.0000 27.8425 0.1955 0.3888 28.4268 
97 3.1416 3.1416 3.1416 0.1000 3.1416 0.1000 0.1000 0.1000 0.1000 0.1000 0.1000 0.1000 -1.0781 0.0382 0.4362 1.6323 0.0109 0.6512 100.0000 26.4412 0.2263 0.5169 27.1844 
98 3.1416 3.1416 3.1416 0.1000 3.1416 0.1000 0.1000 0.1000 0.1000 1.0990 0.1000 0.1000 -0.8047 0.0078 0.4307 1.6172 0.0106 0.1791 100.0000 29.6888 0.2559 0.3732 30.3179 
99 3.1416 3.1416 3.1416 0.1000 3.1416 0.1000 0.1000 0.1000 0.1000 0.1000 1.1289 0.1000 -0.7031 0.0483 0.4322 1.6118 0.0129 0.2557 100.0000 28.1511 0.2341 0.2938 28.6790 
100 3.1416 3.1416 3.1416 1.1641 3.1416 0.1000 0.1000 0.1000 0.1000 0.1000 0.1000 0.1000 -1.0781 0.0382 0.4318 1.6041 0.0150 0.2082 100.0000 26.1566 0.2309 0.4249 26.8124 
101 3.1416 3.1416 3.1416 0.7256 3.1416 0.1000 0.1000 1.0768 0.1000 0.1000 0.1000 0.1000 -0.6094 0.0196 0.4388 1.6068 0.0150 0.2669 100.0000 26.8874 0.3332 0.4396 27.6602 
102 3.1416 3.1416 3.1416 0.7004 3.1416 0.1000 0.1000 0.1000 1.1234 0.1000 0.1000 0.1000 -0.6875 0.0576 0.4373 1.6010 0.0231 0.2558 100.0000 27.5713 0.2680 0.3105 28.1497 
103 3.1416 3.1416 1.9935 0.7298 3.1416 0.1883 0.1000 0.1000 0.1000 0.1000 0.1000 0.1000 -0.3047 0.0465 0.4376 1.5952 0.0189 0.3045 100.0000 27.3271 0.2668 0.3935 27.9874 
104 3.1416 3.1416 3.1416 2.3485 3.1416 0.1000 0.1000 0.1000 0.1000 0.1000 0.1000 0.1000 -1.0781 0.0382 0.4310 1.5815 0.0507 0.3747 100.0000 27.0884 0.2265 0.3151 27.6300 
105 3.1416 3.1416 3.1416 2.2878 3.1416 0.1000 0.1000 0.1000 0.1000 1.1309 0.1000 0.1000 -0.8750 0.0080 0.4377 1.5858 0.0206 0.2572 100.0000 27.5874 0.2489 0.3460 28.1822 
106 3.1416 3.1416 3.1416 2.0507 2.1188 0.1000 0.1000 0.1000 0.1000 0.1000 0.1000 0.1000 1.1875 0.0028 0.4423 1.5852 0.0170 0.2302 100.0000 27.3560 0.2330 0.3833 27.9723 
107 3.1416 3.1416 3.1416 3.1416 3.1416 0.1000 0.1000 0.1000 0.1000 2.3288 0.1000 0.1000 0.8828 0.0094 0.4038 1.5739 0.0283 0.6962 100.0000 27.0548 0.2162 0.2831 27.5540 
108 0.1000 0.1000 0.1000 3.1416 0.1000 3.1416 3.1416 0.1000 3.1416 3.1416 0.1000 0.1000 0.2266 0.0116 0.4095 1.5632 0.0077 0.5481 100.0000 27.4327 0.2045 0.4833 28.1205 
109 0.1000 0.1000 3.1416 3.1416 0.1000 0.1000 0.1000 0.1000 0.1000 0.1000 3.1416 3.1416 -1.1484 0.0393 0.4077 1.5345 0.0080 0.4252 100.0000 28.0978 0.2337 0.3098 28.6414 
110 0.1000 0.1000 3.1416 3.1416 0.1000 0.9380 0.1000 0.1000 0.1000 0.1000 3.1416 3.1416 -0.9922 0.0172 0.4038 1.5244 0.0095 0.1741 100.0000 27.2901 0.2178 0.2858 27.7937 
111 0.1000 0.1000 3.1416 3.1416 0.9608 0.1000 0.1000 0.1000 0.1000 0.1000 3.1416 3.1416 -0.3438 0.0590 0.4111 1.5337 0.0064 0.1006 100.0000 26.8749 0.2205 0.3280 27.4234 
112 0.1000 0.1000 2.2357 3.1416 0.1000 0.2810 0.1000 0.1000 0.1000 0.1000 3.1416 3.1416 2.1172 0.0026 0.3997 1.5157 0.0143 0.1821 100.0000 27.5052 0.2274 0.2857 28.0183 
113 0.8051 3.0686 3.1201 0.1000 1.5166 2.6232 0.1000 1.7044 3.1416 1.8557 0.1493 2.0309 -1.8594 0.1429 0.3345 1.4234 0.2249 0.1806 100.0000 27.4608 0.2669 0.3277 28.0555 
114 3.1416 3.1416 0.1000 0.1000 3.1416 0.1000 3.1416 0.1000 0.1000 3.1416 3.1416 3.1416 -0.3359 0.0199 0.3621 1.4785 0.0049 0.5918 100.0000 28.1492 0.2048 0.3103 28.6642 
115 3.1416 0.1000 0.1000 0.1000 3.1416 3.1416 3.1416 0.1000 0.1000 3.1416 0.1000 0.1000 -1.1094 0.0343 0.3480 1.4284 0.0038 0.7675 100.0000 27.7938 0.2390 0.3061 28.3389 
116 3.1416 0.1000 0.1000 0.9010 3.1416 3.1416 3.1416 0.1000 0.1000 3.1416 0.1000 0.1000 -0.7734 0.0172 0.3436 1.4148 0.0046 0.1891 100.0000 27.9217 0.2221 0.3147 28.4586 
117 3.1416 0.1000 0.1000 0.1000 3.1416 3.1416 3.1416 0.9284 0.1000 3.1416 0.1000 0.1000 -0.7188 0.0167 0.3441 1.4140 0.0071 0.1720 100.0000 27.4392 0.2904 0.4283 28.1579 
118 3.1416 0.1000 0.9550 0.1000 3.1416 3.1416 3.1416 0.1000 0.1000 3.1416 0.1000 0.1000 -0.9453 0.0715 0.3437 1.4106 0.0098 0.2071 100.0000 27.8601 0.2287 0.3204 28.4091 
119 3.1416 0.1000 0.2121 0.1000 3.1416 3.1416 3.1416 0.1000 0.1000 2.2705 0.1000 0.1000 1.4141 0.0064 0.3486 1.4216 0.0105 0.2166 100.0000 28.8165 0.2489 0.3436 29.4091 
120 0.8055 3.0658 3.1183 0.1000 1.5151 2.6261 0.1000 1.7018 3.1416 1.8563 0.1519 2.0306 -1.7812 0.1437 0.3107 1.3411 0.1556 0.1098 100.0000 26.7929 0.3637 0.4490 27.6056 
121 3.1416 0.1000 2.0171 0.2666 3.1416 3.1416 3.1416 0.1106 0.1000 3.1416 0.1000 0.1000 -1.0312 0.0947 0.3263 1.3731 0.0279 1.1330 100.0000 28.3371 0.2268 0.3031 28.8670 
122 3.1416 0.1000 2.1883 0.1000 3.1416 2.3367 3.1416 0.1000 0.1000 3.1416 0.1000 0.1000 0.2500 0.0087 0.3288 1.3795 0.0080 0.2022 100.0000 27.7886 0.2353 0.2903 28.3141 
123 0.1000 3.1416 0.1000 3.1416 3.1416 0.1000 3.1416 3.1416 0.1000 3.1416 0.1000 0.1000 0.2188 0.0137 0.3118 1.3313 0.0029 0.8787 100.0000 28.7809 0.2043 0.3729 29.3580 
124 0.1000 3.1416 0.1000 3.1416 3.1416 3.1416 0.1000 0.1000 0.1000 3.1416 3.1416 3.1416 -0.4688 0.0253 0.3050 1.2983 0.0015 0.7454 100.0000 27.5248 0.1721 0.2942 27.9911 
125 0.1000 0.1000 3.1416 3.1416 3.1416 0.1000 3.1416 0.1000 0.1000 3.1416 0.1000 3.1416 0.2344 0.0117 0.2940 1.2605 0.0022 0.9215 100.0000 27.4581 0.2041 0.2912 27.9534 
126 0.8057 3.0551 3.1126 0.1000 1.5028 2.6325 0.1009 1.6983 3.1416 1.8532 0.1659 2.0422 -1.8125 0.1468 0.2888 1.2343 0.5753 1.5071 100.0000 27.5516 0.3466 0.3263 28.2246 
127 0.8021 3.0686 3.1270 0.1000 1.5279 2.6253 0.1000 1.6990 3.1416 1.8570 0.1491 2.0250 -1.7578 0.1426 0.3010 1.2576 0.5253 1.5824 100.0000 27.2641 0.2512 0.3640 27.8793 
128 0.8223 3.0465 3.0710 0.1000 1.4700 2.6220 0.1000 1.7228 3.1416 1.8464 0.1609 2.0556 -1.7734 0.1507 0.3136 1.2844 0.4608 1.2785 100.0000 28.3231 0.2519 0.3431 28.9181 
129 0.7887 3.1010 3.1416 0.1000 1.5758 2.6064 0.1000 1.7009 3.1416 1.8642 0.1189 2.0024 -1.9297 0.1321 0.3318 1.3251 0.4581 1.2429 100.0000 28.5324 0.2500 0.3495 29.1319 
130 0.1000 3.1416 0.1000 0.1000 3.1416 0.1000 0.1000 0.1000 3.1416 3.1416 3.1416 0.1000 -1.1719 0.0353 0.3576 1.3800 0.0060 0.7289 100.0000 27.7992 0.2240 0.3156 28.3388 
131 0.1000 3.1416 0.1000 0.1000 2.3556 0.1000 0.1000 0.1000 3.1416 3.1416 3.1416 0.1000 2.3828 0.0018 0.3533 1.3676 0.0042 0.1073 100.0000 28.8922 0.2912 0.2909 29.4743 
132 0.1000 0.1000 0.1000 0.1000 0.1000 3.1416 0.1000 3.1416 0.1000 0.1000 0.1000 0.1000 1.9531 0.0019 0.2850 1.2346 0.0015 1.0096 100.0000 28.6350 0.2370 0.3441 29.2161 
133 0.1000 0.1000 3.1416 3.1416 0.1000 3.1416 3.1416 3.1416 3.1416 0.1000 3.1416 0.1000 0.2344 0.0117 0.3322 1.3521 0.0034 0.9628 100.0000 28.0256 0.1976 0.4091 28.6324 
134 0.7750 3.1318 3.1416 0.1000 1.6369 2.5847 0.1000 1.6996 3.1416 1.8739 0.1000 1.9736 -1.6875 0.1225 0.3245 1.3185 0.4913 1.3131 100.0000 26.9391 0.2549 0.4994 27.6935 
135 3.1416 0.1000 0.1000 0.1000 0.1000 0.1000 0.1000 3.1416 0.1000 3.1416 3.1416 3.1416 -0.5078 0.0279 0.3353 1.3435 0.0031 0.7085 100.0000 28.1118 0.2085 0.3092 28.6295 
136 0.1000 3.1416 3.1416 3.1416 0.1000 3.1416 0.1000 0.1000 0.1000 3.1416 3.1416 0.1000 0.1328 0.0153 0.3241 1.3064 0.0076 1.4383 100.0000 27.5582 0.2158 0.3121 28.0860 
137 0.7978 3.0848 3.1416 0.1000 1.4863 2.6391 0.2319 1.7074 3.1416 1.8650 0.1282 2.0259 -1.7812 0.1433 0.3160 1.2738 0.4199 1.2326 100.0000 28.7602 0.2510 0.3442 29.3554 
138 0.8027 3.0869 3.1416 0.2375 1.4906 2.6320 0.1000 1.7154 3.1416 1.8593 0.1153 2.0173 -1.7656 0.1514 0.3315 1.3078 0.1464 0.1552 100.0000 27.6196 0.2477 0.3343 28.2017 
139 0.1000 3.1416 3.1416 0.1000 3.1416 3.1416 3.1416 0.1000 0.1000 0.1000 3.1416 0.1000 -0.2891 0.0239 0.3484 1.3457 0.0043 0.7688 100.0000 28.1850 0.2268 0.3178 28.7297 
140 3.1416 3.1416 0.1000 0.1000 3.1416 3.1416 0.1000 3.1416 0.1000 0.1000 3.1416 0.1000 -0.3359 0.0199 0.3365 1.3059 0.0085 1.3765 100.0000 28.1378 0.2202 0.2905 28.6485 
141 3.1416 2.4189 3.1416 0.4319 3.1416 0.1000 0.1000 0.1000 0.1000 0.1718 0.1000 0.1000 -1.2422 0.0425 0.3255 1.2698 0.0415 1.1051 100.0000 27.7216 0.2464 0.3753 28.3433 
142 3.1416 0.1000 0.1000 3.1416 3.1416 0.1000 3.1416 3.1416 0.1000 3.1416 3.1416 3.1416 0.2344 0.0117 0.3344 1.2935 0.0032 0.6293 100.0000 28.2336 0.1959 0.2730 28.7025 
143 3.1416 0.1000 0.1000 3.1416 3.1416 0.1000 0.1000 3.1416 0.1000 0.1000 0.1000 0.1000 1.1797 0.0020 0.3276 1.2653 0.0041 0.7853 100.0000 28.0965 0.2183 0.4081 28.7229 
144 3.1416 2.3443 3.1416 0.1000 3.1416 0.1000 0.1000 0.1000 0.1000 0.1000 0.1000 0.6407 -1.2812 0.0332 0.3448 1.2943 0.0183 0.1100 100.0000 27.5800 0.2816 0.3882 28.2498 
145 2.5740 2.2620 3.1416 0.1000 3.1416 0.1000 0.1000 0.1000 0.1000 0.1000 0.1000 0.3429 -0.5859 0.0299 0.3584 1.3274 0.0278 0.1383 100.0000 27.9653 0.2629 0.3770 28.6052 
146 0.8433 3.0572 3.1416 0.1000 1.5183 2.5851 0.1000 1.7691 3.1416 1.7560 0.1000 1.9590 -1.1016 0.1018 0.3553 1.3236 0.3259 0.3407 100.0000 27.8248 0.2697 0.4252 28.5197 
147 0.1000 0.1000 0.1000 0.1000 3.1416 3.1416 3.1416 0.1000 3.1416 3.1416 3.1416 3.1416 0.8594 0.0030 0.3224 1.2630 0.0024 0.5083 100.0000 28.3208 0.2080 0.3242 28.8530 
148 0.1000 0.1000 3.1416 3.1416 0.1000 1.8750 0.1000 0.1000 0.1000 0.1000 3.1416 3.1416 -0.1797 0.0531 0.3282 1.2644 0.0324 0.1916 100.0000 27.9778 0.2152 0.3157 28.5087 
149 3.1416 2.6616 3.1416 0.5882 3.1416 0.1000 0.1000 0.1000 0.1000 0.2813 0.1000 0.7196 -0.4297 0.0156 0.3231 1.2483 0.1023 0.2537 100.0000 27.9777 0.2646 0.3402 28.5824 
150 0.7505 3.1106 3.1110 0.1243 1.5251 2.6488 0.1220 1.6415 3.1416 1.9675 0.1732 2.1015 -1.8516 0.0858 0.3136 1.2320 0.5996 1.2391 100.0000 28.1069 0.3063 0.3917 28.8049 
151 3.1416 0.1000 3.1416 3.1416 3.1416 3.1416 3.1416 0.1000 0.1000 0.1000 3.1416 0.1000 0.0078 0.0156 0.3331 1.2723 0.0065 1.0267 100.0000 27.0247 0.2259 0.3356 27.5862 
152 3.1416 0.1000 1.5697 0.9485 3.1416 3.1416 3.1416 0.1868 0.1000 3.1416 0.1000 0.1000 0.5078 0.0057 0.3229 1.2382 0.0389 1.4597 100.0000 27.4394 0.3248 0.5292 28.2934 
153 3.1416 3.1416 0.1000 0.1000 0.1000 0.1000 3.1416 3.1416 0.1000 0.1000 3.1416 3.1416 -0.2031 0.0177 0.3009 1.1866 0.0025 0.6186 100.0000 27.9688 0.2020 0.3184 28.4892 
154 0.7529 3.1020 3.1113 0.1251 1.5242 2.6511 0.1217 1.6429 3.1416 1.9585 0.1775 2.0987 -1.9531 0.0936 0.2930 1.1605 0.3032 0.2294 100.0000 28.2390 0.2484 0.3956 28.8829 
155 0.7464 3.1140 3.1102 0.1265 1.5262 2.6500 0.1222 1.6365 3.1416 1.9751 0.1746 2.1059 -1.8203 0.0798 0.3022 1.1776 0.5747 1.1667 100.0000 28.2856 0.2779 0.3566 28.9202 
156 3.1416 2.3301 3.1416 0.1000 3.1416 0.1000 0.5789 0.1000 0.1000 0.1000 0.1000 0.1000 -1.1250 0.0531 0.3130 1.2004 0.0859 1.1208 100.0000 27.3997 0.2448 0.3113 27.9558 
157 0.1000 3.1416 0.1000 3.1416 0.1000 0.1000 0.1000 3.1416 0.1000 3.1416 0.1000 3.1416 0.5859 0.0080 0.3232 1.2256 0.0046 0.7659 100.0000 28.1711 0.2064 0.3361 28.7136 
158 0.7493 3.1399 3.1385 0.1048 1.5278 2.6560 0.1089 1.6341 3.1416 1.9949 0.1611 2.1030 -1.8281 0.0668 0.3222 1.2126 0.4317 0.5596 100.0000 28.0764 0.2456 0.4130 28.7350 
159 0.1000 0.1000 3.1416 3.1416 3.1416 0.1000 3.1416 0.1000 3.1416 3.1416 3.1416 0.1000 0.0078 0.0156 0.3368 1.2445 0.0038 0.5499 100.0000 29.9722 0.2635 0.4034 30.6391 
160 0.1000 0.1000 3.1416 0.1000 0.1000 3.1416 3.1416 3.1416 0.1000 0.1000 3.1416 3.1416 0.5859 0.0080 0.3259 1.2101 0.0048 0.7279 100.0000 27.7677 0.2850 0.3404 28.3931 
161 3.1416 0.1000 0.1000 0.1000 0.1000 3.1416 0.1000 3.1416 3.1416 3.1416 3.1416 0.1000 -0.9062 0.0303 0.3250 1.1977 0.0029 0.4665 100.0000 28.5487 0.2075 0.3338 29.0900 
162 0.1000 3.1416 0.1000 3.1416 0.1000 3.1416 3.1416 0.1000 3.1416 0.1000 3.1416 3.1416 0.0078 0.0156 0.3179 1.1798 0.0063 1.1036 100.0000 27.9785 0.1897 0.2992 28.4674 
163 0.7456 3.0893 3.0574 0.1579 1.5323 2.6252 0.1552 1.6488 3.1416 1.9540 0.1799 2.1124 -1.9297 0.0879 0.3093 1.1525 0.3081 0.2883 100.0000 27.9117 0.2738 0.4876 28.6732 
164 3.1416 0.1000 0.1000 1.0699 0.1000 3.1416 0.1000 3.1416 3.1416 3.1416 3.1416 0.1000 -0.7109 0.0162 0.3230 1.1790 0.0395 0.3347 100.0000 27.7312 0.2173 0.3752 28.3237 
165 3.1416 2.3254 3.1416 0.1000 3.1416 0.6346 0.1000 0.1000 0.1000 0.1000 0.1000 0.1000 -1.0781 0.0382 0.3227 1.1765 0.1115 0.3644 100.0000 27.9980 0.2755 0.3647 28.6382 
166 0.7424 3.1046 3.0526 0.1609 1.5437 2.6171 0.1653 1.6475 3.1416 1.9711 0.1669 2.1158 -1.7422 0.0729 0.3341 1.2024 0.2386 0.1958 100.0000 27.7701 0.2604 0.3679 28.3984 
167 0.6731 3.1282 3.1416 0.1000 1.4909 2.6526 0.1000 1.6594 3.1416 1.9866 0.1518 2.0825 -1.7734 0.0913 0.3524 1.2423 0.1805 0.1332 100.0000 28.6889 0.2834 0.4424 29.4147 
168 3.1416 0.1000 0.1000 0.1000 0.1000 3.1416 1.1730 3.1416 3.1416 3.1416 3.1416 0.1000 -0.6719 0.0344 0.3774 1.2957 0.0120 0.2282 100.0000 27.5995 0.2942 0.4414 28.3351 
169 3.1416 0.1000 0.1000 0.1000 0.1000 3.1416 0.1000 2.0424 3.1416 3.1416 3.1416 0.1000 0.8281 0.0320 0.3770 1.2922 0.0243 0.3211 100.0000 27.2426 0.2341 0.3718 27.8485 
170 0.8506 3.1416 3.1230 0.1293 1.5479 2.6427 0.1171 1.6157 3.1416 1.9782 0.1828 2.1264 -1.8281 0.0802 0.3550 1.2417 0.2309 0.2206 100.0000 28.1789 0.2497 0.3489 28.7775 
171 0.7821 3.1416 3.1416 0.1000 1.5743 2.6155 0.2263 1.6527 3.1416 2.0015 0.1460 2.1384 -1.8125 0.0611 0.3849 1.3053 0.1247 0.1246 100.0000 29.2430 0.2666 0.3673 29.8769 
172 3.1416 1.5845 3.1416 0.1000 3.1416 0.1000 0.1000 0.1000 0.1000 0.1000 0.1000 0.1000 -1.0781 0.0382 0.4117 1.3604 0.1274 0.4035 100.0000 28.2880 0.2705 0.3751 28.9336 
173 2.3975 3.1416 2.7562 3.1416 0.1000 1.4753 2.4182 0.4714 0.1000 2.6489 1.6118 0.7639 -0.3359 0.0022 0.4268 1.3918 0.0196 0.2190 100.0000 29.2585 0.2210 0.3470 29.8265 
174 0.7787 3.1416 3.0530 0.1000 1.5705 2.5995 0.1000 1.5854 3.1416 2.0455 0.1000 2.0723 -1.3125 0.0308 0.4220 1.3757 0.4027 0.6823 100.0000 28.5562 0.2319 0.3378 29.1259 
175 3.1416 1.9084 3.1416 0.1000 3.1416 0.1000 0.1000 0.1000 0.1000 0.1000 0.8506 0.1000 -1.0391 0.0505 0.4051 1.3506 0.0575 0.2605 100.0000 29.2367 0.3000 0.5047 30.0414 
176 3.1416 2.0303 3.1416 0.1000 3.1416 0.1000 0.1000 0.1000 0.8414 0.1000 0.1000 0.1000 -0.6719 0.0592 0.4232 1.3890 0.0546 0.1967 100.0000 27.7541 0.2534 0.4991 28.5067 
177 3.1416 1.3339 3.1416 0.1000 3.1416 0.1000 0.1000 0.1000 0.1000 0.1000 0.2903 1.0204 -0.0156 0.0062 0.4302 1.4048 0.0667 1.2225 100.0000 28.1548 0.2540 0.3996 28.8083 
178 3.1416 3.1416 3.1416 0.1000 0.1000 0.1000 3.1416 0.1000 3.1416 0.1000 3.1416 3.1416 0.2344 0.0117 0.4246 1.3951 0.0185 0.8269 100.0000 28.2849 0.2240 0.3807 28.8896 
179 3.1416 3.1416 0.1000 3.1416 0.1000 3.1416 0.1000 0.1000 0.1000 0.1000 3.1416 0.1000 -0.4688 0.0253 0.4159 1.3657 0.0272 1.3000 100.0000 27.6993 0.2065 0.3170 28.2228 
180 0.7375 3.1416 3.1416 0.1813 1.5032 2.6689 0.1879 1.7098 3.1416 1.9090 0.2260 2.1368 -2.0703 0.1207 0.3937 1.3117 0.4972 0.7326 100.0000 28.3648 0.2493 0.3647 28.9789 
181 3.1416 3.1416 3.1416 0.1000 3.1416 3.1416 3.1416 0.1000 0.1000 0.1000 3.1416 3.1416 0.2344 0.0117 0.4165 1.3551 0.0230 1.0686 100.0000 28.7514 0.2083 0.3328 29.2924 
182 0.7042 3.1416 3.1416 0.2622 1.5052 2.6726 0.2550 1.7460 3.1416 1.9156 0.2332 2.1489 -1.9297 0.1247 0.4093 1.3301 0.4141 0.5637 100.0000 29.0112 0.2268 0.3784 29.6165 
183 0.6580 3.1416 3.1416 0.2279 1.5147 2.6601 0.3215 1.7790 3.1416 1.9276 0.2099 2.1479 -1.9844 0.1220 0.4375 1.3814 0.0937 0.1019 100.0000 27.6998 0.3208 0.4430 28.4637 
184 0.1000 3.1416 3.1416 0.1000 0.1000 0.1000 3.1416 3.1416 3.1416 3.1416 0.1000 0.1000 -1.0781 0.0382 0.4580 1.4145 0.0296 0.9229 100.0000 27.9759 0.2104 0.3278 28.5141 
185 0.1000 3.1416 3.1416 0.1000 0.1000 1.1243 3.1416 3.1416 3.1416 3.1416 0.1000 0.1000 -0.8281 0.0079 0.4498 1.3965 0.0203 0.1596 100.0000 28.0950 0.2045 0.3401 28.6397 
186 0.6643 3.1416 3.1416 0.3359 1.5364 2.6439 0.2455 1.7774 3.1416 1.9324 0.1922 2.1669 -1.9922 0.1210 0.4530 1.4003 0.0168 0.0354 100.0000 31.9369 0.3345 0.3570 32.6284 
187 0.1000 2.0731 3.1416 0.1000 0.1000 0.1000 3.1416 3.1416 3.1416 3.1416 0.1000 0.1000 -0.5781 0.0206 0.4695 1.4237 0.0327 0.3138 100.0000 29.2699 0.2165 0.4127 29.8991 
188 0.6044 3.1416 3.1416 0.2636 1.5511 2.6310 0.3372 1.8060 3.1416 1.9377 0.1708 2.1530 -1.9375 0.1277 0.4698 1.4217 0.0473 0.0765 100.0000 28.9169 0.2343 0.3963 29.5474 
189 0.7399 3.1416 3.1416 0.3558 1.5029 2.6427 0.3262 1.7353 3.1416 1.9288 0.1906 2.1743 -1.8281 0.0886 0.4833 1.4394 0.4337 0.6191 100.0000 27.8930 0.2378 0.3959 28.5267 
190 0.1000 3.1416 3.1416 0.1000 0.1000 0.1000 3.1416 2.0097 3.1416 3.1416 0.1000 0.1000 -0.5391 0.0099 0.4937 1.4530 0.0310 0.2427 100.0000 28.6431 0.2765 0.3570 29.2766 
191 0.5760 3.1416 3.1416 0.2378 1.5679 2.6528 0.1991 1.8595 3.1416 1.9627 0.1941 2.1387 -2.0781 0.1665 0.4937 1.4499 0.0170 0.0444 100.0000 28.2669 0.2567 0.4551 28.9788 
192 0.5491 3.1416 3.1416 0.2468 1.5818 2.6449 0.2022 1.8758 3.1416 1.9697 0.1824 2.1361 -2.1016 0.1747 0.5056 1.4605 0.0189 0.0446 100.0000 28.9185 0.2540 0.3765 29.5489 
193 0.5049 3.1416 3.1416 0.2620 1.6050 2.6346 0.2078 1.9019 3.1416 1.9806 0.1644 2.1297 -1.8984 0.1891 0.5155 1.4678 0.1383 0.1451 100.0000 29.0048 0.2490 0.3666 29.6204 
194 0.5582 3.1416 3.1416 0.1317 1.5748 2.6455 0.3243 1.9007 3.1416 1.9761 0.1888 2.1405 -1.6875 0.1372 0.5234 1.4749 0.0142 0.0397 100.0000 27.8717 0.3335 0.4251 28.6303 
195 1.9908 0.1000 0.1000 0.1000 3.1416 1.8022 3.1242 3.1416 3.1416 0.1000 0.8819 3.1416 -0.2344 0.0344 0.5277 1.4813 0.0116 0.1649 100.0000 28.2382 0.2360 0.4959 28.9701 
196 0.5895 3.1416 3.1416 0.3894 1.5638 2.6336 0.1022 1.8105 3.1416 1.9481 0.1780 2.1595 -2.1641 0.1584 0.5251 1.4690 0.0411 0.0458 100.0000 28.0043 0.2696 0.5192 28.7931 
197 0.5487 3.1416 3.1416 0.4794 1.5884 2.6161 0.1000 1.8192 3.1416 1.9549 0.1519 2.1622 -1.9453 0.1505 0.5333 1.4721 0.0083 0.0217 100.0000 26.9081 0.2486 0.5992 27.7559 
198 0.5433 3.1416 3.1416 0.4632 1.5202 2.6357 0.1000 1.8422 3.1416 2.0091 0.2163 2.0425 -1.6016 0.1801 0.5410 1.4767 0.0266 0.0545 100.0000 28.7922 0.2418 0.4188 29.4528 
199 0.6027 3.1416 3.1416 0.3293 1.6913 2.6105 0.1423 1.8039 3.1416 1.8876 0.1000 2.3131 -2.2422 0.0968 0.5447 1.4829 0.0306 0.0410 100.0000 28.8411 0.2525 0.4059 29.4995 
199 0.6027 3.1416 3.1416 0.3293 1.6913 2.6105 0.1423 1.8039 3.1416 1.8876 0.1000 2.3131 -2.2422 0.0968 0.5447 1.4829 0.0306 0.0410 100.0000 28.8411 0.2525 0.4059 29.4995 
