0 3.0145 0.5269 0.1718 3.1374 0.6604 0.4668 2.0814 1.1513 2.8057 0.8049 3.0184 1.0716 1.9284 2.9350 -0.1328 0.0103 0.0681 0.9116 0.0000 0.0000 0.0000 0.0000 0.0000 0.0000 0.0000 
1 2.1843 2.9100 2.2538 0.2473 2.7808 1.8932 1.0450 0.6783 2.6848 1.8727 2.9530 2.4540 3.0236 1.8225 0.0625 0.0234 0.0681 0.9116 0.0000 0.0000 0.0000 0.0000 0.0000 0.0000 0.0000 
2 2.2242 1.9624 0.8860 3.0099 1.0504 2.4758 3.0036 2.0797 0.5326 2.6100 2.1303 0.6628 0.2494 1.7176 -0.0703 0.0494 0.0681 0.9116 0.0000 0.0000 0.0000 0.0000 0.0000 0.0000 0.0000 
3 0.1981 2.9137 1.6399 1.6735 1.3454 2.1105 2.8875 1.0347 1.2369 1.8720 1.0043 1.9117 1.7520 1.4184 0.9531 0.0757 0.0681 0.9116 0.0000 0.0000 0.0000 0.0000 0.0000 0.0000 0.0000 
4 2.1477 1.7067 0.3680 3.1309 1.1819 1.4132 1.3252 2.9272 2.9961 1.6573 1.3186 0.3937 2.8237 0.6213 -0.0391 0.0121 0.0681 0.9116 0.0000 0.0000 0.0000 0.0000 0.0000 0.0000 0.0000 
5 1.7626 1.1619 1.0985 1.1865 0.6817 0.2125 1.7286 2.5208 2.0681 0.7129 2.2098 0.2584 1.3493 2.6187 0.5781 0.0054 0.0681 0.9116 0.0000 0.0000 0.0000 0.0000 0.0000 0.0000 0.0000 
6 2.9014 1.5009 2.6748 1.6163 1.6937 1.8779 3.1151 2.3620 1.5388 2.3120 2.0566 1.1760 2.4851 2.5935 -0.3516 0.0030 0.0681 0.9116 0.0000 0.0000 0.0000 0.0000 0.0000 0.0000 0.0000 
7 1.9505 2.9674 0.1553 1.6208 2.0301 1.1359 0.6213 2.2050 1.4213 0.9182 0.2273 3.0416 1.1715 0.4592 -0.4297 0.0111 0.0681 0.9116 0.0000 0.0000 0.0000 0.0000 0.0000 0.0000 0.0000 
8 0.7580 0.8754 2.7346 0.6495 0.9406 0.3961 1.5294 0.7318 1.1467 2.3353 2.9137 2.6372 0.2164 1.2490 -0.5625 0.0907 0.0681 0.9116 0.0000 0.0000 0.0000 0.0000 0.0000 0.0000 0.0000 
9 2.6821 0.2003 0.7181 1.5904 1.2632 2.3821 2.2843 1.5127 0.8574 0.8018 0.9099 0.2983 2.1250 0.5799 0.3594 0.0320 0.0681 0.9116 0.0000 0.0000 0.0000 0.0000 0.0000 0.0000 0.0000 
10 2.8052 2.0647 0.2727 1.6170 1.9361 0.2285 1.5804 0.1908 2.4307 0.1124 2.0223 3.0976 2.6743 0.8097 -0.0703 0.0311 0.0681 0.9116 0.0000 0.0000 0.0000 0.0000 0.0000 0.0000 0.0000 
11 1.7259 0.5254 1.1411 2.7275 2.5872 0.1277 1.2554 2.0473 0.6337 2.5413 2.8164 1.7771 1.2013 2.6808 -0.2422 0.0004 0.0681 0.9116 0.0000 0.0000 0.0000 0.0000 0.0000 0.0000 0.0000 
12 1.6598 0.6729 0.9449 0.5840 2.6510 1.6508 2.2190 2.5861 3.0618 0.6794 1.3340 2.7590 2.4167 1.2763 -0.4766 0.0280 0.0681 0.9116 0.0000 0.0000 0.0000 0.0000 0.0000 0.0000 0.0000 
13 2.0946 0.6931 0.5920 0.2539 1.2549 0.8177 1.6746 3.0488 0.5650 1.7963 2.7299 1.9201 1.7035 2.4353 -0.4688 0.0198 0.0681 0.9116 0.0000 0.0000 0.0000 0.0000 0.0000 0.0000 0.0000 
14 0.1664 2.9851 2.1880 2.5535 2.6100 0.3998 0.3026 0.6425 1.6353 2.9541 2.8657 1.3531 1.9931 2.3503 0.0781 0.0043 0.0681 0.9116 0.0000 0.0000 0.0000 0.0000 0.0000 0.0000 0.0000 
15 1.1110 3.0519 2.9645 2.3111 2.8418 2.5358 2.0838 1.0774 0.9558 0.8254 0.2745 2.9161 1.0074 0.1726 -0.1016 0.0029 0.0681 0.9116 0.0000 0.0000 0.0000 0.0000 0.0000 0.0000 0.0000 
16 1.0614 0.4138 1.4540 1.1105 0.6337 1.5501 1.3618 1.1769 2.5736 1.0331 1.7462 2.7703 3.0171 1.2398 0.8281 0.0009 0.0681 0.9116 0.0000 0.0000 0.0000 0.0000 0.0000 0.0000 0.0000 
17 0.2232 2.9909 1.6638 0.7618 0.4899 0.8270 1.0444 0.5220 0.2491 3.1246 2.5949 0.4447 1.5622 2.5375 0.0078 0.0819 0.0681 0.9116 0.0000 0.0000 0.0000 0.0000 0.0000 0.0000 0.0000 
18 1.6344 0.3105 1.1331 1.2579 2.8816 1.8729 1.4960 2.0182 0.2479 2.1871 2.5576 2.1401 1.1976 0.9698 0.3906 0.0035 0.0681 0.9116 0.0000 0.0000 0.0000 0.0000 0.0000 0.0000 0.0000 
19 0.1309 0.3495 0.5701 1.4787 2.4672 0.7604 1.5367 2.0341 2.0146 0.1624 2.9000 1.8802 1.0224 0.8279 2.3750 0.0010 0.0681 0.9116 0.0000 0.0000 0.0000 0.0000 0.0000 0.0000 0.0000 
20 2.1956 2.9371 1.1260 1.3108 1.7945 0.6321 1.3345 2.8909 1.7923 2.6033 0.8965 2.7422 2.4805 0.7857 -0.3125 0.0590 0.0681 0.9116 0.0000 0.0000 0.0000 0.0000 0.0000 0.0000 0.0000 
21 1.7120 2.1741 1.8424 1.9309 0.8302 1.7848 1.1784 2.5271 1.2336 3.0791 1.8657 0.7927 1.3645 0.4896 0.2266 0.0212 0.0681 0.9116 0.0000 0.0000 0.0000 0.0000 0.0000 0.0000 0.0000 
22 2.3398 0.2397 1.9400 1.0368 2.4635 0.4857 2.1696 2.2717 0.8091 0.4962 1.2331 2.0740 0.8936 0.1267 0.1562 0.0425 0.0681 0.9116 0.0000 0.0000 0.0000 0.0000 0.0000 0.0000 0.0000 
23 1.4426 2.5597 0.5800 2.9613 1.6458 0.5883 0.4043 1.2278 1.5490 0.6343 0.3558 1.6246 0.8726 1.4515 -0.3125 0.0037 0.0681 0.9116 0.0000 0.0000 0.0000 0.0000 0.0000 0.0000 0.0000 
24 1.4710 2.2210 1.8568 0.7944 0.6466 2.7117 0.2536 0.4746 0.3126 2.6132 1.7454 2.9097 2.0049 1.1202 0.0312 0.0292 0.0681 0.9116 0.0000 0.0000 0.0000 0.0000 0.0000 0.0000 0.0000 
25 1.4093 2.3276 0.8033 2.5425 1.3395 0.2282 1.1453 1.8042 0.5458 2.8539 2.9170 1.6553 2.8514 2.1985 -0.3281 0.0020 0.0681 0.9116 0.0000 0.0000 0.0000 0.0000 0.0000 0.0000 0.0000 
26 1.7365 0.5809 2.9981 2.8971 1.4747 1.2706 0.3240 1.9833 2.7002 1.2828 0.9783 1.9643 2.5131 0.6162 0.3594 0.0226 0.0681 0.9116 0.0000 0.0000 0.0000 0.0000 0.0000 0.0000 0.0000 
27 0.9588 2.0536 0.2257 2.5844 1.0598 2.6310 1.4835 0.6035 0.1590 0.4446 0.8918 2.4042 2.5151 2.0199 -0.3906 0.0155 0.0681 0.9116 0.0000 0.0000 0.0000 0.0000 0.0000 0.0000 0.0000 
28 1.0342 2.1197 2.3280 1.2174 0.3481 1.5262 0.7752 0.6738 1.2879 0.3272 2.8311 0.9539 2.8327 2.3428 0.4062 0.0128 0.0681 0.9116 0.0000 0.0000 0.0000 0.0000 0.0000 0.0000 0.0000 
29 0.1329 2.8352 2.5619 1.6981 2.7896 1.5550 0.1765 0.5560 1.0446 2.7097 2.6229 0.4587 1.1642 0.4393 -0.8203 0.0227 0.0681 0.9116 0.0000 0.0000 0.0000 0.0000 0.0000 0.0000 0.0000 
30 0.7948 1.1711 1.3605 0.5559 2.1002 0.8365 2.8072 1.5643 1.4067 2.4293 1.1492 0.8811 0.4728 0.9965 -0.0078 0.0053 0.0681 0.9116 0.0000 0.0000 0.0000 0.0000 0.0000 0.0000 0.0000 
31 0.8135 2.3362 1.1796 2.2499 0.9381 0.3125 1.0273 1.2943 2.8682 0.7062 0.7437 0.5744 0.8702 3.0210 -0.1172 0.0586 0.0681 0.9116 0.0000 0.0000 0.0000 0.0000 0.0000 0.0000 0.0000 
32 2.9344 0.7922 0.2516 1.5797 1.8782 0.4396 1.3718 2.4379 0.1041 2.2857 2.1832 2.4920 1.5808 1.5112 1.0781 0.0587 0.0681 0.9116 0.0000 0.0000 0.0000 0.0000 0.0000 0.0000 0.0000 
33 1.6772 0.5146 1.6631 0.8284 1.0763 0.2362 0.5821 0.2681 1.7455 0.8187 1.7900 1.6317 0.8087 0.4866 -0.7344 0.0016 0.0681 0.9116 0.0000 0.0000 0.0000 0.0000 0.0000 0.0000 0.0000 
34 1.9128 2.1579 2.1997 1.6442 1.8641 0.1745 1.0318 2.5351 1.2473 0.4164 1.3802 2.6367 0.3984 0.4401 -0.0703 0.0392 0.0681 0.9116 0.0000 0.0000 0.0000 0.0000 0.0000 0.0000 0.0000 
35 1.6156 2.7537 1.2875 0.8544 2.4358 0.3868 0.9985 1.9200 2.6836 2.7190 1.0908 0.9099 1.2053 0.4696 0.0391 0.0512 0.0681 0.9116 0.0000 0.0000 0.0000 0.0000 0.0000 0.0000 0.0000 
36 0.9293 2.4316 3.0776 0.9219 0.3202 2.3491 3.0386 2.5155 1.3552 2.3631 2.4132 2.3629 1.5989 3.1384 0.2266 0.0245 0.0681 0.9116 0.0000 0.0000 0.0000 0.0000 0.0000 0.0000 0.0000 
37 2.4748 0.8150 1.4101 0.3711 1.2396 2.5859 1.5790 1.6945 2.4694 0.3653 1.1758 1.5703 1.6021 2.1828 -1.1094 0.0919 0.0681 0.9116 0.0000 0.0000 0.0000 0.0000 0.0000 0.0000 0.0000 
38 2.9498 2.5378 1.7592 2.1802 1.7379 3.0998 1.9144 1.9069 1.3043 1.3753 2.4238 1.2342 2.8490 2.3137 -0.1484 0.0112 0.0681 0.9116 0.0000 0.0000 0.0000 0.0000 0.0000 0.0000 0.0000 
39 3.0051 2.2493 1.8337 1.2158 0.1548 2.1120 2.3853 2.2996 2.4089 0.2089 2.1807 0.9510 1.2819 2.7417 0.7578 0.0025 0.0681 0.9116 0.0000 0.0000 0.0000 0.0000 0.0000 0.0000 0.0000 
40 1.0963 2.0875 0.1866 2.6634 1.1454 2.6511 1.4413 0.6314 0.1882 0.3604 0.9067 2.4525 2.5333 2.0204 -0.2891 0.0097 0.0681 0.9116 0.0003 0.0879 100.0000 32.5917 0.4185 0.3025 33.3128 
41 2.4748 0.8108 1.4084 0.3664 1.2467 2.5885 1.5771 1.6943 2.4711 0.3655 1.1712 1.5738 1.6023 2.1816 -1.0938 0.0931 0.2313 0.9162 0.0005 0.0094 71.0000 22.9578 0.3789 0.3199 23.6567 
42 2.4752 0.8070 1.4070 0.3617 1.2527 2.5915 1.5753 1.6940 2.4729 0.3652 1.1669 1.5767 1.6021 2.1809 -1.0000 0.0943 0.2319 0.8671 0.0003 0.0093 73.0000 24.0080 0.3126 0.3794 24.7000 
43 2.4725 0.8413 1.4214 0.4047 1.1908 2.5672 1.5899 1.6935 2.4556 0.3659 1.2067 1.5467 1.6028 2.1887 -1.0078 0.0812 0.2346 0.8338 0.0001 0.0095 89.0000 26.9008 0.2801 0.3577 27.5386 
44 2.5046 0.8037 1.3997 0.3172 1.2981 2.6144 1.5823 1.7177 2.5103 0.3528 1.1361 1.6039 1.5967 2.1974 -1.2422 0.1091 0.2565 0.8081 0.0000 0.0102 100.0000 31.6505 0.2727 0.3248 32.2480 
45 2.5443 0.7899 1.3870 0.2478 1.3706 2.6519 1.5868 1.7473 2.5632 0.3360 1.0851 1.6462 1.5897 2.2177 -1.1484 0.1037 0.2850 0.7799 0.0004 0.0091 75.0000 23.0532 0.4071 0.4892 23.9495 
46 2.5472 0.7284 1.3859 0.2064 1.3719 2.7013 1.5262 1.6834 2.5397 0.3354 1.0374 1.6362 1.5712 2.2167 -0.9297 0.1018 0.3276 0.7615 0.0000 0.0099 98.0000 34.7248 0.2766 0.3884 35.3898 
47 2.5229 0.8790 1.3796 0.3208 1.3932 2.5643 1.6929 1.8607 2.6024 0.3459 1.1618 1.6785 1.6391 2.1992 -1.1094 0.1039 0.3445 0.7542 0.0002 0.0085 77.0000 23.2249 0.3613 0.3529 23.9391 
48 2.5860 0.7634 1.3887 0.2557 1.3258 2.6298 1.7260 1.9025 2.5408 0.4097 1.1756 1.6645 1.7446 2.3034 -0.4375 0.0674 0.3879 0.7452 0.0011 0.0768 100.0000 30.0984 0.3259 0.3034 30.7278 
49 2.4650 0.9032 1.3894 0.3533 1.3740 2.5681 1.5586 1.6942 2.5805 0.2919 1.1122 1.6271 1.5034 2.1178 -0.9141 0.0947 0.2785 0.7622 0.0008 0.0096 67.0000 19.9878 0.2773 0.3741 20.6392 
50 2.4187 0.7822 1.3843 0.4021 1.2497 2.7217 1.5387 1.5987 2.6071 0.1882 1.0891 1.5461 1.5219 2.0625 -0.6172 0.0710 0.3414 0.7591 0.0006 0.0488 100.0000 30.7457 0.2801 0.3107 31.3365 
51 2.5199 0.8883 1.4090 0.2886 1.3728 2.5077 1.5413 1.7196 2.4687 0.4185 1.1340 1.6402 1.5399 2.2146 -1.3828 0.1223 0.2418 0.7581 0.0008 0.0099 69.0000 21.0447 0.2641 0.3130 21.6218 
52 2.5289 0.9353 1.4199 0.2632 1.4135 2.4331 1.4899 1.6968 2.4143 0.4767 1.1291 1.6561 1.4935 2.2305 -1.5312 0.0894 0.2831 0.7617 0.0008 0.0100 61.0000 19.7430 0.2778 0.3092 20.3301 
53 2.5443 0.9867 1.4326 0.2234 1.4640 2.3539 1.4210 1.6616 2.3556 0.5388 1.1124 1.6759 1.4315 2.2494 -1.1250 0.0479 0.3602 0.7713 0.0007 0.0099 69.0000 21.6118 0.2868 0.3357 22.2343 
54 2.5423 1.0802 1.2651 0.2134 1.3394 2.3809 1.3231 1.7870 2.3091 0.4239 0.9738 1.7386 1.4753 2.2493 -0.5312 0.0342 0.3928 0.7597 0.0039 0.1180 100.0000 32.3187 0.3891 0.3601 33.0679 
55 2.5259 0.8770 1.4938 0.2800 1.4648 2.4474 1.5642 1.6553 2.4636 0.5081 1.1992 1.6235 1.4924 2.2238 -1.4609 0.0813 0.2381 0.7538 0.0010 0.0077 71.0000 22.4836 0.2755 0.3483 23.1074 
56 2.5253 0.8544 1.5564 0.2771 1.5249 2.4278 1.5814 1.5946 2.4783 0.5510 1.2403 1.6033 1.4542 2.2193 -1.3516 0.0401 0.3287 0.7781 0.0006 0.0096 83.0000 25.7294 0.2899 0.3539 26.3733 
57 2.5835 0.8289 1.6364 0.2239 1.5605 2.4042 1.5834 1.5121 2.5124 0.5844 1.2519 1.5859 1.3930 2.2406 -0.7734 0.0123 0.3963 0.7781 0.0002 0.0096 88.0000 28.0337 0.3267 0.3614 28.7217 
58 2.4660 0.8896 1.4412 0.3178 1.4830 2.4596 1.5534 1.7044 2.4199 0.5125 1.1984 1.6384 1.5277 2.2061 -1.2891 0.0802 0.2412 0.7582 0.0009 0.0076 79.0000 29.4364 0.3020 0.3635 30.1018 
59 2.3441 0.9060 1.4382 0.3708 1.6338 2.5484 1.5240 1.7086 2.3558 0.5586 1.2472 1.6014 1.5120 2.2342 -1.0156 0.0531 0.3794 0.7924 0.0009 0.0243 100.0000 30.5271 0.3058 0.3790 31.2119 
60 2.5203 0.7709 1.4219 0.2741 1.4434 2.2728 1.6299 1.6548 2.4361 0.5623 1.1613 1.7192 1.5262 1.9952 -0.6953 0.0562 0.4102 0.7933 0.0011 0.0245 100.0000 32.4354 0.2856 0.4229 33.1439 
61 2.5268 1.0346 1.5729 0.3333 1.4471 2.5187 1.4596 1.6565 2.5265 0.4317 1.2402 1.5727 1.4993 2.4561 -0.7031 0.1205 0.4059 0.8112 0.0004 0.0095 94.0000 30.5052 0.2994 0.3887 31.1933 
62 1.8375 0.3557 2.1214 0.3761 0.6864 0.1000 0.1000 0.1000 1.6570 0.9909 1.7466 1.6245 0.1449 0.2110 -0.7344 0.0612 0.3963 0.8268 0.0001 0.0257 100.0000 31.2464 0.3041 0.3507 31.9012 
63 2.2233 0.3963 1.5554 0.4003 0.8605 0.1000 0.1000 0.1000 1.9089 0.3398 1.0894 1.3025 0.4280 0.1000 0.2266 0.0116 0.4197 0.8246 0.0013 0.1039 100.0000 31.7047 0.2829 0.3409 32.3284 
64 1.4344 0.4391 2.3233 0.6384 0.7889 0.1000 0.4621 0.1000 1.4987 1.4354 2.2986 1.9077 0.3136 0.4918 -0.1016 0.0151 0.3778 0.8350 0.0001 0.0112 100.0000 30.8451 0.2970 0.3527 31.4949 
65 2.5448 0.8995 1.4372 0.2423 1.4210 2.5114 1.5851 1.6996 2.4121 0.4890 1.1656 1.5943 1.4492 2.2084 -1.4141 0.1260 0.2254 0.7699 0.0010 0.0069 95.0000 29.0305 0.3009 0.3475 29.6789 
66 2.5275 0.8916 1.4334 0.2585 1.3924 2.5384 1.5717 1.7147 2.4384 0.5389 1.1773 1.6316 1.4107 2.2072 -1.1797 0.1136 0.2466 0.7860 0.0046 0.0266 100.0000 32.1429 0.2755 0.4216 32.8401 
67 2.5606 0.9245 1.4225 0.1478 1.5197 2.5430 1.6769 1.6655 2.2562 0.4107 1.1578 1.4390 1.4354 2.1694 -0.8750 0.1075 0.3999 0.8422 0.0025 0.0200 100.0000 33.5892 0.3869 0.3946 34.3706 
68 2.6130 0.7463 1.3742 0.4724 1.4596 2.5781 1.4981 1.7362 2.4748 0.6852 1.0811 1.6150 1.3023 2.2622 0.2031 0.0252 0.4102 0.8488 0.0588 0.1583 100.0000 31.8077 0.2871 0.3333 32.4282 
69 0.1000 2.8646 2.7171 1.5919 2.9543 1.7377 0.1000 0.4317 0.9291 2.6947 2.6741 0.2542 1.0041 0.1000 -1.2344 0.1609 0.1916 0.7915 0.0003 0.1613 100.0000 30.6670 0.2831 0.3393 31.2894 
70 0.1000 2.9738 2.9005 1.6612 2.9340 1.7468 0.1000 0.4294 0.8049 2.7526 2.6861 0.2421 1.0188 0.1184 -1.0938 0.1206 0.2019 0.8198 0.0006 0.0789 100.0000 32.0325 0.2795 0.3297 32.6417 
71 0.1000 2.8924 2.6264 1.6751 3.0790 1.8075 0.1000 0.3054 0.9826 2.7214 2.7147 0.1111 0.9816 0.1000 -2.0000 0.2505 0.2123 0.8360 0.0007 0.0730 100.0000 32.6682 0.2799 0.3633 33.3114 
72 2.3955 0.9725 1.5330 0.1000 1.4035 2.4683 1.5580 1.6305 2.4285 0.3995 1.2657 1.7073 1.6097 2.1730 -1.7500 0.0775 0.2169 0.8656 0.2426 0.4067 100.0000 34.9428 0.4276 0.3651 35.7355 
73 0.1000 2.8977 2.5623 1.7111 3.1416 1.8506 0.1000 0.2321 1.0213 2.7300 2.7376 0.1000 0.9630 0.1000 -2.1016 0.2533 0.2455 0.9017 0.0366 0.0473 100.0000 32.1704 0.2627 0.3493 32.7824 
74 0.1000 2.8995 2.4958 1.7383 3.1416 1.9034 0.1000 0.1497 1.0616 2.7360 2.7639 0.1000 0.9341 0.1000 -1.7422 0.2208 0.3431 0.9902 0.0269 0.0472 100.0000 32.1378 0.4894 0.4327 33.0599 
75 0.1000 2.8882 2.5218 1.6028 3.1416 1.7870 0.1000 0.1274 1.1204 2.8564 2.8157 0.1000 0.8573 0.1000 -2.4375 0.2576 0.3752 0.9798 0.0349 0.1141 100.0000 33.0201 0.2974 0.7729 34.0905 
76 0.1000 2.8867 2.4790 1.5135 3.1416 1.7517 0.1000 0.1000 1.2123 2.9752 2.8966 0.1000 0.7487 0.1000 -2.4375 0.2412 0.4084 0.9677 0.2457 0.2377 100.0000 31.7110 0.2770 0.3665 32.3545 
77 0.1000 2.8885 2.4593 1.4991 3.1416 1.7600 0.1000 0.1000 1.2376 3.0023 2.9209 0.1000 0.7157 0.1000 -2.4375 0.2343 0.4386 0.9377 0.0575 0.0741 100.0000 34.2499 0.2842 0.3861 34.9203 
78 0.1000 2.8904 2.4456 1.4928 3.1416 1.7697 0.1000 0.1000 1.2529 3.0180 2.9365 0.1000 0.6944 0.1000 -2.5078 0.2295 0.4630 0.9018 0.0858 0.1140 100.0000 33.1950 0.2916 0.3536 33.8402 
79 0.1000 2.8971 2.4147 1.4737 3.1416 1.7949 0.1000 0.1000 1.2907 3.0622 2.9789 0.1000 0.6359 0.1000 -2.4766 0.2144 0.4861 0.8671 0.0264 0.0613 100.0000 33.2521 0.3822 0.3308 33.9651 
80 0.1000 2.9003 2.4036 1.4703 3.1416 1.8064 0.1000 0.1000 1.3022 3.0760 2.9926 0.1000 0.6166 0.1000 -2.2188 0.2089 0.5088 0.8349 0.0752 0.1108 100.0000 34.0164 0.2766 0.4181 34.7112 
81 0.1000 2.7830 2.4566 1.4747 3.1416 1.7751 0.1000 0.1000 1.3360 3.1399 2.9725 0.1000 0.7587 0.1000 -2.4844 0.1894 0.5225 0.8127 0.0607 0.1231 100.0000 34.7869 0.3007 0.3743 35.4619 
82 0.1000 2.7707 2.4657 1.4756 3.1416 1.8226 0.1000 0.1000 1.3661 3.1416 3.0175 0.1000 0.7313 0.1000 -2.3984 0.1902 0.5443 0.7869 0.0599 0.1138 100.0000 31.4356 0.2625 0.3369 32.0350 
83 0.1000 2.8568 2.3197 1.3830 3.1416 1.8058 0.1000 0.1000 1.2612 3.1416 3.0235 0.1000 0.7373 0.1000 -1.9297 0.1818 0.5628 0.7666 0.0499 0.1136 100.0000 32.1338 0.3336 0.4398 32.9071 
84 0.1000 2.8368 2.5902 1.6124 3.1416 1.7609 0.1000 0.1000 1.4177 3.0335 2.9221 0.1000 0.5757 0.1000 -2.4922 0.2283 0.5657 0.7622 0.0455 0.0901 100.0000 31.8058 0.2724 0.3600 32.4381 
85 0.1000 2.8395 2.5971 1.6228 3.1416 1.7683 0.1000 0.1000 1.4395 3.0429 2.9295 0.1000 0.5434 0.1000 -2.3906 0.2225 0.5857 0.7432 0.0402 0.0850 100.0000 32.9545 0.2837 0.3551 33.5932 
86 0.1000 2.8500 2.5991 1.6343 3.1416 1.7910 0.1000 0.1000 1.4537 3.0594 2.9434 0.1000 0.5027 0.1000 -2.5469 0.2157 0.6032 0.7276 0.0592 0.1022 100.0000 33.0260 0.3002 0.3503 33.6765 
87 0.1000 2.8655 2.6158 1.6631 3.1416 1.8262 0.1000 0.1000 1.4919 3.0890 2.9655 0.1000 0.4196 0.1000 -2.4375 0.1978 0.6223 0.7133 0.0776 0.1344 100.0000 33.2168 0.3746 0.3588 33.9501 
88 0.1000 2.9167 2.6378 1.6101 3.1416 1.8451 0.1000 0.1000 1.5531 3.0501 3.0186 0.1000 0.4331 0.1000 -2.4062 0.2326 0.6399 0.7012 0.0558 0.1213 100.0000 34.6617 0.2695 0.3994 35.3307 
89 3.1416 0.1000 3.1416 0.1000 3.1416 3.1416 3.1416 0.1000 3.1416 0.1000 0.1000 3.1416 3.1416 3.1416 0.0078 0.0156 0.6563 0.6910 0.0183 0.3533 100.0000 31.6945 0.2292 0.3074 32.2310 
90 0.1000 2.7682 2.5495 1.6913 3.1416 1.7789 0.1000 0.1000 1.4032 3.1416 2.9278 0.1000 0.3542 0.1000 -2.2344 0.1413 0.6510 0.6857 0.1016 0.1678 100.0000 33.1382 0.2673 0.3960 33.8015 
91 0.1000 3.0104 2.6449 1.5366 3.1416 1.8460 0.1000 0.1000 1.6268 3.0509 3.0137 0.1000 0.5978 0.1000 -2.4922 0.2187 0.6626 0.6788 0.1061 0.1597 100.0000 33.0051 0.2948 0.3738 33.6737 
92 0.1000 3.0456 2.6501 1.5364 3.1416 1.8929 0.1000 0.1000 1.6356 3.0908 3.0398 0.1000 0.5707 0.1000 -2.3281 0.1835 0.6812 0.6696 0.0728 0.1403 100.0000 36.0525 0.2941 0.3699 36.7165 
93 0.1000 2.8384 2.6425 1.4604 3.1416 1.7759 0.1000 0.1000 1.5696 2.9155 3.1416 0.1000 0.4601 0.1000 -2.5703 0.3130 0.6949 0.6637 0.1309 0.2118 100.0000 33.2083 0.2838 0.4662 33.9583 
94 0.1000 2.8286 2.6578 1.3900 3.1416 1.8033 0.1000 0.1000 1.5943 2.9040 3.1416 0.1000 0.3854 0.1000 -2.2812 0.2857 0.7149 0.6560 0.0897 0.1514 100.0000 34.4760 0.2599 0.3741 35.1100 
95 0.1000 3.0498 2.5436 1.6722 3.1416 1.6034 0.1000 0.1000 1.5958 3.0871 3.1416 0.1000 0.4751 0.1000 -1.0234 0.0886 0.7274 0.6514 0.0553 0.1189 100.0000 31.9475 0.3812 0.6951 33.0239 
96 0.1000 2.6928 2.6728 1.4004 3.1416 2.0798 0.1000 0.1000 1.4438 3.0030 2.8582 0.1000 0.5462 0.1000 -1.5156 0.1404 0.6498 0.6999 0.0188 0.0668 100.0000 31.7101 0.2741 0.3761 32.3603 
97 0.1000 2.6462 2.6599 1.6408 3.1416 1.8397 0.1000 0.1000 1.2596 2.9941 3.1416 0.1000 0.6389 0.1000 -2.7031 0.2602 0.6461 0.6817 0.0699 0.1471 100.0000 32.7423 0.3153 0.4245 33.4820 
98 0.1000 2.4607 2.7161 1.7307 3.1416 1.8337 0.1000 0.1000 1.2061 3.1023 3.1416 0.1000 0.6265 0.1000 -2.3047 0.1585 0.6581 0.6759 0.1309 0.1766 100.0000 34.9609 0.2991 0.3836 35.6437 
99 0.1000 2.7345 2.5543 1.6741 3.1416 2.0325 0.1000 0.1000 1.0140 2.9511 3.1416 0.1000 0.3307 0.1000 -1.9922 0.2268 0.6743 0.6682 0.0820 0.1560 100.0000 34.9592 0.2994 0.4155 35.6741 
100 0.1000 2.4559 2.7819 1.5377 3.1416 1.7143 0.1000 0.1000 1.5430 3.0580 3.1416 0.1000 0.8793 0.1000 -2.4844 0.2064 0.6803 0.6672 0.0669 0.1255 100.0000 35.3199 0.2884 0.5583 36.1665 
101 0.1000 2.4786 2.9180 1.3199 3.1416 1.5628 0.1000 0.1000 1.3667 3.1416 3.1416 0.1000 0.6960 0.1000 -2.0859 0.1396 0.6970 0.6633 0.0845 0.1626 100.0000 35.1045 0.2999 0.4754 35.8798 
102 0.1000 2.5025 2.5347 1.8039 3.1416 2.0105 0.1000 0.1000 1.6216 3.0602 3.1416 0.1000 0.8973 0.1000 -2.3438 0.2380 0.7074 0.6595 0.1132 0.1779 100.0000 36.7784 0.2999 0.4390 37.5173 
103 0.5728 2.5870 2.6519 1.6762 3.1416 1.9423 0.1000 0.1000 1.4926 3.1403 3.1416 0.1000 0.8095 0.1000 -0.9922 0.0878 0.7243 0.6544 0.1403 0.2851 100.0000 35.3111 0.2775 0.3509 35.9395 
104 0.1000 2.5121 2.4963 1.5550 3.1416 1.6430 0.1000 0.1000 1.4441 2.6895 3.0603 0.1000 0.6216 0.1000 -1.5234 0.2128 0.6593 0.7095 0.4153 0.6335 100.0000 35.7667 0.3932 0.3732 36.5332 
105 3.1416 3.1416 3.1416 0.1000 3.1416 0.1000 3.1416 3.1416 0.1000 3.1416 0.1000 0.1000 3.1416 3.1416 0.4062 0.0091 0.6577 0.7155 0.0326 0.8221 100.0000 34.4983 0.2336 0.4635 35.1954 
106 0.1000 2.9665 2.8987 1.5596 3.1416 1.9474 0.1000 0.1000 1.2788 3.1416 3.1416 0.1000 0.7884 0.1000 -1.1797 0.0896 0.6612 0.7154 0.2441 0.3736 100.0000 34.5691 0.2669 0.3865 35.2225 
107 0.1000 2.5768 2.4069 1.6515 3.1416 1.6927 0.1000 0.1000 1.4257 3.1416 2.5830 0.1000 0.5907 0.1000 -1.8750 0.0939 0.6376 0.7388 0.2078 0.3259 100.0000 34.6987 0.3781 0.3396 35.4164 
108 0.1000 2.6950 1.9587 1.5987 3.1416 2.2606 0.1000 0.1000 1.6338 3.1416 3.1416 0.1000 0.4126 0.1000 -0.9922 0.1387 0.6373 0.7393 0.2931 0.7124 100.0000 32.0144 0.2710 0.3774 32.6627 
109 0.1000 3.1416 0.1000 0.1000 3.1416 3.1416 0.1000 3.1416 3.1416 0.1000 0.1000 3.1416 3.1416 3.1416 0.8281 0.0038 0.5947 0.7893 0.0499 1.0096 100.0000 32.0761 0.2025 0.2866 32.5652 
110 0.1000 2.8103 2.7096 1.3508 3.1416 1.4960 0.1000 0.1000 1.1585 3.0405 2.7821 0.1000 0.3675 0.1000 -2.4766 0.1770 0.6004 0.7948 0.2949 0.5575 100.0000 32.8658 0.2912 0.3810 33.5379 
111 3.1416 0.1000 3.1416 0.1000 3.1416 3.1416 3.1416 3.1416 3.1416 3.1416 3.1416 0.1000 3.1416 3.1416 0.0078 0.0156 0.6210 0.7827 0.0306 0.5383 100.0000 32.2704 0.2203 0.2851 32.7757 
112 0.1000 2.9271 2.8009 1.1170 3.1416 1.4426 0.1000 0.1000 1.2943 3.0240 2.6559 0.1000 0.1969 0.1000 -2.1484 0.1887 0.6214 0.7745 0.2800 0.4263 100.0000 32.5674 0.3000 0.3692 33.2366 
113 3.1416 0.1000 3.1416 0.1000 0.1000 3.1416 0.1000 0.1000 0.1000 0.1000 3.1416 3.1416 0.1000 3.1416 0.8281 0.0038 0.6343 0.7696 0.0382 0.7784 100.0000 32.3992 0.2213 0.3282 32.9487 
114 0.1000 2.6218 2.6364 1.5443 3.1416 1.3672 0.1000 0.1000 0.9460 3.1416 2.9277 0.1000 0.4074 0.1000 -1.2422 0.0411 0.6428 0.7749 0.1812 0.3857 100.0000 32.8011 0.2672 0.4937 33.5620 
115 0.1000 2.9257 2.7345 1.2973 3.1416 1.6596 0.1000 0.1000 1.5983 2.8806 2.6790 0.1000 0.6624 0.1000 -2.4141 0.3001 0.6106 0.8073 0.1734 0.2442 100.0000 34.4739 0.2923 0.3695 35.1357 
116 0.1000 2.8430 3.0281 1.3458 3.1416 1.6520 0.1000 0.1000 1.8268 2.8582 2.6038 0.1000 0.4628 0.1000 -1.4922 0.1433 0.6244 0.8021 0.1729 0.2669 100.0000 34.5433 0.3097 0.3995 35.2525 
117 0.1000 3.1084 2.5081 1.0576 3.1416 1.6967 0.1000 0.1000 1.3127 2.8093 2.7954 0.1000 0.5753 0.1000 -1.7656 0.2053 0.6128 0.8159 0.2846 0.4088 100.0000 38.4598 0.3508 0.6836 39.4942 
118 0.1000 0.1000 3.1416 3.1416 0.1000 0.1000 3.1416 0.1000 0.1000 3.1416 0.1000 3.1416 0.1000 3.1416 0.2344 0.0117 0.6163 0.8185 0.0625 1.1826 100.0000 34.8539 0.2604 0.3644 35.4787 
119 0.1000 2.7434 2.5930 1.4105 3.1416 1.5961 0.1000 0.1000 1.5781 3.1416 2.7989 0.1000 1.0160 0.1000 -2.4766 0.1674 0.6196 0.8105 0.2558 0.8124 100.0000 38.2704 0.2750 0.3503 38.8957 
120 3.1416 3.1416 0.1000 0.1000 0.1000 0.1000 3.1416 3.1416 3.1416 3.1416 0.1000 3.1416 3.1416 0.1000 -0.2031 0.0177 0.6293 0.8102 0.0901 1.4712 100.0000 35.0739 0.2339 0.3746 35.6823 
121 3.1416 3.1416 3.1416 0.1000 3.1416 3.1416 3.1416 3.1416 3.1416 0.1000 0.1000 3.1416 0.1000 0.1000 -0.2891 0.0234 0.6288 0.7998 0.0680 0.9388 100.0000 34.8427 0.2265 0.3122 35.3814 
122 0.1000 2.6320 2.5761 1.1779 3.1416 1.5296 0.1000 0.1000 1.7314 3.1416 2.9053 0.1000 1.2245 0.1000 -2.2734 0.1737 0.6279 0.7895 0.3678 1.2128 100.0000 34.4114 0.2507 0.4588 35.1209 
123 0.1000 2.5543 2.7272 0.6224 3.1416 1.3258 0.1000 0.1000 1.8469 3.1416 3.0583 0.1000 1.0541 0.1000 -0.6953 0.0515 0.6401 0.7879 0.3532 1.1759 100.0000 32.1087 0.2626 0.4217 32.7930 
124 3.1416 3.1416 3.1416 0.1000 0.1000 3.1416 0.1000 3.1416 3.1416 0.1000 0.1000 0.1000 3.1416 0.1000 -0.2891 0.0234 0.6034 0.8293 0.0691 1.3245 100.0000 31.9538 0.2387 0.3085 32.5010 
125 3.1416 3.1416 3.1416 3.1416 3.1416 0.1000 3.1416 0.1000 3.1416 3.1416 0.1000 0.1000 3.1416 3.1416 -0.3359 0.0199 0.6029 0.8188 0.0813 1.5033 100.0000 35.0993 0.2334 0.3335 35.6662 
126 0.1000 3.1416 0.1000 3.1416 3.1416 3.1416 0.1000 0.1000 0.1000 3.1416 0.1000 0.1000 0.1000 3.1416 -1.2188 0.0366 0.6023 0.8085 0.0526 1.0951 100.0000 33.7789 0.2087 0.2965 34.2842 
127 2.1213 3.1416 0.1000 3.1416 3.1416 3.1416 0.1000 0.1000 0.1000 3.1416 0.1000 0.1000 0.1000 3.1416 -1.0625 0.0399 0.5985 0.8054 0.0585 0.6389 100.0000 34.5489 0.2187 0.2905 35.0581 
128 0.1000 3.1416 0.1000 3.1416 3.1416 3.1416 0.1000 0.1000 0.1000 3.1416 0.1000 0.1000 2.1662 3.1416 -1.2188 0.0366 0.5991 0.8002 0.0661 0.8251 100.0000 32.9576 0.2270 0.3704 33.5550 
129 0.1000 3.1416 0.1000 3.1416 3.1416 3.1416 0.1000 0.1000 0.1000 1.0944 0.1000 0.1000 0.1000 3.1416 -0.3984 0.0021 0.6002 0.7966 0.0741 0.8926 100.0000 34.2366 0.2191 0.2843 34.7400 
130 0.1000 1.2627 0.1000 3.1416 3.1416 3.1416 0.1000 0.1000 0.1000 3.1416 0.1000 0.1000 3.1416 3.1416 -1.0703 0.0501 0.5987 0.7916 0.0665 0.5608 100.0000 32.4261 0.3949 0.2939 33.1149 
131 2.0892 3.1416 0.1000 3.1416 3.1416 3.1416 0.1000 0.1000 0.1000 3.1416 0.1000 0.1000 3.1416 3.1416 -1.0469 0.0411 0.5991 0.7869 0.0767 0.5491 100.0000 35.0082 0.2094 0.2869 35.5044 
132 0.1000 3.1416 0.1000 3.1416 3.1416 3.1416 0.1000 0.1000 0.1000 3.1416 0.1000 0.1000 3.1416 1.0351 1.4219 0.0293 0.6002 0.7820 0.1049 0.9257 100.0000 34.5169 0.2288 0.3473 35.0931 
133 0.1000 1.0902 0.1000 3.1416 3.1416 3.1416 0.1000 0.1000 0.1000 3.1416 0.1000 0.1000 0.7235 3.1416 -1.0312 0.0440 0.5869 0.8144 0.0612 0.3048 100.0000 35.7210 0.2200 0.2894 36.2304 
134 3.1416 0.7958 0.1000 3.1416 3.1416 3.1416 0.1000 0.1000 0.1000 3.1416 0.1000 0.1000 0.1000 3.1416 1.1172 0.0040 0.5887 0.8101 0.0702 0.9576 100.0000 32.6590 0.2045 0.2826 33.1460 
135 0.1000 0.1000 3.1416 0.1000 3.1416 0.1000 0.1000 3.1416 3.1416 3.1416 0.1000 3.1416 0.1000 3.1416 0.2344 0.0117 0.5868 0.8233 0.0544 0.8882 100.0000 33.7738 0.2324 0.3363 34.3425 
136 0.1000 0.1000 0.1000 3.1416 3.1416 3.1416 3.1416 0.1000 3.1416 3.1416 3.1416 0.1000 3.1416 3.1416 0.8594 0.0030 0.5891 0.8167 0.0770 1.3592 100.0000 34.6326 0.2247 0.3358 35.1930 
137 3.1416 3.1416 3.1416 3.1416 3.1416 0.1000 3.1416 0.1000 3.1416 3.1416 3.1416 3.1416 0.1000 3.1416 0.0078 0.0156 0.5982 0.8160 0.0878 1.7164 100.0000 37.8078 0.2175 0.2852 38.3106 
138 3.1416 3.1416 3.1416 3.1416 3.1416 3.1416 3.1416 3.1416 0.1000 0.1000 3.1416 3.1416 3.1416 3.1416 0.2344 0.0117 0.5992 0.8081 0.0732 1.2578 100.0000 32.9039 0.4214 0.3056 33.6308 
139 3.1416 0.1000 3.1416 0.1000 0.1000 0.1000 3.1416 0.1000 3.1416 3.1416 3.1416 3.1416 0.1000 0.1000 -0.2891 0.0234 0.6014 0.8011 0.0451 0.6004 100.0000 38.2423 0.2686 0.4256 38.9366 
140 3.1416 3.1416 0.1000 3.1416 0.1000 0.1000 0.1000 0.1000 0.1000 3.1416 0.1000 3.1416 3.1416 3.1416 -1.0234 0.0338 0.6000 0.7934 0.0513 0.7448 100.0000 34.4011 0.2139 0.3162 34.9312 
141 0.7244 3.1416 0.1000 3.1416 0.1000 0.1000 0.1000 0.1000 0.1000 3.1416 0.1000 3.1416 3.1416 3.1416 0.4688 0.0017 0.5964 0.7901 0.0970 1.3060 100.0000 35.3908 0.2195 0.2917 35.9020 
142 3.1416 3.1416 0.1000 0.1000 3.1416 3.1416 3.1416 0.1000 0.1000 0.1000 3.1416 0.1000 3.1416 3.1416 -0.2891 0.0239 0.5935 0.7881 0.0924 1.5960 100.0000 32.8483 0.2341 0.3229 33.4053 
143 3.1416 3.1416 3.1416 0.1000 0.1000 3.1416 0.1000 3.1416 0.1000 0.1000 0.1000 3.1416 3.1416 3.1416 0.5859 0.0080 0.5923 0.7807 0.0774 1.6360 100.0000 34.4330 0.2142 0.3453 34.9925 
144 0.1000 2.7599 2.6387 1.6268 3.1416 1.6750 0.1000 0.1000 1.5154 3.0453 2.8036 0.1000 0.9204 0.1000 -2.2188 0.1851 0.5992 0.7760 0.9590 1.7366 100.0000 36.0643 0.2889 0.4446 36.7978 
145 0.1000 0.1000 3.1416 0.1000 3.1416 3.1416 3.1416 0.1000 3.1416 0.1000 0.1000 0.1000 0.1000 0.1000 0.8281 0.0038 0.6123 0.7727 0.0659 1.0116 100.0000 34.5956 0.2785 0.4366 35.3106 
146 0.1000 3.0180 2.5466 1.5111 3.1416 1.6880 0.1000 0.1000 1.4736 3.1416 2.5435 0.1000 0.8675 0.1000 -2.2188 0.1381 0.6220 0.7720 0.4797 1.5944 100.0000 34.5170 0.4328 0.4395 35.3894 
147 3.1416 0.1000 0.1000 0.1000 3.1416 0.1000 3.1416 3.1416 3.1416 0.1000 0.1000 3.1416 3.1416 0.1000 -0.2500 0.0187 0.6340 0.7711 0.0883 1.2417 100.0000 33.5233 0.2343 0.3915 34.1491 
148 0.1000 0.1000 3.1416 0.1000 0.1000 0.1000 3.1416 3.1416 0.1000 3.1416 3.1416 0.1000 0.1000 0.1000 -1.3047 0.0451 0.6330 0.7638 0.1013 1.2759 100.0000 31.3093 0.2351 0.3439 31.8883 
149 1.9273 0.1000 3.1416 0.1000 0.1000 0.1000 3.1416 3.1416 0.1000 3.1416 3.1416 0.1000 0.1000 0.1000 -0.8828 0.0690 0.6279 0.7646 0.0685 0.3541 100.0000 33.2659 0.2561 0.3539 33.8760 
150 0.1000 0.1000 3.1416 0.1000 0.1000 0.1000 3.1416 3.1416 0.1000 3.1416 3.1416 0.1000 2.0213 0.1000 -1.2734 0.0577 0.6294 0.7612 0.1282 0.8388 100.0000 31.5046 0.2406 0.3796 32.1248 
151 3.1416 3.1416 0.1000 3.1416 0.1000 0.1000 0.1000 0.1000 0.1000 0.1000 0.1000 3.1416 0.1000 0.1000 -1.6562 0.0599 0.6315 0.7607 0.1143 1.4109 100.0000 31.5814 0.2373 0.4450 32.2637 
152 3.1416 3.1416 0.1000 3.1416 1.4528 0.1000 0.1000 0.1000 0.1000 0.1000 0.1000 3.1416 0.1000 0.1000 -1.0703 0.0959 0.6286 0.7666 0.0789 0.4347 100.0000 36.2310 0.2350 0.3382 36.8043 
153 3.1416 3.1416 0.1000 3.1416 0.1000 0.1000 0.1000 0.1000 1.5254 0.1000 0.1000 3.1416 0.1000 0.1000 -1.4609 0.0969 0.6315 0.7647 0.0934 0.4677 100.0000 32.7901 0.3796 0.3156 33.4854 
154 3.1416 3.1416 0.1000 3.1416 0.1000 0.1000 1.5317 0.1000 0.1433 0.1000 0.1000 3.1416 0.1000 0.1000 -1.1016 0.0976 0.6379 0.7643 0.0859 0.3529 100.0000 31.4634 0.2390 0.4432 32.1458 
155 3.1416 3.1416 0.1000 3.1416 0.1000 0.1000 0.1000 0.1000 0.3031 0.1000 0.1000 3.1416 0.1000 1.5775 0.1719 0.0508 0.6412 0.7623 0.1158 0.4860 100.0000 33.1327 0.2278 0.3264 33.6869 
156 0.1000 0.1000 3.1416 0.1000 0.1000 0.1000 3.1416 3.1416 0.1000 3.1416 3.1416 1.9087 0.6657 0.1000 -0.0469 0.0613 0.6225 0.7742 0.0556 0.2600 100.0000 33.0231 0.2614 0.4823 33.7669 
157 0.1000 0.1000 3.1416 0.1000 0.1000 0.1000 3.1416 3.1416 0.1000 3.1416 1.6246 0.1000 3.1416 0.1000 -0.2891 0.0234 0.6165 0.7739 0.0853 0.5863 100.0000 33.9583 0.2571 0.3475 34.5629 
158 1.6165 3.1416 0.1000 3.1416 0.1000 0.1000 0.1000 0.1000 0.6967 0.1000 0.1000 3.1416 0.1000 0.1000 1.0781 0.0048 0.6156 0.7706 0.0925 0.5115 100.0000 31.5348 0.2213 0.4113 32.1673 
159 3.1416 3.1416 0.1000 3.1416 0.1000 0.1000 0.1000 0.1000 3.1416 0.1000 0.1000 3.1416 0.1000 0.1000 0.2500 0.0142 0.5824 0.7965 0.1208 1.4988 100.0000 31.2688 0.2311 0.3782 31.8781 
160 0.1000 3.1416 0.1000 3.1416 3.1416 3.1416 0.1000 1.7842 0.1000 3.1416 0.1000 0.1000 0.6358 3.1416 -0.3047 0.0568 0.5749 0.7982 0.1022 1.2268 100.0000 32.6425 0.1898 0.3958 33.2281 
161 0.1000 3.1416 0.1000 1.2100 3.1416 3.1416 0.1000 0.1000 0.1000 3.1416 0.1000 0.1000 0.1000 3.1416 -0.2656 0.0552 0.5732 0.7955 0.0882 1.0287 100.0000 31.4432 0.2038 0.3511 31.9981 
162 0.1000 0.1000 3.1416 0.1000 0.1000 0.1000 3.1416 3.1416 0.1000 3.1416 3.1416 0.1000 0.1000 1.8757 0.5703 0.0522 0.5719 0.7919 0.0767 0.5383 100.0000 32.5661 0.2613 0.3462 33.1735 
163 3.1416 0.1000 3.1416 3.1416 0.1000 0.1000 3.1416 3.1416 0.1000 3.1416 3.1416 0.1000 3.1416 0.1000 0.2344 0.0117 0.5632 0.7949 0.0782 1.1907 100.0000 31.5936 0.2204 0.3542 32.1682 
164 3.1416 3.1416 0.1000 0.1000 3.1416 0.1000 3.1416 0.1000 3.1416 0.1000 0.1000 3.1416 0.1000 3.1416 0.0078 0.0156 0.5631 0.7896 0.0532 0.8889 100.0000 32.1950 0.2298 0.4628 32.8876 
165 3.1416 3.1416 3.1416 0.1000 3.1416 0.1000 0.1000 3.1416 3.1416 3.1416 3.1416 3.1416 3.1416 0.1000 0.2344 0.0117 0.5632 0.7840 0.0646 1.2732 100.0000 31.5132 0.2118 0.3929 32.1179 
166 0.1000 0.1000 0.1000 0.1000 0.1000 3.1416 0.1000 0.1000 3.1416 3.1416 0.1000 0.1000 3.1416 3.1416 0.5703 0.0054 0.5643 0.7786 0.0711 1.4025 100.0000 31.3863 0.2303 0.3849 32.0015 
167 3.1416 3.1416 0.1000 3.1416 0.1000 1.5694 0.1000 0.1000 0.1000 0.1000 0.1000 3.1416 0.1000 0.1000 -1.0703 0.0674 0.5697 0.7754 0.1241 1.5249 100.0000 31.5187 0.2331 0.3655 32.1174 
168 3.1416 3.1416 0.1000 0.1000 3.1416 3.1416 3.1416 3.1416 3.1416 0.1000 3.1416 3.1416 3.1416 0.1000 0.2344 0.0117 0.5728 0.7747 0.0593 0.9232 100.0000 33.1554 0.3245 0.5115 33.9914 
169 3.1416 3.1416 0.1000 3.1416 0.1000 0.1000 0.1000 0.1000 0.1000 0.1000 0.1000 1.6311 0.1000 0.1000 0.1719 0.0678 0.5742 0.7694 0.0909 0.8859 100.0000 32.9727 0.2377 0.3373 33.5477 
170 3.1416 3.1416 0.1000 3.1416 3.1416 0.1000 0.1000 3.1416 0.1000 0.1000 0.1000 3.1416 0.1000 0.1000 1.1797 0.0027 0.5655 0.7706 0.0987 1.5022 100.0000 31.5626 0.2155 0.3072 32.0853 
171 3.1416 0.1000 3.1416 0.1000 0.1000 3.1416 0.1000 3.1416 0.1000 3.1416 3.1416 0.1000 3.1416 3.1416 -0.4688 0.0253 0.5662 0.7728 0.0873 1.5565 100.0000 31.3206 0.2196 0.3636 31.9038 
172 0.1000 0.1000 3.1416 3.1416 3.1416 3.1416 3.1416 3.1416 0.1000 3.1416 0.1000 0.1000 3.1416 3.1416 -0.0938 0.0202 0.5636 0.7680 0.0831 1.2900 100.0000 31.1938 0.1977 0.5825 31.9739 
173 3.1416 3.1416 3.1416 3.1416 0.1000 3.1416 3.1416 0.1000 3.1416 3.1416 0.1000 3.1416 0.1000 0.1000 0.3125 0.0111 0.5633 0.7628 0.0916 1.4775 100.0000 32.4095 0.1903 0.3375 32.9373 
174 3.1416 3.1416 0.1000 3.1416 0.1000 3.1416 3.1416 3.1416 0.1000 3.1416 3.1416 3.1416 3.1416 3.1416 0.0078 0.0156 0.5655 0.7585 0.0736 1.3574 100.0000 33.0109 0.1901 0.4463 33.6473 
175 3.1416 3.1416 0.1000 0.1000 3.1416 3.1416 0.1000 3.1416 3.1416 3.1416 3.1416 3.1416 0.1000 3.1416 -0.3359 0.0199 0.5648 0.7532 0.0906 1.3966 100.0000 31.9004 0.1838 0.3217 32.4059 
176 0.1000 2.5420 2.5734 1.7102 3.1416 1.6859 0.1000 0.1000 1.5742 3.1416 2.8733 0.1000 1.2788 0.1000 -1.5547 0.1015 0.5631 0.7485 0.6857 1.8375 100.0000 32.0986 0.2709 0.5988 32.9683 
177 3.1416 0.1000 3.1416 0.1000 0.1000 0.1000 3.1416 0.1000 0.1000 3.1416 3.1416 0.1000 0.1000 0.1000 0.8281 0.0038 0.5663 0.7505 0.0827 1.2644 100.0000 31.9711 0.2493 0.4343 32.6548 
178 3.1416 3.1416 0.1000 0.1000 0.1000 3.1416 0.1000 0.1000 0.1000 0.1000 3.1416 3.1416 0.1000 0.1000 -1.0000 0.0296 0.5680 0.7491 0.0811 1.3130 100.0000 32.7745 0.2356 0.3630 33.3732 
179 3.1416 3.1416 0.1000 0.1000 0.1000 3.1416 0.1000 0.1000 0.1000 0.1000 0.6789 3.1416 0.1000 0.1000 -1.4453 0.0721 0.5640 0.7480 0.1025 0.7154 100.0000 31.5950 0.2208 0.3957 32.2114 
180 3.1416 3.1416 0.1000 0.1000 0.1000 3.1416 1.4381 0.1000 0.1000 0.1000 0.1000 3.1416 0.1000 0.1000 -0.7031 0.0828 0.5654 0.7511 0.0734 0.3283 100.0000 31.6685 0.2324 0.4214 32.3223 
181 3.1416 3.1416 0.1000 0.1000 1.4936 3.1416 0.1000 0.1000 0.1000 0.1000 1.2638 3.1416 0.1000 0.1000 -0.4297 0.0522 0.5655 0.7499 0.0697 0.3950 100.0000 35.9846 0.2215 0.4052 36.6113 
182 3.1416 3.1416 0.1000 3.1416 3.1416 0.1000 0.1000 0.1000 0.1000 3.1416 0.1000 0.1000 3.1416 3.1416 1.1406 0.0025 0.5633 0.7491 0.1040 1.4712 100.0000 32.6980 0.2200 0.3567 33.2746 
183 3.1416 3.1416 0.1000 0.1000 0.1000 3.1416 0.1000 0.1000 1.6132 0.1000 0.1000 3.1416 0.1000 0.1000 -1.2891 0.0882 0.5648 0.7505 0.1545 1.2138 100.0000 31.6114 0.2239 0.4308 32.2660 
184 3.1416 3.1416 0.1000 0.1000 0.1000 3.1416 0.1000 0.1000 0.6295 1.5902 0.1000 3.1416 0.1000 0.1000 -0.4531 0.0549 0.5684 0.7517 0.0964 0.4873 100.0000 32.6005 0.2290 0.4698 33.2994 
185 3.1416 3.1416 0.1000 0.1000 0.1000 3.1416 0.1000 0.1000 2.0109 0.1000 1.7584 3.1416 0.1000 0.1000 -0.7812 0.0256 0.5671 0.7507 0.0644 0.2825 100.0000 31.2261 0.3363 0.3706 31.9330 
186 0.1000 2.7616 2.6712 1.4338 3.1416 1.6966 0.1000 0.1000 1.4001 2.9976 2.8424 0.1000 0.6925 0.1000 -2.5859 0.2813 0.5691 0.7495 0.6325 1.2536 100.0000 31.5937 0.2895 0.4588 32.3420 
187 3.1416 3.1416 0.1000 0.1000 0.1000 3.1416 0.1000 0.1000 0.4544 0.1000 0.1000 3.1416 1.7726 0.1000 -1.4141 0.0678 0.5777 0.7474 0.1249 0.7499 100.0000 31.3860 0.2287 0.4634 32.0780 
188 3.1416 3.1416 0.1000 1.5612 0.1000 3.1416 0.1000 0.1000 0.1000 0.1000 0.1000 3.1416 1.3732 0.1000 -1.2812 0.0685 0.5820 0.7497 0.0700 0.3853 100.0000 31.1079 0.2349 0.3626 31.7054 
189 3.1416 3.1416 0.1000 0.8262 0.1000 3.1416 0.1000 0.1000 0.1000 0.1000 0.1000 3.1416 3.1416 0.1000 -0.9062 0.0206 0.5881 0.7505 0.0636 0.3056 100.0000 32.3217 0.2329 0.3850 32.9396 
190 3.1416 3.1416 0.1000 0.1000 0.1000 3.1416 0.1000 1.4984 0.1000 0.1000 0.1000 3.1416 1.0867 0.1000 -0.6484 0.0426 0.5905 0.7497 0.1325 0.5632 100.0000 31.1788 0.2242 0.4539 31.8569 
191 3.1416 3.1416 0.1000 0.1000 0.1000 3.1416 0.1000 0.1000 2.1088 0.1000 0.1000 3.1416 2.0076 0.1000 -1.0078 0.0288 0.5910 0.7490 0.0877 0.2564 100.0000 33.0668 0.2619 0.4665 33.7952 
192 0.1000 0.1000 3.1416 3.1416 3.1416 3.1416 0.1000 0.1000 0.1000 0.1000 0.1000 0.1000 3.1416 3.1416 1.8984 0.0006 0.5945 0.7486 0.0661 1.1552 100.0000 36.2013 0.2811 0.3549 36.8373 
193 3.1416 3.1416 0.1000 0.5139 0.1000 1.5761 0.1000 0.1000 0.4437 0.1000 0.1000 3.1416 1.1160 0.1000 -0.6875 0.0640 0.6177 0.7609 0.1043 0.3278 100.0000 37.6670 0.2653 0.3895 38.3218 
194 3.1416 3.1416 0.1000 0.1000 0.1000 3.1416 0.1000 0.1000 0.1000 0.1000 1.8434 3.1416 2.0274 0.1000 -1.0859 0.0188 0.6176 0.7599 0.0851 0.4054 100.0000 33.8428 0.2334 0.3763 34.4525 
195 3.1416 3.1416 0.1000 2.3324 0.1000 3.1416 0.1000 0.1000 0.1000 0.1000 1.7882 3.1416 0.6827 0.1000 -1.1094 0.0433 0.6226 0.7602 0.1453 0.9941 100.0000 36.5419 0.2525 0.5427 37.3371 
196 3.1416 3.1416 0.1000 3.1416 0.1000 3.1416 0.1000 0.1000 0.1000 0.1000 0.6950 3.1416 2.4750 0.1000 -0.5234 0.0252 0.6270 0.7605 0.1253 0.8726 100.0000 35.0912 0.2787 0.4059 35.7759 
197 3.1416 3.1416 1.6188 0.5916 0.1000 3.1416 0.1000 0.1000 0.5108 0.1000 0.4270 3.1416 0.9096 0.1000 -0.3984 0.0786 0.6268 0.7590 0.1625 0.6936 100.0000 32.6241 0.2378 0.6079 33.4698 
198 0.1000 3.1416 0.1000 0.1000 0.1000 3.1416 0.1000 3.1416 3.1416 3.1416 0.1000 3.1416 0.1000 0.1000 -0.3828 0.0149 0.6255 0.7585 0.1108 1.2610 100.0000 34.0723 0.2112 0.5298 34.8133 
199 3.1416 3.1416 0.1000 0.1000 0.1000 3.1416 0.1000 0.1000 0.1000 0.1000 0.5078 1.4597 1.4230 0.1000 -0.0938 0.0161 0.6228 0.7541 0.0849 0.6217 100.0000 32.4351 0.2417 0.3960 33.0728 
97 0.1000 2.6462 2.6599 1.6408 3.1416 1.8397 0.1000 0.1000 1.2596 2.9941 3.1416 0.1000 0.6389 0.1000 -2.7031 0.2602 0.6461 0.6817 0.0699 0.1471 100.0000 32.7423 0.3153 0.4245 33.4820 
