0 3.0145 0.5269 0.1718 3.1374 0.6604 0.4668 2.0814 1.1513 2.8057 0.8049 3.0184 1.0716 1.9284 2.9350 2.1843 2.9100 0.4609 0.0060 0.1099 0.9116 0.0000 0.0000 0.0000 0.0000 0.0000 0.0000 0.0000 
1 2.2538 0.2473 2.7808 1.8932 1.0450 0.6783 2.6848 1.8727 2.9530 2.4540 3.0236 1.8225 2.2242 1.9624 0.8860 3.0099 0.4141 0.0019 0.1099 0.9116 0.0000 0.0000 0.0000 0.0000 0.0000 0.0000 0.0000 
2 1.0504 2.4758 3.0036 2.0797 0.5326 2.6100 2.1303 0.6628 0.2494 1.7176 0.1981 2.9137 1.6399 1.6735 1.3454 2.1105 0.3281 0.0403 0.1099 0.9116 0.0000 0.0000 0.0000 0.0000 0.0000 0.0000 0.0000 
3 2.8875 1.0347 1.2369 1.8720 1.0043 1.9117 1.7520 1.4184 2.1477 1.7067 0.3680 3.1309 1.1819 1.4132 1.3252 2.9272 -1.2500 0.0260 0.1099 0.9116 0.0000 0.0000 0.0000 0.0000 0.0000 0.0000 0.0000 
4 2.9961 1.6573 1.3186 0.3937 2.8237 0.6213 1.7626 1.1619 1.0985 1.1865 0.6817 0.2125 1.7286 2.5208 2.0681 0.7129 0.1406 0.0047 0.1099 0.9116 0.0000 0.0000 0.0000 0.0000 0.0000 0.0000 0.0000 
5 2.2098 0.2584 1.3493 2.6187 2.9014 1.5009 2.6748 1.6163 1.6937 1.8779 3.1151 2.3620 1.5388 2.3120 2.0566 1.1760 -0.9141 0.0355 0.1099 0.9116 0.0000 0.0000 0.0000 0.0000 0.0000 0.0000 0.0000 
6 2.4851 2.5935 1.9505 2.9674 0.1553 1.6208 2.0301 1.1359 0.6213 2.2050 1.4213 0.9182 0.2273 3.0416 1.1715 0.4592 0.3906 0.0153 0.1099 0.9116 0.0000 0.0000 0.0000 0.0000 0.0000 0.0000 0.0000 
7 0.7580 0.8754 2.7346 0.6495 0.9406 0.3961 1.5294 0.7318 1.1467 2.3353 2.9137 2.6372 0.2164 1.2490 2.6821 0.2003 -0.2969 0.0345 0.1099 0.9116 0.0000 0.0000 0.0000 0.0000 0.0000 0.0000 0.0000 
8 0.7181 1.5904 1.2632 2.3821 2.2843 1.5127 0.8574 0.8018 0.9099 0.2983 2.1250 0.5799 2.8052 2.0647 0.2727 1.6170 -0.6406 0.0064 0.1099 0.9116 0.0000 0.0000 0.0000 0.0000 0.0000 0.0000 0.0000 
9 1.9361 0.2285 1.5804 0.1908 2.4307 0.1124 2.0223 3.0976 2.6743 0.8097 1.7259 0.5254 1.1411 2.7275 2.5872 0.1277 0.3828 0.0064 0.1099 0.9116 0.0000 0.0000 0.0000 0.0000 0.0000 0.0000 0.0000 
10 1.2554 2.0473 0.6337 2.5413 2.8164 1.7771 1.2013 2.6808 1.6598 0.6729 0.9449 0.5840 2.6510 1.6508 2.2190 2.5861 -0.7344 0.0750 0.1099 0.9116 0.0000 0.0000 0.0000 0.0000 0.0000 0.0000 0.0000 
11 3.0618 0.6794 1.3340 2.7590 2.4167 1.2763 2.0946 0.6931 0.5920 0.2539 1.2549 0.8177 1.6746 3.0488 0.5650 1.7963 -0.0859 0.0217 0.1099 0.9116 0.0000 0.0000 0.0000 0.0000 0.0000 0.0000 0.0000 
12 2.7299 1.9201 1.7035 2.4353 0.1664 2.9851 2.1880 2.5535 2.6100 0.3998 0.3026 0.6425 1.6353 2.9541 2.8657 1.3531 0.2344 0.0296 0.1099 0.9116 0.0000 0.0000 0.0000 0.0000 0.0000 0.0000 0.0000 
13 1.9931 2.3503 1.1110 3.0519 2.9645 2.3111 2.8418 2.5358 2.0838 1.0774 0.9558 0.8254 0.2745 2.9161 1.0074 0.1726 0.7734 0.0594 0.1099 0.9116 0.0000 0.0000 0.0000 0.0000 0.0000 0.0000 0.0000 
14 1.0614 0.4138 1.4540 1.1105 0.6337 1.5501 1.3618 1.1769 2.5736 1.0331 1.7462 2.7703 3.0171 1.2398 0.2232 2.9909 0.6953 0.0039 0.1099 0.9116 0.0000 0.0000 0.0000 0.0000 0.0000 0.0000 0.0000 
15 1.6638 0.7618 0.4899 0.8270 1.0444 0.5220 0.2491 3.1246 2.5949 0.4447 1.5622 2.5375 1.6344 0.3105 1.1331 1.2579 -0.1016 0.0359 0.1099 0.9116 0.0000 0.0000 0.0000 0.0000 0.0000 0.0000 0.0000 
16 2.8816 1.8729 1.4960 2.0182 0.2479 2.1871 2.5576 2.1401 1.1976 0.9698 0.1309 0.3495 0.5701 1.4787 2.4672 0.7604 -0.5469 0.0029 0.1099 0.9116 0.0000 0.0000 0.0000 0.0000 0.0000 0.0000 0.0000 
17 1.5367 2.0341 2.0146 0.1624 2.9000 1.8802 1.0224 0.8279 2.1956 2.9371 1.1260 1.3108 1.7945 0.6321 1.3345 2.8909 0.2188 0.0625 0.1099 0.9116 0.0000 0.0000 0.0000 0.0000 0.0000 0.0000 0.0000 
18 1.7923 2.6033 0.8965 2.7422 2.4805 0.7857 1.7120 2.1741 1.8424 1.9309 0.8302 1.7848 1.1784 2.5271 1.2336 3.0791 0.1250 0.0093 0.1099 0.9116 0.0000 0.0000 0.0000 0.0000 0.0000 0.0000 0.0000 
19 1.8657 0.7927 1.3645 0.4896 2.3398 0.2397 1.9400 1.0368 2.4635 0.4857 2.1696 2.2717 0.8091 0.4962 1.2331 2.0740 -0.4062 0.0405 0.1099 0.9116 0.0000 0.0000 0.0000 0.0000 0.0000 0.0000 0.0000 
20 0.8936 0.1267 1.4426 2.5597 0.5800 2.9613 1.6458 0.5883 0.4043 1.2278 1.5490 0.6343 0.3558 1.6246 0.8726 1.4515 -0.3828 0.0309 0.1099 0.9116 0.0000 0.0000 0.0000 0.0000 0.0000 0.0000 0.0000 
21 1.4710 2.2210 1.8568 0.7944 0.6466 2.7117 0.2536 0.4746 0.3126 2.6132 1.7454 2.9097 2.0049 1.1202 1.4093 2.3276 0.2109 0.0110 0.1099 0.9116 0.0000 0.0000 0.0000 0.0000 0.0000 0.0000 0.0000 
22 0.8033 2.5425 1.3395 0.2282 1.1453 1.8042 0.5458 2.8539 2.9170 1.6553 2.8514 2.1985 1.7365 0.5809 2.9981 2.8971 0.0312 0.0166 0.1099 0.9116 0.0000 0.0000 0.0000 0.0000 0.0000 0.0000 0.0000 
23 1.4747 1.2706 0.3240 1.9833 2.7002 1.2828 0.9783 1.9643 2.5131 0.6162 0.9588 2.0536 0.2257 2.5844 1.0598 2.6310 0.2812 0.0115 0.1099 0.9116 0.0000 0.0000 0.0000 0.0000 0.0000 0.0000 0.0000 
24 1.4835 0.6035 0.1590 0.4446 0.8918 2.4042 2.5151 2.0199 1.0342 2.1197 2.3280 1.2174 0.3481 1.5262 0.7752 0.6738 0.6172 0.0296 0.1099 0.9116 0.0000 0.0000 0.0000 0.0000 0.0000 0.0000 0.0000 
25 0.7970 0.7826 2.8512 0.7381 0.8073 0.5924 1.3921 0.7432 0.9379 2.2517 2.8980 2.4786 0.2506 1.0827 2.8441 0.3295 0.1328 0.0173 0.1099 0.9116 0.0002 0.1794 100.0000 40.4246 0.3309 0.3720 41.1275 
26 0.5382 0.8021 1.7004 1.4054 0.2177 1.4196 2.8334 1.5481 0.7546 1.8447 2.7680 1.5654 0.2037 2.0126 2.7885 0.2901 1.6953 0.0038 0.0100 0.9116 0.0000 1.2791 100.0000 42.5741 0.3098 0.4578 43.3417 
27 2.8885 1.0347 1.2367 1.8722 1.0045 1.9117 1.7522 1.4185 2.1476 1.7068 0.3675 3.1310 1.1812 1.4130 1.3257 2.9270 -1.1641 0.0260 0.2264 0.9249 0.0004 0.0092 99.0000 40.1416 0.3660 0.3836 40.8913 
28 2.3020 0.2309 1.3205 2.6577 3.1047 1.5243 2.5977 1.5433 1.6658 1.8144 3.0505 2.4940 1.6265 2.2209 2.0345 1.2461 -0.5703 0.0464 0.2264 0.8292 0.0005 0.1121 100.0000 41.5056 0.3355 0.3701 42.2113 
29 2.9561 1.0235 1.2268 1.8856 1.0062 1.9206 1.7688 1.4217 2.1454 1.7100 0.3299 3.1416 1.1465 1.3889 1.3573 2.9227 -1.1016 0.0265 0.2711 0.8186 0.0002 0.0259 100.0000 41.2727 0.3045 0.3621 41.9393 
30 2.7965 1.0515 1.2501 1.8551 1.0021 1.9006 1.7288 1.4141 2.1508 1.7040 0.4169 3.1229 1.2274 1.4479 1.2820 2.9350 -1.0391 0.0232 0.2920 0.7708 0.0001 0.0099 89.0000 35.9796 0.3359 0.3673 36.6828 
31 2.9653 0.9635 1.2279 1.8638 1.0053 1.9053 1.7818 1.4171 2.1428 1.6371 0.3374 3.0335 1.1992 1.2845 1.3655 2.8927 -0.8516 0.0588 0.3204 0.7443 0.0003 0.0438 100.0000 41.5344 0.3152 0.3543 42.2039 
32 1.0942 1.9381 0.7487 2.5650 2.7546 1.7746 1.0805 2.3115 1.4227 0.5154 1.2106 0.4917 2.8613 1.6421 1.8801 2.3933 -0.2266 0.0268 0.3199 0.7377 0.0000 0.0109 100.0000 37.9049 0.3215 0.5179 38.7443 
33 2.8973 1.1194 1.2322 1.9082 1.0032 1.9386 1.7381 1.4259 2.1526 1.8190 0.3440 3.1416 1.0923 1.5624 1.3222 2.9725 -0.8594 0.0053 0.3149 0.7410 0.0003 0.0097 100.0000 39.6341 0.3071 0.3069 40.2481 
34 0.4524 1.4722 1.3148 2.6466 2.4474 1.5805 0.6582 0.4104 0.5629 0.1000 2.4099 0.2849 2.9186 2.0767 0.1000 1.4034 -0.6875 0.0440 0.3281 0.7358 0.0002 0.0852 100.0000 40.0491 0.3316 0.3460 40.7268 
35 2.7616 1.0357 1.2084 1.9148 1.0217 1.9110 1.6538 1.4102 2.1566 1.5917 0.2211 3.1416 1.3092 1.3061 1.1836 3.1202 -1.6328 0.0308 0.4039 0.7574 0.0019 0.0740 100.0000 41.0303 0.3285 0.3290 41.6878 
36 2.6811 1.0452 1.1796 1.9625 1.0345 1.9187 1.5737 1.4053 2.1648 1.5128 0.1000 3.1416 1.3920 1.2283 1.0725 3.1416 -1.6641 0.0646 0.4048 0.7620 0.0033 0.0255 100.0000 39.1776 0.2933 0.3415 39.8124 
37 2.6659 1.0459 1.1593 1.9958 1.0404 1.9286 1.5353 1.4029 2.1698 1.4742 0.1000 3.1416 1.4230 1.1776 1.0219 3.1416 -1.5938 0.0953 0.4673 0.7575 0.0042 0.0323 100.0000 39.4576 0.3167 0.3259 40.1002 
38 2.6852 1.0415 1.1347 2.0370 1.0473 1.9449 1.5046 1.4002 2.1729 1.4433 0.1000 3.1416 1.4350 1.1192 0.9860 3.1416 -1.4922 0.1134 0.5247 0.7445 0.0020 0.0249 100.0000 38.2021 0.4722 0.3678 39.0421 
39 2.6562 0.9468 1.1111 2.0948 1.1609 1.9807 1.5143 1.4314 2.1028 1.4615 0.1000 3.1416 1.5166 1.1109 1.0767 3.1416 -1.1406 0.1027 0.5715 0.7352 0.0085 0.0935 100.0000 36.6750 0.3057 0.3410 37.3216 
40 2.7237 1.1743 1.2090 1.8672 0.8528 1.8522 1.5456 1.3499 2.2834 1.4311 0.1000 3.1416 1.2936 1.1757 0.9028 3.1416 -1.6641 0.0665 0.5778 0.7352 0.0014 0.0193 100.0000 36.7305 0.2823 0.3501 37.3630 
41 2.7521 1.1935 1.2025 1.8692 0.8248 1.8477 1.5301 1.3375 2.3044 1.4041 0.1000 3.1416 1.2731 1.1363 0.8620 3.1416 -1.7734 0.0643 0.6218 0.7326 0.0054 0.0450 100.0000 39.5840 0.2880 0.3089 40.1809 
42 2.8317 1.2544 1.1915 1.8641 0.7386 1.8310 1.4947 1.3015 2.3654 1.3366 0.1000 3.1416 1.2063 1.0400 0.7524 3.1416 -1.0859 0.0408 0.6570 0.7314 0.0057 0.0494 100.0000 39.2189 0.2772 0.3300 39.8261 
43 2.5084 1.1669 1.2301 1.7174 0.8338 1.7950 1.6182 1.4730 2.3165 1.3853 0.1000 3.1416 1.4860 1.3378 1.0105 3.1416 -1.5000 0.1275 0.6419 0.7254 0.0154 0.1156 100.0000 35.7998 0.2885 0.3154 36.4038 
44 2.4837 0.8727 1.3947 1.9048 0.8763 1.7083 1.4222 1.1887 2.3070 1.4777 0.1000 3.1416 1.2232 1.2620 0.9429 3.1416 -0.7891 0.0009 0.6819 0.7252 0.0198 0.1841 100.0000 38.6418 0.2928 0.4968 39.4315 
45 2.8320 1.4065 1.0091 1.8140 0.9248 2.0197 1.7107 1.5894 2.2038 1.4174 0.1000 3.1416 1.5276 1.1842 0.9723 3.1416 -1.0000 0.1223 0.6553 0.7505 0.0023 0.0241 100.0000 38.3020 0.2961 0.3282 38.9263 
46 2.7579 1.2634 1.2701 2.1219 0.8043 1.8827 1.3724 1.6575 2.3726 1.2853 0.1000 3.1416 1.3032 1.0790 1.3458 3.1416 -1.1719 0.0753 0.6427 0.7456 0.0296 0.2288 100.0000 40.3685 0.2899 0.3644 41.0229 
47 3.0139 0.8777 1.1278 1.7852 0.9764 1.9219 1.6082 1.5310 1.8754 1.1657 0.1000 3.1416 1.2766 1.3346 0.7244 3.1416 -0.4375 0.0132 0.6750 0.7463 0.0190 0.2297 100.0000 36.9968 0.3210 0.4569 37.7746 
48 1.3209 2.4960 0.1000 3.0964 3.1416 2.0214 1.1096 3.1416 1.9249 0.6115 0.1000 0.3247 3.1416 0.8687 3.1416 3.1416 0.3672 0.0239 0.5773 0.8077 0.0048 0.1774 100.0000 37.6898 0.2911 0.3473 38.3282 
49 2.4408 0.1000 1.3787 3.1416 3.1416 1.4995 3.1416 1.7813 1.8851 2.9215 3.1416 3.1416 1.9345 2.8960 2.7402 0.4908 1.0469 0.0248 0.5433 0.8026 0.0044 0.1862 100.0000 35.7557 0.2758 0.3366 36.3680 
50 0.1000 2.4717 1.1094 2.8748 3.1416 0.5406 0.1000 0.1000 0.1000 0.1000 3.1416 0.1000 3.1416 2.1189 0.1000 1.5162 0.2266 0.0034 0.4898 0.8124 0.0035 0.3185 100.0000 36.8611 0.3457 0.3621 37.5690 
51 0.1593 0.3982 1.4754 2.8892 2.2175 2.8201 0.6482 0.2229 0.6006 0.1000 1.9786 0.1000 3.1416 2.0491 0.1000 1.1251 0.2656 0.0024 0.4650 0.7971 0.0012 0.1330 100.0000 40.2193 0.4295 0.3728 41.0216 
52 2.6409 1.2341 1.1828 1.9179 0.9344 1.8918 1.6152 1.3302 2.3399 1.6071 0.1000 3.1416 1.3702 1.1673 1.0866 3.1416 -1.6484 0.0216 0.4321 0.7781 0.0064 0.0216 100.0000 39.6869 0.2948 0.3264 40.3081 
53 2.6174 1.2520 1.1552 1.9299 0.9428 1.8990 1.6389 1.2926 2.3960 1.6561 0.1000 3.1416 1.3970 1.1297 1.1014 3.1416 -1.0469 0.0073 0.4848 0.7924 0.0034 0.0305 100.0000 38.7396 0.2798 0.3357 39.3551 
54 2.6533 1.3029 1.3519 1.8759 0.9410 1.8801 1.4716 1.4442 2.1182 1.5499 0.1000 3.1416 1.3453 1.2172 1.0631 3.1416 -1.5781 0.0212 0.4759 0.8034 0.0340 0.0949 100.0000 40.2632 0.2901 0.3491 40.9024 
55 2.7038 1.2586 1.4293 1.8492 1.0143 2.0683 1.4487 1.4223 2.3144 1.5165 0.1000 3.1416 1.3921 1.2764 1.0466 3.1416 -0.9375 0.0192 0.5114 0.8125 0.0277 0.1090 100.0000 38.7788 0.2971 0.3484 39.4243 
56 2.6003 1.2260 1.0855 1.9662 0.8276 1.6727 1.6029 1.4390 2.0838 1.5447 0.1000 3.1416 1.3130 1.1569 1.1018 3.1416 -1.8438 0.0390 0.5126 0.8354 0.0077 0.0296 100.0000 37.5087 0.2882 0.3644 38.1613 
57 2.5677 1.2565 1.0465 1.9879 0.7951 1.6060 1.6111 1.4462 2.0344 1.5729 0.1000 3.1416 1.3065 1.1289 1.1217 3.1416 -1.4141 0.0155 0.5321 0.8512 0.0056 0.0321 100.0000 36.0513 0.2737 0.4443 36.7693 
58 2.4568 1.2331 1.1475 2.0174 0.8873 1.7095 1.8047 1.5567 2.1207 1.5284 0.1000 3.1416 1.1693 1.0311 1.0608 3.1416 -1.4844 0.0751 0.5595 0.8496 0.0320 0.1456 100.0000 39.1842 0.2660 0.3239 39.7741 
59 2.6197 1.3705 1.0211 1.9675 0.9416 1.5357 1.6223 1.2028 2.0643 1.4009 0.1000 3.1416 1.3535 1.1283 1.2514 3.1416 -1.7656 0.0554 0.5886 0.8535 0.0130 0.0852 100.0000 38.2709 0.2781 0.3094 38.8583 
60 2.6565 1.4044 0.9876 1.9681 0.9534 1.3970 1.5990 1.1932 2.0484 1.4857 0.1000 3.1416 1.4004 1.0004 1.2787 3.1416 -0.8672 0.0165 0.6249 0.8605 0.0051 0.0573 100.0000 37.6071 0.2705 0.3426 38.2201 
61 3.1416 0.1000 0.1000 3.1416 3.1416 3.1416 3.1416 0.1000 0.1000 0.1000 3.1416 3.1416 0.1000 0.1000 3.1416 3.1416 -0.2031 0.0177 0.5826 0.8791 0.0143 0.6773 100.0000 38.7680 0.2381 0.2980 39.3041 
62 3.1416 3.1416 3.1416 0.1000 3.1416 0.1000 0.1000 0.1000 3.1416 0.1000 3.1416 3.1416 0.1000 0.1000 0.1000 0.1000 -1.0234 0.0338 0.5739 0.8642 0.0225 1.0183 100.0000 38.2315 0.2691 0.3050 38.8056 
63 3.1416 3.1416 3.1416 0.1000 3.1416 0.1000 1.6413 0.1000 3.1416 0.1000 3.1416 3.1416 0.1000 0.1000 0.1000 0.1000 -0.5000 0.0451 0.5729 0.8680 0.0221 0.4260 100.0000 39.1225 0.2681 0.3379 39.7285 
64 2.4888 1.2636 1.0195 2.0461 0.7558 1.8631 1.6593 1.3257 2.0883 1.3942 0.1000 3.1416 1.2375 1.3030 1.1566 3.1416 -0.6250 0.1330 0.5719 0.8638 0.1024 0.1859 100.0000 38.6771 0.4688 0.3223 39.4682 
65 2.7173 1.1628 1.2228 1.8648 0.9915 1.5752 1.6029 1.5759 2.2150 1.6098 0.1000 3.1416 1.3644 1.0898 1.0343 3.1416 -1.0000 0.0270 0.5406 0.8958 0.0300 0.0549 100.0000 39.6753 0.2750 0.3319 40.2822 
66 1.5171 3.1416 3.1416 0.1000 3.1416 0.1000 0.1000 0.1000 3.1416 0.1000 3.1416 3.1416 0.1000 0.1000 0.1000 0.1000 0.1172 0.0076 0.5614 0.8850 0.0288 0.4460 100.0000 40.3934 0.2978 0.4017 41.0929 
67 3.1416 3.1416 3.1416 3.1416 3.1416 0.1000 0.1000 0.1000 3.1416 0.1000 0.1000 3.1416 3.1416 0.1000 3.1416 0.1000 0.0078 0.0156 0.5356 0.8868 0.0261 1.3200 100.0000 37.5857 0.2589 0.3350 38.1796 
68 3.1416 3.1416 3.1416 3.1416 3.1416 0.1000 0.1000 3.1416 0.1000 0.1000 3.1416 3.1416 3.1416 0.1000 0.1000 0.1000 -1.2656 0.0407 0.5258 0.8734 0.0198 1.1521 100.0000 41.1683 0.2455 0.2962 41.7100 
69 3.1416 3.1416 2.7841 3.1416 3.0398 0.1000 0.4752 3.1416 0.1000 0.1000 3.1416 3.1416 3.1416 0.1000 0.2279 0.1000 -0.9297 0.0215 0.2713 0.8129 0.0760 0.2032 100.0000 42.6967 0.2625 0.3297 43.2889 
70 3.1416 3.1416 3.1416 1.9659 3.1416 0.1000 0.1000 3.1416 0.1000 0.1000 3.1416 3.1416 3.1416 0.1000 0.1000 0.1000 -1.2656 0.0407 0.5411 0.8900 0.0312 0.3110 100.0000 42.0691 0.2813 0.4922 42.8426 
71 3.1416 3.1416 3.1416 2.3436 3.1416 1.1546 0.1000 3.1416 0.1000 0.1000 3.1416 3.1416 3.1416 0.1000 0.1000 0.1000 -1.2656 0.0407 0.5660 0.8916 0.0425 0.3088 100.0000 39.7433 0.2854 0.3244 40.3531 
72 3.1416 3.1416 3.1416 2.3174 3.1416 0.5522 0.1000 3.1416 0.1000 0.1000 3.1416 3.1416 3.1416 0.1000 0.1000 1.1472 -0.3281 0.0031 0.5899 0.8901 0.0353 0.2862 100.0000 43.3271 0.2876 0.3201 43.9348 
73 3.1416 3.1416 3.1416 2.4522 3.1416 0.4675 0.1000 3.1416 0.1000 0.1000 3.1416 2.0628 3.1416 0.1000 0.1000 0.1000 -0.6406 0.0096 0.5606 0.9109 0.0372 0.3035 100.0000 42.2390 0.2959 0.3789 42.9139 
74 3.1416 3.1416 3.1416 2.4474 3.1416 0.4116 0.1000 3.1416 1.2322 0.1000 3.1416 3.1416 3.1416 0.1000 0.1000 0.1000 -0.7266 0.0667 0.5603 0.9140 0.0746 0.5177 100.0000 40.1543 0.2769 0.3200 40.7513 
75 3.1416 3.1416 3.1416 2.4691 3.1416 0.3701 0.1000 3.1416 0.1000 1.2950 3.1416 3.1416 3.1416 0.1000 0.1000 0.1000 -0.3906 0.0147 0.5659 0.9143 0.0728 0.5748 100.0000 41.6219 0.2750 0.3495 42.2464 
76 3.1416 3.1416 3.1416 1.0074 3.1416 1.2776 0.1000 3.1416 0.1000 0.1000 3.1416 3.1416 3.1416 0.1000 0.1000 0.1000 -1.2656 0.0407 0.5557 0.9201 0.0558 0.4789 100.0000 42.4468 0.2536 0.3128 43.0131 
77 3.1416 3.1416 3.1416 1.4961 3.1416 2.3698 0.1000 3.1416 0.1000 0.1000 3.1416 3.1416 3.1416 0.1000 0.1000 0.1000 -1.2656 0.0407 0.5749 0.9252 0.0594 0.4546 100.0000 40.5144 0.4366 0.4507 41.4017 
78 3.1416 3.1416 3.1416 1.3395 3.1416 1.7996 0.1000 3.1416 0.1000 0.1000 2.1095 3.1416 3.1416 0.1000 0.1000 0.1000 0.6250 0.0068 0.5958 0.9271 0.0506 0.3075 100.0000 38.1052 0.2945 0.3606 38.7604 
79 3.1416 3.1416 3.1416 1.7422 3.1416 0.8116 0.1000 3.1416 0.1000 0.1000 3.1416 3.1416 3.1416 0.1000 0.1000 0.1000 -1.2656 0.0407 0.2420 0.8241 0.1463 0.5867 100.0000 42.0672 0.2701 0.3723 42.7097 
80 3.1416 3.1416 3.1416 0.7612 3.1416 0.1000 0.1000 3.1416 0.1000 0.1000 3.1416 3.1416 3.1416 0.1000 0.1000 0.1000 -1.2656 0.0407 0.5089 1.0036 0.0957 0.6353 100.0000 42.0227 0.2754 0.3875 42.6855 
81 3.1416 3.1416 0.1000 0.1000 0.1000 0.1000 3.1416 0.1000 3.1416 0.1000 0.1000 3.1416 0.1000 0.1000 3.1416 3.1416 -1.1953 0.0399 0.5306 1.0111 0.0302 1.1388 100.0000 41.9079 0.2792 0.3762 42.5634 
82 3.1416 3.1416 1.2271 0.1000 0.1000 0.1000 3.1416 0.1000 3.1416 0.1000 0.1000 3.1416 0.1000 0.1000 3.1416 3.1416 -0.6875 0.0713 0.5311 1.0159 0.0242 0.2781 100.0000 40.5248 0.2545 0.3021 41.0813 
83 3.1416 3.1416 0.1000 0.1000 1.3000 0.1000 3.1416 0.1000 3.1416 0.1000 0.1000 3.1416 0.1000 0.1000 3.1416 3.1416 -0.6641 0.0549 0.5317 1.0160 0.0249 0.3228 100.0000 37.2761 0.2927 0.4606 38.0295 
84 3.1416 3.1416 0.1000 0.1000 0.1000 0.1000 3.1416 1.3675 3.1416 0.1000 0.1000 3.1416 0.1000 0.1000 3.1416 3.1416 0.0859 0.0420 0.5331 1.0154 0.0715 0.5009 100.0000 42.4173 0.2610 0.3442 43.0225 
85 3.1395 3.0603 3.1416 1.1795 3.1416 0.5274 0.1000 3.1416 0.1000 0.1000 3.1416 3.1416 3.1245 0.1000 0.1000 0.1000 -1.2266 0.0400 0.2655 0.8574 0.1409 0.2675 100.0000 39.7586 0.2723 0.3327 40.3636 
86 3.1416 3.1416 3.1416 0.9923 3.1416 0.1000 0.1000 3.1416 0.1000 0.1000 3.1416 3.1416 3.1416 0.1000 1.0713 0.1000 -0.6562 0.0545 0.5285 1.0289 0.0998 0.4215 100.0000 39.1096 0.2913 0.3575 39.7585 
87 3.1416 0.1000 3.1416 3.1416 3.1416 3.1416 3.1416 3.1416 0.1000 3.1416 0.1000 0.1000 0.1000 0.1000 3.1416 3.1416 0.8281 0.0038 0.5285 1.0330 0.0308 1.5749 100.0000 40.0917 0.2383 0.3476 40.6777 
88 3.1416 3.1416 3.1416 1.1668 3.1416 0.3894 0.1000 3.1416 0.1000 0.1000 3.1416 3.1416 3.1416 1.1005 0.1000 0.1000 -0.7734 0.0080 0.5397 1.0255 0.0983 0.8698 100.0000 41.6756 0.2808 0.3580 42.3145 
89 3.1416 3.1416 3.1416 0.1000 3.1416 3.1416 3.1416 0.1000 0.1000 0.1000 3.1416 0.1000 3.1416 0.1000 3.1416 3.1416 0.2344 0.0117 0.5454 1.0288 0.0220 1.3259 100.0000 41.5602 0.2674 0.3371 42.1646 
90 0.1000 0.1000 0.1000 3.1416 3.1416 0.1000 3.1416 0.1000 0.1000 3.1416 0.1000 3.1416 3.1416 0.1000 3.1416 3.1416 -0.4375 0.0201 0.5435 1.0155 0.0276 1.4743 100.0000 41.4422 0.5049 0.3633 42.3104 
91 3.1416 3.1416 3.1416 2.6985 3.1416 2.7273 0.1000 3.1416 0.1000 0.1000 3.1416 3.1416 3.1416 0.1000 0.1000 0.1000 -1.2656 0.0407 0.5352 1.0049 0.0982 0.5380 100.0000 40.8309 0.2724 0.3658 41.4691 
92 3.1416 3.1416 3.1416 2.3113 2.2918 3.1416 0.1000 3.1416 0.1000 0.1000 3.1416 3.1416 3.1416 0.1000 0.1000 0.1000 1.5391 0.0036 0.5520 1.0139 0.0893 0.3554 100.0000 42.7645 0.2804 0.3326 43.3776 
93 2.6798 1.2004 1.1750 1.9012 0.9200 1.7729 1.5855 1.3709 2.1496 1.4601 0.1254 3.1416 1.3325 1.1672 1.0705 3.1416 -2.0234 0.1000 0.2293 0.8259 0.0794 0.0680 100.0000 42.0114 0.3221 0.3462 42.6797 
94 2.6886 1.2132 1.1805 1.8841 0.9354 1.7537 1.5952 1.3441 2.1324 1.4238 0.1407 3.1416 1.3312 1.1553 1.0925 3.1416 -2.1562 0.1251 0.2280 0.8206 0.1540 0.0947 100.0000 40.5445 0.3133 0.3755 41.2333 
95 3.1416 3.1416 3.1416 1.5609 3.1416 0.3946 0.1000 2.6128 0.1000 0.1000 3.1416 3.1416 3.1416 0.1000 0.1000 0.1000 -0.6562 0.0167 0.2257 0.8132 0.1265 0.3223 100.0000 43.4790 0.3027 0.3607 44.1425 
96 3.1359 2.9020 3.1416 2.5286 3.1416 0.4896 0.1000 3.1416 0.1000 0.1000 3.1416 3.1416 3.0914 0.1000 0.1000 0.1000 -1.1875 0.0378 0.2243 0.8148 0.1112 0.5769 100.0000 41.4562 0.2941 0.4752 42.2255 
97 3.1416 3.1416 3.1416 0.4892 3.1416 0.7396 0.1000 3.1416 0.1000 0.1000 3.1416 3.1416 3.1416 0.1000 0.1000 0.1000 -1.2656 0.0407 0.2336 0.8291 0.1032 0.4008 100.0000 43.9016 0.2535 0.3365 44.4915 
98 3.1416 3.1416 2.5671 0.8469 3.1416 0.7153 0.1000 3.1416 0.1000 0.1000 3.1416 3.1416 3.1416 0.1000 0.1000 0.1000 1.2188 0.0032 0.2443 0.8459 0.1156 0.6357 100.0000 42.6146 0.2693 0.3407 43.2246 
99 2.6899 1.2263 1.1826 1.8776 0.9477 1.7401 1.6027 1.3278 2.1274 1.4010 0.1463 3.1416 1.3306 1.1494 1.1112 3.1416 -2.2031 0.1407 0.1910 0.8125 0.0295 0.0370 100.0000 40.0538 0.2909 0.3818 40.7264 
100 2.6905 1.2320 1.1882 1.8694 0.9575 1.7342 1.6084 1.3174 2.1227 1.3839 0.1522 3.1416 1.3299 1.1450 1.1205 3.1416 -2.1094 0.1520 0.1926 0.8062 0.0083 0.0180 100.0000 41.3838 0.2835 0.3570 42.0243 
101 2.6823 1.2257 1.1768 1.8459 0.9585 1.7443 1.5970 1.3193 2.1179 1.3880 0.1577 3.1416 1.3206 1.1332 1.1226 3.1416 -1.9531 0.1354 0.1960 0.8041 0.0294 0.0357 100.0000 41.8107 0.3231 0.4715 42.6053 
102 2.7154 1.2348 1.2137 1.9255 0.9408 1.7207 1.6287 1.3171 2.1293 1.3934 0.1402 3.1416 1.3559 1.1749 1.0988 3.1416 -2.2266 0.1802 0.1998 0.8062 0.2388 0.1397 100.0000 44.0677 0.3263 0.4090 44.8030 
103 2.7212 1.2373 1.2241 1.9330 0.9408 1.7159 1.6374 1.3113 2.1268 1.3875 0.1421 3.1416 1.3625 1.1786 1.0970 3.1416 -2.2109 0.1926 0.2035 0.8052 0.1377 0.0999 100.0000 44.4211 0.3777 0.4758 45.2747 
104 3.1416 3.1416 3.1416 3.0605 3.1416 0.8560 0.1000 3.1416 0.1000 0.1000 3.1416 3.1416 3.1416 0.1056 0.1000 0.1000 -1.3125 0.0410 0.2075 0.8064 0.0542 1.5770 100.0000 39.3662 0.2843 0.3305 39.9810 
105 0.2265 3.0138 3.0144 2.9390 0.1606 0.2095 0.1976 3.0749 2.9704 3.1412 0.1684 0.1635 3.0802 0.1377 1.2676 0.1290 -0.7656 0.0515 0.2147 0.8210 0.0000 0.7951 100.0000 40.5953 0.2995 0.3905 41.2853 
106 0.1589 3.1021 3.1187 2.4364 0.1376 0.6778 0.1548 2.9743 2.9249 2.9830 0.2148 0.1737 3.1041 0.4634 0.1530 0.2640 -1.8281 0.0560 0.2115 0.8148 0.0001 0.3878 100.0000 40.7460 0.3580 0.4282 41.5322 
107 0.1343 3.1337 3.1416 2.2679 0.1281 0.8344 0.1387 2.9421 2.9112 2.9315 0.2289 0.1750 3.1139 0.5719 0.1000 0.3072 -1.7266 0.0693 0.2186 0.8401 0.0039 0.0940 100.0000 42.9530 0.3171 0.3578 43.6280 
108 0.2587 3.0051 3.1416 2.4406 0.2269 0.6906 0.2376 2.8942 2.8521 2.9114 0.2843 0.2746 3.0152 0.4902 0.1000 0.3634 -1.8047 0.0855 0.2299 0.8591 0.0344 0.1390 100.0000 44.3885 0.3600 0.4132 45.1617 
109 0.1848 2.9370 3.1416 2.4879 0.1570 0.8189 0.1399 2.9536 2.9997 3.0717 0.1494 0.2693 3.0502 0.4462 0.1000 0.4082 -1.5000 0.0455 0.2435 0.8812 0.0113 0.1116 100.0000 43.1115 0.3371 0.5176 43.9663 
110 0.2052 3.1416 3.1296 2.3613 0.1848 0.5433 0.2355 2.9311 2.7797 2.8187 0.3466 0.1437 3.0969 0.5166 0.1000 0.1816 -1.7500 0.0584 0.2518 0.8963 0.0070 0.0711 100.0000 40.0464 0.3110 0.3598 40.7172 
111 0.2215 3.1416 2.8114 2.3784 0.1973 0.6740 0.2210 2.9114 2.8356 2.8790 0.2982 0.2152 3.0569 0.5186 0.1296 0.2959 -1.2344 0.0572 0.2697 0.9268 0.0044 0.1109 100.0000 43.8838 0.3111 0.3925 44.5873 
112 0.1190 2.8279 3.1416 2.3211 0.1199 0.5869 0.1654 2.9845 2.8535 2.8953 0.2761 0.1000 3.1416 0.5123 0.1000 0.1603 -1.7578 0.0559 0.2693 0.9322 0.0353 0.1287 100.0000 42.0834 0.3434 0.4904 42.9171 
113 0.1734 3.0044 3.1416 2.5837 0.1000 0.7623 0.1000 3.0189 2.8675 2.7111 0.3029 0.1000 3.1416 0.5156 0.1000 0.1000 -1.6250 0.0456 0.2966 0.9799 0.0495 0.1700 100.0000 43.1886 0.3186 0.4061 43.9133 
114 0.1003 3.0438 3.1416 2.3299 0.1000 0.4859 0.1000 2.6170 2.9147 2.9917 0.1831 0.1000 3.1416 0.5470 0.1000 0.1000 -0.7188 0.0314 0.3473 1.0705 0.0299 0.1340 100.0000 42.0527 0.3151 0.4035 42.7714 
115 0.1905 2.9893 3.1416 2.3428 0.1835 0.7246 0.2804 3.1416 2.7972 2.8532 0.3686 0.1602 3.1111 0.4357 0.1192 0.3261 -1.7422 0.0772 0.2799 0.9644 0.0534 0.0962 100.0000 42.7345 0.2955 0.4636 43.4937 
116 0.2609 2.9852 3.1416 2.3576 0.2230 0.6607 0.1601 3.1416 2.8323 2.8097 0.2661 0.2836 2.9688 0.6758 0.1000 0.2573 -1.4453 0.0708 0.3070 1.0137 0.0204 0.1069 100.0000 39.7254 0.3201 0.4001 40.4456 
117 0.1066 3.1416 3.1416 2.4294 0.1000 0.8112 0.3183 3.1416 2.8343 2.9361 0.4104 0.1000 3.1416 0.1916 0.1000 0.2360 -1.9141 0.0637 0.3291 1.0581 0.0782 0.1816 100.0000 41.1974 0.2911 0.3735 41.8621 
118 0.1000 3.1343 3.1416 2.3849 0.1000 0.7849 0.2151 3.1416 2.8189 2.7191 0.4132 0.1000 3.1416 0.1066 0.1000 0.4979 -1.7578 0.0624 0.3918 1.1695 0.0396 0.1501 100.0000 43.1679 0.3030 0.3531 43.8240 
119 0.1000 3.0975 3.1416 2.5088 0.1000 0.9611 0.5462 3.1416 2.7382 2.9864 0.5313 0.1000 3.1416 0.3697 0.1000 0.3056 -1.6094 0.1137 0.4148 1.2047 0.0706 0.1963 100.0000 43.7776 0.3485 0.4481 44.5742 
120 0.3383 3.0753 3.1416 2.2614 0.2965 0.8783 0.2086 3.1416 2.8781 2.8820 0.3631 0.1000 3.1416 0.1000 0.1000 0.1466 -1.5391 0.0277 0.4268 1.2232 0.0618 0.1635 100.0000 43.9842 0.3427 0.5011 44.8282 
121 0.1000 3.1326 3.1416 2.5052 0.1000 0.6285 0.1000 3.1416 2.8764 2.9809 0.6597 0.1000 3.1416 0.3463 0.1000 0.4534 -0.9453 0.0600 0.4367 1.2388 0.0904 0.2709 100.0000 42.8440 0.3254 0.5816 43.7510 
122 0.1000 3.0649 3.1416 2.3753 0.1000 0.8264 0.4713 3.1392 2.7601 2.7210 0.1000 0.1577 3.1416 0.2594 0.1000 0.2558 -1.6250 0.0474 0.4223 1.2375 0.0626 0.1148 100.0000 42.8930 0.3347 0.4093 43.6370 
123 0.1000 3.0161 3.1416 2.3603 0.1000 1.0018 0.1976 3.0979 2.4840 2.8715 0.1813 0.1000 2.9836 0.2523 0.1089 0.2560 0.5469 0.0089 0.4295 1.2457 0.0389 0.1372 100.0000 40.8920 0.3102 0.3977 41.5999 
124 0.1735 3.0932 3.1416 2.3986 0.1508 0.7140 0.4073 3.0807 3.0297 2.8024 0.3207 0.1648 3.1416 0.3353 0.1000 0.2681 -1.8125 0.1148 0.2409 0.9629 0.1761 0.1328 100.0000 39.9894 0.3292 0.4039 40.7226 
125 0.2403 3.0281 3.1416 2.4227 0.2206 0.6917 0.3622 3.0535 2.9942 2.8760 0.2684 0.1031 3.1416 0.4924 0.1000 0.2578 -1.1953 0.0804 0.2380 0.9524 0.0339 0.0856 100.0000 44.5013 0.3350 0.4213 45.2576 
126 0.1004 3.1288 3.1416 2.3573 0.1000 0.7186 0.3351 3.0767 2.9357 2.7697 0.3750 0.2845 3.1416 0.2260 0.1143 0.2657 -1.8125 0.0656 0.2203 0.9312 0.0648 0.0759 100.0000 44.7235 0.3292 0.3763 45.4289 
127 0.1081 3.1416 3.1416 2.3923 0.1000 0.7690 0.4980 3.1416 2.9615 2.7594 0.4192 0.1192 3.1416 0.1000 0.1000 0.3050 -2.1797 0.1236 0.2262 0.9423 0.1348 0.1645 100.0000 41.7210 0.3075 0.5285 42.5571 
128 0.1000 3.1416 3.1416 2.3835 0.1000 0.7732 0.5417 3.1416 2.9742 2.7333 0.4423 0.1166 3.1416 0.1000 0.1000 0.3052 -2.1406 0.1364 0.2369 0.9647 0.1148 0.1057 100.0000 43.0400 0.2924 0.3922 43.7246 
129 0.1000 3.1416 3.1416 2.3566 0.1000 0.7977 0.5629 3.1416 2.9984 2.7511 0.4412 0.1432 3.1416 0.1000 0.1000 0.3398 -2.2422 0.1451 0.2445 0.9808 0.1430 0.1205 100.0000 42.6710 0.2760 0.4009 43.3479 
130 0.1000 3.1416 3.1416 2.3441 0.1000 0.8051 0.5861 3.1416 3.0131 2.7416 0.4507 0.1550 3.1416 0.1000 0.1000 0.3493 -2.1797 0.1516 0.2547 1.0015 0.1134 0.1034 100.0000 39.2892 0.2798 0.3491 39.9181 
131 0.1000 3.1416 3.1416 2.3528 0.1000 0.8036 0.6013 3.1416 3.0193 2.7060 0.4664 0.1616 3.1416 0.1000 0.1000 0.3367 -2.0859 0.1536 0.2652 1.0236 0.1931 0.1665 100.0000 42.8944 0.2882 0.4138 43.5964 
132 0.1000 3.1416 3.1416 2.3136 0.1000 0.7449 0.5861 3.1416 2.9999 2.7994 0.4204 0.1438 3.1416 0.1000 0.1000 0.3575 -2.0469 0.1331 0.2753 1.0462 0.1043 0.1036 100.0000 45.1519 0.3008 0.4063 45.8590 
133 0.1000 3.1416 3.1416 2.4248 0.1000 0.8388 0.5442 3.1416 3.0555 2.6807 0.4634 0.1484 3.1416 0.1000 0.1000 0.2935 -2.2969 0.1512 0.2921 1.0835 0.1743 0.1777 100.0000 40.7657 0.2862 0.5484 41.6003 
134 0.1000 3.1416 3.1416 2.4413 0.1000 0.8537 0.5684 3.1416 3.1091 2.6249 0.4868 0.1737 3.1416 0.1000 0.1000 0.2767 -2.1953 0.1499 0.3323 1.1683 0.2101 0.2598 100.0000 40.2204 0.3189 0.3728 40.9120 
135 0.1000 3.1416 3.1416 2.4138 0.1000 0.8281 0.6081 3.1416 3.1416 2.5867 0.5022 0.2217 3.1416 0.1000 0.1000 0.2826 -2.1562 0.1361 0.3794 1.2618 0.1767 0.2002 100.0000 42.8970 0.2962 0.3668 43.5600 
136 0.1000 3.1416 3.1416 2.4746 0.1000 0.8422 0.6447 3.1416 3.1416 2.6882 0.4759 0.2779 3.1416 0.1000 0.1000 0.3064 -2.0469 0.1391 0.4030 1.3038 0.1079 0.1617 100.0000 43.5855 0.3125 0.4599 44.3579 
137 0.1000 3.1416 3.1416 2.3066 0.1000 0.7867 0.5594 3.1416 3.1416 2.5527 0.5080 0.1000 3.1416 0.1000 0.1000 0.2758 -1.9688 0.1461 0.4167 1.3278 0.1458 0.2017 100.0000 42.1670 0.2911 0.3776 42.8356 
138 0.1814 3.1416 3.1416 2.5040 0.1000 0.7083 0.6525 3.1416 3.0114 2.6131 0.4788 0.2436 3.1416 0.1000 0.1000 0.3161 -1.8594 0.1355 0.4264 1.3454 0.2017 0.2923 100.0000 41.3144 0.2684 0.3469 41.9297 
139 0.1000 3.1416 3.1416 2.3173 0.1000 0.9395 0.5422 3.1416 3.1416 2.7764 0.4856 0.2103 3.1416 0.1000 0.1000 0.3000 -2.2188 0.1411 0.4337 1.3611 0.0953 0.1273 100.0000 41.0743 0.2868 0.4220 41.7832 
140 0.1000 3.1416 3.1416 2.2729 0.1000 0.9223 0.5694 3.1416 3.1416 2.7946 0.5153 0.2496 3.1416 0.1000 0.1000 0.2613 -1.9297 0.0958 0.4478 1.3796 0.4941 1.6310 100.0000 39.5808 0.3969 0.3981 40.3758 
141 0.1000 3.1416 3.1416 2.4285 0.1000 0.9009 0.5443 3.1416 3.1416 2.6877 0.3900 0.1069 3.1416 0.1000 0.1000 0.4295 -1.8828 0.1705 0.4540 1.3918 0.2859 0.4814 100.0000 41.1238 0.2669 0.3266 41.7173 
142 0.1000 3.1416 3.1416 2.4003 0.1000 0.7871 0.5858 3.1416 3.1377 2.7558 0.5349 0.1497 3.1416 0.1000 0.1000 0.1000 -1.9531 0.0801 0.4623 1.4059 0.2088 0.3619 100.0000 42.8033 0.2957 0.3972 43.4962 
143 0.1000 3.1416 3.1416 2.2172 0.1000 0.7447 0.4973 3.1416 3.1416 2.6180 0.4209 0.3874 3.1416 0.1000 0.1000 0.3780 -1.9141 0.0737 0.4702 1.4186 0.2213 0.3613 100.0000 40.2392 0.2672 0.3845 40.8909 
144 0.1000 3.1416 3.1416 2.3723 0.3491 0.8605 0.6180 3.1416 3.0874 2.6733 0.5586 0.1873 3.1416 0.1000 0.1000 0.3109 -2.6953 0.1632 0.4764 1.4290 0.1359 0.2270 100.0000 41.5859 0.2960 0.3849 42.2668 
145 0.1000 3.1416 3.1416 2.3632 0.6085 0.8868 0.7013 3.1416 3.1353 2.6245 0.6416 0.2095 3.1416 0.1000 0.1000 0.3288 -2.2344 0.1518 0.4832 1.4344 0.1203 0.1297 100.0000 43.1937 0.3224 0.3830 43.8991 
146 0.1000 3.1416 3.1416 2.2327 0.5032 0.9339 0.9946 3.1416 3.1416 2.6247 0.8059 0.1000 3.1416 0.1000 0.1000 0.3853 -1.8828 0.2798 0.4928 1.4352 0.1044 0.2095 100.0000 43.7637 0.3603 0.3731 44.4972 
147 0.1000 3.1416 3.1416 2.5266 0.6661 0.8167 0.4804 3.1416 3.1416 2.5672 0.5088 0.4033 3.1416 0.1000 0.1000 0.2269 -1.0859 0.0165 0.4978 1.4413 0.5915 1.4764 100.0000 39.3055 0.2758 0.3727 39.9540 
148 0.1000 3.1416 3.1416 3.1416 3.1416 3.1416 0.1000 0.1000 3.1416 3.1416 3.1416 0.1000 3.1416 3.1416 3.1416 0.1000 1.0781 0.0019 0.4743 1.4385 0.0312 1.1123 100.0000 44.1175 0.2496 0.3175 44.6847 
149 0.1000 0.1000 3.1416 3.1416 3.1416 0.1000 0.1000 3.1416 0.1000 0.1000 3.1416 3.1416 0.1000 3.1416 0.1000 3.1416 0.8281 0.0037 0.4858 1.4354 0.0447 1.7179 100.0000 43.8348 0.2484 0.3556 44.4387 
150 0.1000 0.1000 3.1416 0.1000 3.1416 0.1000 3.1416 3.1416 0.1000 3.1416 0.1000 3.1416 3.1416 3.1416 3.1416 3.1416 0.2344 0.0117 0.4928 1.4261 0.0611 1.6143 100.0000 43.6399 0.2474 0.3519 44.2392 
151 0.1000 3.1416 3.1416 2.1835 0.3127 0.8781 0.6981 3.1416 3.1416 2.7114 0.6356 0.1000 3.1416 0.1000 0.4500 0.4416 -1.9531 0.2862 0.4926 1.4100 0.2601 0.4434 100.0000 43.9219 0.3079 0.4564 44.6862 
152 0.1000 2.7060 3.1416 2.2297 0.2677 0.8108 0.7381 3.1416 3.1416 2.6819 0.7007 0.1000 3.1416 0.1000 0.1000 0.4150 -1.8672 0.2795 0.5026 1.4185 0.1414 0.2949 100.0000 42.6927 0.3219 0.5730 43.5876 
153 0.1000 3.1416 3.1416 2.1380 0.4184 0.6873 0.9909 3.1416 3.1416 2.9520 0.3951 0.1000 3.1416 0.1000 0.1000 0.5600 -1.0234 0.1765 0.5113 1.4265 0.3074 0.6534 100.0000 40.8322 0.3031 0.4025 41.5378 
154 0.1000 3.1416 0.1000 3.1416 0.1000 0.1000 3.1416 0.1000 0.1000 0.1000 0.1000 0.1000 3.1416 0.1000 3.1416 0.1000 -1.1719 0.0363 0.4925 1.4338 0.0679 1.7590 100.0000 43.7123 0.2857 0.3634 44.3613 
155 0.1000 3.1416 0.1000 1.8820 0.1000 0.1000 3.1416 0.1000 0.1000 0.1000 0.1000 0.1000 3.1416 0.1000 3.1416 0.1000 -0.7031 0.0225 0.4874 1.4208 0.0339 0.2931 100.0000 43.4660 0.3023 0.3830 44.1513 
156 0.1000 3.1416 0.1000 3.1416 0.1000 0.1000 3.1416 0.1000 0.1000 0.1000 0.1000 1.4027 3.1416 0.1000 3.1416 0.1000 -0.2812 0.0073 0.4863 1.4135 0.0397 0.3211 100.0000 41.4641 0.2789 0.3807 42.1236 
157 3.1416 0.1000 3.1416 3.1416 3.1416 0.1000 0.1000 0.1000 0.1000 3.1416 0.1000 0.1000 3.1416 0.1000 3.1416 0.1000 -0.9062 0.0303 0.4842 1.4035 0.0359 1.2648 100.0000 40.8376 0.2673 0.4694 41.5743 
158 0.1000 3.1416 3.1416 2.3119 0.2434 1.0918 0.6130 3.0538 3.0948 2.4772 0.8888 0.1000 3.1416 0.1402 0.1000 0.2894 -2.2031 0.2756 0.4785 1.3881 0.3224 0.5527 100.0000 41.8498 0.3469 0.5863 42.7830 
159 0.1000 3.1416 3.1416 2.4825 0.1000 1.1812 0.8934 3.1416 3.1416 2.3831 1.0421 0.1000 3.1416 0.1000 0.2686 0.1000 -0.9531 0.1398 0.4905 1.3977 0.1396 0.2518 100.0000 43.7901 0.2727 0.3846 44.4474 
160 0.1000 3.1416 0.1000 3.1416 3.1416 0.1000 0.1000 3.1416 0.1000 3.1416 3.1416 0.1000 0.1000 0.1000 3.1416 3.1416 0.5938 0.0075 0.4706 1.3989 0.0502 1.7209 100.0000 40.2886 0.2437 0.3543 40.8867 
161 3.1416 0.1000 3.1416 3.1416 3.1416 0.1000 0.1000 0.1000 0.1000 3.1416 1.6377 0.1000 3.1416 0.1000 3.1416 0.1000 -0.7344 0.0359 0.4742 1.3883 0.0559 1.7285 100.0000 43.9998 0.3047 0.3912 44.6957 
162 3.1416 3.1416 3.1416 0.1000 0.1000 3.1416 3.1416 3.1416 3.1416 3.1416 3.1416 0.1000 0.1000 0.1000 0.1000 3.1416 -0.5078 0.0279 0.4722 1.3786 0.0537 1.7833 100.0000 41.2987 0.2253 0.3427 41.8667 
163 0.1000 3.1416 3.1416 0.1000 3.1416 3.1416 3.1416 3.1416 0.1000 3.1416 3.1416 0.1000 3.1416 3.1416 0.1000 3.1416 0.1875 0.0125 0.4667 1.3611 0.0375 1.3097 100.0000 40.2907 0.2109 0.3314 40.8331 
164 0.1000 0.1000 0.1000 0.1000 3.1416 3.1416 3.1416 0.1000 3.1416 3.1416 0.1000 0.1000 3.1416 0.1000 3.1416 0.1000 0.5000 0.0071 0.4655 1.3462 0.0406 1.3683 100.0000 43.2254 0.2921 0.3711 43.8885 
165 3.1416 0.1000 3.1416 0.1000 3.1416 3.1416 0.1000 0.1000 3.1416 0.1000 0.1000 0.1000 0.1000 0.1000 3.1416 0.1000 0.4062 0.0091 0.4676 1.3350 0.0394 1.5288 100.0000 42.5231 0.5071 0.4435 43.4737 
166 0.1000 3.1416 3.1416 0.1000 3.1416 3.1416 3.1416 0.1000 3.1416 0.1000 3.1416 3.1416 3.1416 3.1416 3.1416 3.1416 -0.3359 0.0199 0.4686 1.3229 0.0406 1.4987 100.0000 42.8549 0.2454 0.3886 43.4889 
167 0.1000 3.1416 3.1416 2.2064 0.3574 0.9356 0.5169 2.9017 3.0853 2.5857 0.7099 0.1000 3.1416 0.1633 0.1000 0.4227 -1.6172 0.2501 0.4633 1.3060 0.4566 1.5587 100.0000 41.9529 0.2861 0.3959 42.6349 
168 3.1416 3.1416 0.1000 3.1416 3.1416 3.1416 0.1000 0.1000 3.1416 3.1416 3.1416 3.1416 0.1000 0.1000 0.1000 0.1000 1.4062 0.0012 0.4698 1.3176 0.0513 1.8110 100.0000 42.4033 0.2415 0.4418 43.0867 
169 3.1416 3.1416 3.1416 0.1000 0.1000 0.1000 3.1416 3.1416 0.1000 0.1000 0.1000 0.1000 3.1416 3.1416 0.1000 3.1416 -0.9766 0.0284 0.4903 1.3278 0.0483 1.4759 100.0000 43.2682 0.2640 0.3808 43.9130 
170 0.1000 3.1416 3.1416 3.1416 0.1000 0.1000 3.1416 3.1416 3.1416 0.1000 3.1416 0.1000 3.1416 0.1000 3.1416 3.1416 -0.9844 0.0311 0.4842 1.3150 0.0545 1.5194 100.0000 42.1736 0.2832 0.3542 42.8111 
171 0.5224 3.1416 3.1416 2.2879 0.2598 0.9666 0.5850 3.1416 3.1416 2.6459 0.7365 0.1586 3.1416 0.1000 0.1000 0.3914 -1.2109 0.1799 0.4779 1.3024 0.2212 1.5739 100.0000 40.0037 0.3285 0.5154 40.8476 
172 0.1000 3.1416 3.1416 3.1416 1.5831 0.1000 3.1416 3.1416 3.1416 0.1000 3.1416 0.1000 3.1416 0.1000 3.1416 3.1416 -0.4141 0.0432 0.4697 1.3093 0.0527 1.6243 100.0000 41.9975 0.2553 0.3682 42.6210 
173 0.1000 3.1416 0.1000 0.1000 0.1000 0.1000 3.1416 0.1000 3.1416 0.1000 0.1000 3.1416 3.1416 3.1416 0.1000 0.1000 0.0938 0.0076 0.4673 1.2996 0.0429 1.6051 100.0000 39.6793 0.2519 0.3626 40.2938 
174 0.1000 3.1416 3.1416 3.1416 3.1416 0.1000 3.1416 0.1000 3.1416 0.1000 0.1000 0.1000 0.1000 0.1000 0.1000 3.1416 1.0469 0.0023 0.4645 1.2850 0.0395 1.4429 100.0000 44.1148 0.2830 0.4694 44.8672 
175 3.1416 0.1000 3.1416 0.1000 0.1000 0.1000 0.1000 0.1000 0.1000 0.1000 0.1000 0.1000 3.1416 3.1416 3.1416 3.1416 1.8984 0.0006 0.4768 1.2864 0.0406 1.3697 100.0000 43.9896 0.2831 0.3929 44.6656 
176 0.1000 0.1000 3.1416 3.1416 3.1416 0.1000 0.1000 0.1000 3.1416 0.1000 3.1416 3.1416 3.1416 0.1000 3.1416 0.1000 0.3984 0.0087 0.5079 1.3070 0.0718 1.8600 100.0000 44.6270 0.2844 0.4048 45.3162 
177 1.6927 3.1416 3.1416 0.1000 0.1000 0.1000 3.1416 3.1416 0.1000 0.1000 0.1000 0.1000 3.1416 3.1416 0.1000 3.1416 -0.1172 0.0095 0.5106 1.2972 0.1583 1.0712 100.0000 44.5321 0.2784 0.4019 45.2125 
178 0.1000 0.1000 3.1416 0.1000 3.1416 0.1000 3.1416 0.1000 3.1416 3.1416 0.1000 3.1416 0.1000 3.1416 0.1000 0.1000 0.4297 0.0081 0.5092 1.2894 0.0696 1.9082 100.0000 43.2171 0.3583 0.3859 43.9614 
179 0.1000 3.1416 0.1000 3.1416 3.1416 3.1416 3.1416 3.1416 3.1416 0.1000 3.1416 3.1416 3.1416 0.1000 3.1416 0.1000 -0.2891 0.0234 0.5119 1.2800 0.0686 1.8602 100.0000 43.7137 0.2345 0.4665 44.4147 
180 3.1416 3.1416 0.1000 0.1000 0.1000 3.1416 3.1416 0.1000 0.1000 3.1416 0.1000 0.1000 3.1416 0.1000 3.1416 0.1000 0.7188 0.0061 0.5074 1.2668 0.0652 1.8068 100.0000 42.7876 0.2754 0.4503 43.5134 
181 0.1000 0.1000 0.1000 0.1000 3.1416 3.1416 0.1000 3.1416 0.1000 0.1000 3.1416 0.1000 3.1416 3.1416 3.1416 3.1416 0.5703 0.0064 0.5142 1.2610 0.0608 1.4018 100.0000 38.9827 0.2412 0.3716 39.5956 
182 3.1416 0.1000 0.1000 0.1000 3.1416 0.1000 3.1416 0.1000 3.1416 0.1000 3.1416 3.1416 0.1000 0.1000 0.1000 3.1416 -0.2891 0.0234 0.5183 1.2529 0.0284 0.5010 100.0000 42.3129 0.2961 0.5015 43.1104 
183 3.1416 0.1000 3.1416 3.1416 3.1416 0.1000 0.1000 1.6923 0.1000 3.1416 0.1000 0.1000 3.1416 0.1000 3.1416 0.1000 -0.4375 0.0314 0.5126 1.2394 0.0935 0.7609 100.0000 41.2969 0.3038 0.5115 42.1122 
184 0.1000 0.1000 0.1000 0.1000 3.1416 0.1000 0.1000 0.1000 3.1416 0.1000 3.1416 0.1000 0.1000 0.1000 0.1000 0.1000 -1.2109 0.0407 0.5116 1.2328 0.0668 1.8687 100.0000 44.1037 0.3215 0.5478 44.9730 
185 3.1416 3.1416 0.1000 0.1000 3.1416 0.1000 3.1416 3.1416 3.1416 3.1416 3.1416 3.1416 3.1416 3.1416 3.1416 3.1416 0.0078 0.0156 0.5048 1.2250 0.0572 1.7800 100.0000 42.8248 0.2289 0.3605 43.4142 
186 0.1000 0.1000 0.1000 0.1000 3.1416 0.1000 0.1000 1.3858 3.1416 0.1000 3.1416 0.1000 0.1000 0.1000 0.1000 0.1000 -0.4688 0.0228 0.5021 1.2133 0.0634 0.3457 100.0000 45.6821 0.3196 0.4426 46.4444 
187 3.1416 0.1000 3.1416 3.1416 0.1000 3.1416 0.1000 0.1000 0.1000 3.1416 3.1416 0.1000 0.1000 0.1000 3.1416 3.1416 -0.9141 0.0265 0.5003 1.2086 0.0602 1.7662 100.0000 41.4589 0.2608 0.3855 42.1052 
188 3.1416 0.1000 3.1416 3.1416 0.1000 3.1416 0.1000 0.1000 0.1000 3.1416 3.1416 0.1000 1.7292 0.1000 3.1416 3.1416 -0.6641 0.0346 0.4924 1.1976 0.0837 1.1929 100.0000 42.1524 0.2787 0.3816 42.8127 
189 0.1000 3.1416 0.1000 3.1416 0.1000 0.1000 3.1416 0.1000 0.1000 0.1000 1.5666 0.1000 3.1416 0.1000 3.1416 0.1000 -0.7656 0.0497 0.4906 1.1919 0.0661 1.6527 100.0000 45.9503 0.2679 0.3876 46.6058 
190 0.1000 3.1416 0.1000 3.1416 0.1000 0.1000 3.1416 0.1000 1.6049 0.1000 0.1000 0.1000 3.1416 0.1000 3.1416 0.1000 -0.5547 0.0490 0.4905 1.1886 0.0752 1.7361 100.0000 44.2879 0.3057 0.4480 45.0416 
191 3.1416 0.1000 3.1416 3.1416 3.1416 0.1000 3.1416 0.1000 0.1000 3.1416 0.1000 0.1000 3.1416 0.1000 0.1000 0.1000 -0.4688 0.0253 0.4893 1.1832 0.0557 1.6576 100.0000 40.3711 0.3529 0.3854 41.1094 
192 3.1416 3.1416 0.1000 0.1000 0.1000 3.1416 0.1000 0.1000 3.1416 3.1416 3.1416 3.1416 3.1416 3.1416 3.1416 0.1000 -1.2734 0.0403 0.4813 1.1697 0.0609 1.9927 100.0000 44.4230 0.2415 0.4617 45.1262 
193 3.1416 3.1416 0.1000 0.1000 1.3490 3.1416 0.1000 0.1000 3.1416 3.1416 3.1416 3.1416 3.1416 3.1416 3.1416 0.1000 -0.6406 0.0526 0.4734 1.1616 0.1784 0.9927 100.0000 44.6880 0.2405 0.4184 45.3468 
194 3.1416 3.1416 0.1000 0.1000 0.1000 3.1416 1.4072 0.1000 3.1416 3.1416 3.1416 3.1416 3.1416 3.1416 3.1416 0.1000 -0.6406 0.0527 0.4724 1.1584 0.1073 1.4813 100.0000 42.3755 0.2302 0.4400 43.0458 
195 0.1000 3.1416 3.1416 3.1416 0.1000 3.1416 0.1000 3.1416 3.1416 3.1416 0.1000 3.1416 3.1416 3.1416 3.1416 0.1000 0.4297 0.0081 0.4715 1.1550 0.0469 1.4061 100.0000 44.0938 0.2106 0.3302 44.6345 
196 0.1000 3.1416 0.1000 0.1000 0.1000 0.1000 3.1416 0.1000 3.1416 0.1000 3.1416 0.1000 0.1000 0.1000 0.1000 3.1416 -0.1406 0.0166 0.4755 1.1500 0.0489 1.6669 100.0000 42.8492 0.2865 0.5057 43.6414 
197 3.1416 0.1000 0.1000 3.1416 3.1416 3.1416 0.1000 3.1416 0.1000 3.1416 3.1416 0.1000 3.1416 3.1416 0.1000 3.1416 -0.4688 0.0253 0.4675 1.1355 0.0428 1.6336 100.0000 42.7358 0.2487 0.3638 43.3483 
198 3.1416 3.1416 0.1000 0.1000 3.1416 3.1416 3.1416 0.1000 0.1000 3.1416 3.1416 0.1000 0.1000 0.1000 0.1000 3.1416 0.4219 0.0084 0.4536 1.1167 0.0414 1.8876 100.0000 43.8804 0.3465 0.4098 44.6367 
199 0.1000 0.1000 0.1000 3.1416 3.1416 0.1000 3.1416 3.1416 3.1416 3.1416 3.1416 0.1000 3.1416 0.1000 0.1000 0.1000 -0.9766 0.0284 0.4581 1.1129 0.0392 1.4231 100.0000 41.9441 0.2822 0.4801 42.7065 
200 3.1416 0.1000 3.1416 0.1000 0.1000 0.1000 3.1416 3.1416 0.1000 0.1000 3.1416 0.1000 3.1416 0.1000 0.1000 3.1416 -0.2500 0.0187 0.4371 1.0898 0.0395 1.8953 100.0000 42.5694 0.2816 0.4564 43.3074 
201 0.1000 0.1000 0.1000 3.1416 3.1416 0.1000 3.1416 3.1416 1.5788 3.1416 3.1416 0.1000 3.1416 0.1000 0.1000 0.1000 -0.0234 0.0080 0.3292 0.9503 0.0097 1.7352 100.0000 44.6578 0.2718 0.5294 45.4590 
202 3.1416 2.3872 0.1000 0.1000 0.1000 3.1416 0.1000 0.8920 3.1416 3.1416 3.1416 3.1416 3.1416 3.1416 3.1416 0.1000 -0.6484 0.0088 0.3151 0.9260 0.0308 0.3295 100.0000 43.4049 0.2688 0.5061 44.1798 
203 0.1000 3.1416 3.1416 0.1000 3.1416 1.2802 3.1416 3.1416 0.1000 0.1000 0.1000 0.1000 0.1000 0.1000 3.1416 0.1000 -0.4531 0.0367 0.3107 0.9180 0.0042 1.6247 100.0000 42.2203 0.2920 0.5793 43.0916 
204 0.1000 3.1416 0.1000 0.1000 3.1416 0.1000 0.1000 3.1416 0.1000 3.1416 0.1000 3.1416 3.1416 3.1416 3.1416 0.1000 -0.7578 0.0248 0.3013 0.9012 0.0030 1.4037 100.0000 41.4729 0.2250 0.4959 42.1939 
205 0.1000 3.0967 3.1416 2.3553 0.3467 0.9350 0.6615 3.1416 2.9750 2.6480 0.6165 0.1275 3.1416 0.1000 0.1091 0.2567 -2.7734 0.1775 0.2945 0.8897 0.4787 0.3857 100.0000 42.3924 0.3019 0.3870 43.0814 
206 0.1000 3.0884 3.1416 2.3503 0.3554 0.9455 0.6736 3.1416 2.9530 2.6395 0.6160 0.1204 3.1416 0.1000 0.1087 0.2409 -2.6250 0.1734 0.2871 0.8794 1.1376 0.9924 100.0000 43.0277 0.3288 0.5465 43.9030 
207 0.1000 3.1416 3.1416 0.1000 0.1000 3.1416 3.1416 3.1416 3.1416 3.1416 0.1000 0.1000 0.1000 3.1416 0.1000 3.1416 -0.9062 0.0303 0.2945 0.8874 0.0030 1.5945 100.0000 41.5486 0.2193 0.4230 42.1910 
208 3.1416 0.1000 3.1416 3.1416 0.1000 3.1416 0.1000 3.1416 3.1416 3.1416 3.1416 0.1000 3.1416 0.1000 3.1416 0.1000 0.4062 0.0091 0.2900 0.8796 0.0011 0.8854 100.0000 41.5268 0.2508 0.3783 42.1560 
209 3.1416 3.1416 0.1000 0.1000 0.1000 2.0047 0.1000 0.1000 3.1416 3.1416 3.1416 3.1416 3.1416 3.1416 3.1416 0.1000 0.2188 0.0314 0.2883 0.8724 0.0202 0.7588 100.0000 42.5894 0.2719 0.3851 43.2463 
210 0.1000 0.1000 0.1000 0.1000 3.1416 3.1416 0.1000 3.1416 0.1000 3.1416 0.1000 3.1416 3.1416 0.1000 3.1416 0.1000 0.5703 0.0064 0.2822 0.8607 0.0009 1.0119 100.0000 42.2177 0.2543 0.3933 42.8653 
211 0.1000 3.0714 3.1416 2.3838 0.3595 0.9450 0.6598 3.1416 2.9699 2.6605 0.6235 0.1000 3.1416 0.1000 0.1449 0.2523 -2.6250 0.1929 0.2821 0.8561 1.1298 0.8933 100.0000 44.0470 0.4271 0.4660 44.9401 
212 0.1000 3.1141 3.1416 2.3117 0.3482 0.9247 0.6813 3.1416 2.9267 2.6249 0.6282 0.1583 3.1416 0.1000 0.1000 0.2313 -2.6328 0.1333 0.2894 0.8637 1.1228 1.2423 100.0000 42.1811 0.2976 0.4643 42.9430 
213 0.1000 3.1416 0.1000 3.1416 3.1416 0.1000 0.1000 0.1000 0.1000 3.1416 0.1000 3.1416 3.1416 0.1000 3.1416 0.1000 -1.0234 0.0338 0.2991 0.8745 0.0035 1.6401 100.0000 39.5207 0.2428 0.3688 40.1324 
214 3.1416 3.1416 3.1416 0.1000 0.1000 3.1416 0.1000 0.1000 3.1416 0.1000 3.1416 0.1000 3.1416 3.1416 0.1000 0.1000 -0.1875 0.0169 0.2952 0.8685 0.0016 1.2684 100.0000 38.8523 0.2817 0.5214 39.6554 
215 0.1000 3.1416 0.1000 3.1416 3.1416 0.1000 0.1000 0.1000 1.3305 3.1416 0.1000 3.1416 3.1416 0.8144 3.1416 0.1000 -0.1172 0.0428 0.2901 0.8574 0.0070 0.3916 100.0000 40.5803 0.2398 0.4818 41.3019 
216 0.1000 3.1027 3.1416 2.3362 0.3612 0.9876 0.6899 3.1416 2.9843 2.6144 0.5671 0.1000 3.1416 0.1000 0.1000 0.2336 -2.6250 0.2082 0.2853 0.8472 1.1778 1.2288 100.0000 43.5038 0.2864 0.4665 44.2567 
217 0.1000 3.1416 0.1000 3.1416 0.1000 3.1416 3.1416 0.1000 3.1416 3.1416 3.1416 0.1000 3.1416 0.1000 0.1000 0.1000 0.1328 0.0153 0.2947 0.8575 0.0023 1.2248 100.0000 39.4190 0.3074 0.6080 40.3344 
218 0.1000 3.1416 3.1416 2.3569 0.3664 0.9039 0.6646 3.1416 2.9379 2.6671 0.6609 0.1000 3.1416 0.1000 0.1000 0.2224 -2.7578 0.1535 0.2909 0.8480 1.1775 1.4190 100.0000 45.2146 0.2738 0.3848 45.8732 
219 3.1416 3.1416 0.1000 0.1000 0.1000 0.1000 3.1416 3.1416 0.1000 3.1416 0.1000 3.1416 3.1416 3.1416 0.1000 0.1000 -1.2734 0.0405 0.2994 0.8566 0.0018 1.0307 100.0000 41.3940 0.2285 0.3613 41.9838 
220 3.1416 3.1416 1.1405 0.1000 0.1000 0.1000 3.1416 3.1416 0.1000 3.1416 0.1000 3.1416 3.1416 3.1416 0.1000 0.1000 -0.7266 0.0745 0.2976 0.8550 0.0105 0.2500 100.0000 42.9644 0.2448 0.4554 43.6645 
221 3.1416 3.1416 0.1000 0.1000 0.1000 0.1000 3.1416 3.1416 0.1000 3.1416 1.1893 3.1416 3.1416 3.1416 0.1000 0.1000 -0.6719 0.0456 0.2951 0.8503 0.0413 0.4225 100.0000 42.5972 0.2621 0.3704 43.2297 
222 0.1000 3.1416 3.1416 3.1416 3.1416 3.1416 3.1416 3.1416 0.1000 3.1416 3.1416 0.1000 3.1416 0.1000 3.1416 0.1000 0.4062 0.0091 0.2925 0.8453 0.0018 1.3845 100.0000 44.5276 0.2602 0.5113 45.2991 
223 0.1000 3.1416 3.1416 0.1000 3.1416 3.1416 0.1000 3.1416 0.1000 0.1000 0.1000 3.1416 0.1000 3.1416 3.1416 0.1000 -0.2266 0.0189 0.2909 0.8389 0.0028 1.6820 100.0000 44.1143 0.2540 0.4468 44.8151 
224 0.1000 3.1416 3.1416 2.3609 0.3660 0.9043 0.6639 3.1416 2.9394 2.6710 0.6637 0.1000 3.1416 0.1000 0.1000 0.2252 -2.6719 0.1553 0.2862 0.8291 1.3027 0.8323 100.0000 40.3910 0.2902 0.5394 41.2206 
225 3.1416 3.1416 0.1000 0.1000 0.1000 1.2545 3.1416 3.1416 0.1000 3.1416 0.1000 3.1416 3.1416 3.1416 0.1000 0.1000 -0.6875 0.0139 0.2948 0.8381 0.0168 1.3420 100.0000 41.1518 0.2399 0.3384 41.7301 
226 0.1000 3.1416 3.1416 0.1000 3.1416 0.1000 3.1416 3.1416 0.1000 0.1000 3.1416 3.1416 3.1416 3.1416 0.1000 0.1000 -1.0234 0.0338 0.2925 0.8334 0.0017 1.0869 100.0000 43.8262 0.2631 0.4360 44.5253 
227 0.1000 3.1416 3.1416 0.1000 3.1416 0.1000 3.1416 2.1794 0.1000 0.1000 3.1416 3.1416 3.1416 3.1416 1.2105 0.1000 0.0547 0.0354 0.2892 0.8285 0.0106 1.5941 100.0000 39.9420 0.2636 0.4854 40.6909 
228 3.1416 3.1416 3.1416 3.1416 0.1000 3.1416 0.1000 3.1416 0.1000 0.1000 3.1416 0.1000 0.1000 0.1000 3.1416 3.1416 -0.6719 0.0255 0.2844 0.8188 0.0027 1.7260 100.0000 40.8317 0.2322 0.4715 41.5354 
229 0.1000 0.1000 3.1416 0.1000 3.1416 3.1416 0.1000 3.1416 3.1416 3.1416 0.1000 2.2693 3.1416 3.1416 0.1000 0.1000 1.2969 0.0265 0.2804 0.8115 0.0019 1.3934 100.0000 39.2839 0.2642 0.4499 39.9980 
230 0.1000 3.1416 3.1416 0.1000 2.6373 0.1000 0.1000 3.1416 3.1416 3.1416 3.1416 0.1000 0.1000 3.1416 0.1000 0.1000 -1.2031 0.0431 0.2889 0.8210 0.0024 1.6686 100.0000 39.3055 0.2354 0.4421 39.9830 
231 0.1000 3.0887 3.1416 2.3224 0.3715 0.8847 0.6616 3.1416 2.9414 2.6464 0.6564 0.1000 3.1416 0.1000 0.1000 0.1914 -2.5469 0.1332 0.2870 0.8193 1.4296 1.3854 100.0000 37.6489 0.4006 0.4185 38.4681 
232 0.1000 3.1416 3.1416 0.1000 3.1416 0.1000 0.1000 3.1416 2.1276 3.1416 3.1416 0.1000 0.1000 3.0394 0.1000 0.1000 -0.5781 0.0263 0.2969 0.8302 0.0118 0.3167 100.0000 43.0742 0.2839 0.4364 43.7945 
233 0.1000 3.1416 3.1416 0.1000 1.5116 0.1000 0.1000 3.1416 3.1416 3.1416 3.1416 0.1000 0.1000 3.1416 0.1000 0.1000 -0.7109 0.0828 0.2933 0.8238 0.0153 1.2174 100.0000 40.2808 0.2661 0.4453 40.9923 
234 3.1416 3.1416 3.1416 0.1000 0.1000 0.1000 3.1416 0.1000 3.1416 0.1000 3.1416 0.1000 3.1416 0.1000 3.1416 0.1000 0.0078 0.0156 0.2908 0.8193 0.0027 1.3669 100.0000 42.1054 0.3096 0.4785 42.8936 
235 3.1416 3.1416 3.1416 3.1416 0.1000 0.1000 3.1416 3.1416 0.1000 0.1000 3.1416 3.1416 3.1416 0.1000 3.1416 3.1416 -0.7188 0.0262 0.2868 0.8106 0.0025 1.6695 100.0000 42.7352 0.2299 0.4318 43.3969 
236 0.1000 0.1000 0.1000 1.1695 3.1416 0.1000 0.1000 0.1000 3.1416 0.5778 3.1416 0.1000 0.1000 0.1000 0.1000 0.1000 -0.2656 0.0317 0.2828 0.8038 0.0112 1.6211 100.0000 42.5477 0.2985 0.4961 43.3423 
237 3.1416 3.1416 3.1416 0.1000 3.1416 3.1416 0.1000 3.1416 0.1000 3.1416 3.1416 3.1416 0.1000 3.1416 3.1416 3.1416 0.0078 0.0156 0.2789 0.7966 0.0007 0.8368 100.0000 43.7923 0.2109 0.3973 44.4005 
238 3.1416 3.1416 3.1416 3.1416 0.1000 0.1000 0.1000 0.1000 3.1416 0.1000 3.1416 0.1000 0.1000 0.1000 3.1416 2.9548 1.8281 0.0000 0.2758 0.7893 0.0017 1.3711 100.0000 42.5461 0.3717 0.5253 43.4430 
239 0.1000 3.1416 3.1416 0.1000 0.1000 3.1416 3.1416 3.1416 3.1416 1.2957 0.1000 0.1000 0.1000 3.1416 0.1000 3.1416 -0.3828 0.0123 0.2928 0.8119 0.0036 0.5121 100.0000 43.8839 0.2346 0.3606 44.4791 
240 0.1000 3.1416 3.1416 2.4046 0.3565 0.9535 0.6806 3.1416 2.9413 2.6616 0.6396 0.1000 3.1416 0.1000 0.1000 0.2863 -2.5781 0.2152 0.2883 0.8038 1.4239 1.3127 100.0000 40.9239 0.2715 0.4165 41.6119 
241 0.1000 3.1416 3.1416 2.3337 0.3553 0.9351 0.6831 3.1416 2.9495 2.6326 0.6159 0.1153 3.1416 0.1953 0.1000 0.2168 -2.6016 0.2233 0.2991 0.8151 1.1783 1.0585 100.0000 42.1145 0.2852 0.5441 42.9439 
242 3.1416 3.1416 0.1000 0.1000 0.1000 0.1000 3.1416 0.1000 0.1000 0.1000 0.1000 3.1416 0.1000 0.1000 3.1416 3.1416 0.8047 0.0058 0.5164 1.0256 0.0366 0.9899 100.0000 41.0315 0.2825 0.4409 41.7549 
243 3.1416 0.1000 3.1416 3.1416 0.1000 0.1000 3.1416 0.1000 0.1000 0.1000 0.1000 3.1416 0.1000 0.1000 0.1000 3.1416 -0.9766 0.0348 0.5195 1.0219 0.0557 1.2308 100.0000 41.2685 0.2565 0.5267 42.0518 
244 3.1416 3.1416 0.1000 3.1416 0.1000 0.1000 0.1000 3.1416 0.1000 3.1416 0.1000 3.1416 3.1416 0.1000 3.1416 0.1000 -0.2891 0.0234 0.3122 0.8252 0.0056 1.5573 100.0000 40.7830 0.3110 0.4090 41.5030 
245 0.1000 3.1416 3.1416 0.1000 3.1416 0.1000 3.1416 3.1416 0.1000 3.1416 0.1000 3.1416 3.1416 0.1000 0.1000 0.1000 1.1094 0.0034 0.3049 0.8134 0.0043 1.5792 100.0000 39.2303 0.2400 0.3828 39.8531 
246 0.1000 0.1000 3.1416 3.1416 0.1000 3.1416 0.1000 3.1416 3.1416 3.1416 3.1416 0.1000 0.1000 0.1000 0.1000 3.1416 -0.9375 0.0302 0.3133 0.8212 0.0050 1.5542 100.0000 40.5740 0.2369 0.4722 41.2832 
247 2.8051 1.3313 1.6210 1.8673 1.0198 1.6707 1.9513 1.0889 2.0182 1.0737 0.1824 3.1416 1.4256 0.9695 1.2167 3.1416 0.6172 0.0364 0.5218 1.0100 0.2057 1.6168 100.0000 39.7420 0.3099 0.4224 40.4744 
248 0.1000 3.1416 0.1000 0.1000 1.7410 3.1416 3.1416 3.1416 0.1000 0.1000 0.1000 3.1416 3.1416 3.1416 3.1416 0.1688 -0.4297 0.0424 0.2654 0.7738 0.0008 1.3039 100.0000 41.7564 0.2461 0.5243 42.5269 
249 0.1000 3.1416 3.1416 0.3072 2.7689 0.1000 0.1000 3.1416 3.1416 3.1416 3.1416 0.1000 0.7156 3.1416 0.1000 0.9845 0.2812 0.0470 0.2628 0.7682 0.0194 1.0444 100.0000 41.2784 0.2425 0.4447 41.9656 
205 0.1000 3.0967 3.1416 2.3553 0.3467 0.9350 0.6615 3.1416 2.9750 2.6480 0.6165 0.1275 3.1416 0.1000 0.1091 0.2567 -2.7734 0.1775 0.2945 0.8897 0.4787 0.3857 100.0000 42.3924 0.3019 0.3870 43.0814 
