0 2.9131 2.9853 2.8144 0.3541 -1.3810 0.2035 0.1673 1.0497 0.0000 0.0000 0.0000 0.0000 0.0000 0.0000 0.0000 
1 1.9007 1.3889 1.7123 0.4963 -0.0620 0.0762 0.1673 1.0497 0.0000 0.0000 0.0000 0.0000 0.0000 0.0000 0.0000 
2 0.6840 1.4522 0.7723 1.4840 -0.6210 0.1343 0.1673 1.0497 0.0000 0.0000 0.0000 0.0000 0.0000 0.0000 0.0000 
3 0.1753 0.3609 2.2596 1.3813 -0.4170 0.0641 0.1673 1.0497 0.0000 0.0000 0.0000 0.0000 0.0000 0.0000 0.0000 
4 1.6592 2.3332 1.1919 0.2751 -0.1600 0.1589 0.1673 1.0497 0.0000 0.0000 0.0000 0.0000 0.0000 0.0000 0.0000 
5 2.4819 1.8919 2.1011 1.9888 0.3380 0.0054 0.1673 1.0497 0.0000 0.0000 0.0000 0.0000 0.0000 0.0000 0.0000 
6 3.0526 1.2035 2.4110 1.2214 -0.1480 0.0161 0.1673 1.0497 0.0000 0.0000 0.0000 0.0000 0.0000 0.0000 0.0000 
7 1.8399 2.1091 1.0562 0.3608 0.3030 0.0861 0.1673 1.0497 0.0000 0.0000 0.0000 0.0000 0.0000 0.0000 0.0000 
8 1.5419 2.2836 1.8964 1.4610 -0.0090 0.1401 0.1673 1.0497 0.0000 0.0000 0.0000 0.0000 0.0000 0.0000 0.0000 
9 2.0539 0.6537 0.6430 1.0837 0.8650 0.0095 0.1673 1.0497 0.0000 0.0000 0.0000 0.0000 0.0000 0.0000 0.0000 
10 2.9136 2.9865 2.8155 0.3522 -1.4420 0.2030 0.1673 1.0497 0.0006 0.0040 28.0000 1.1721 0.0745 0.3450 1.5916 
11 2.9255 3.0327 2.8615 0.2834 -1.2750 0.1816 0.2873 0.8969 0.0010 0.0084 24.0000 1.0096 0.0742 0.2859 1.3698 
12 2.9023 2.9318 2.7598 0.4401 -1.4100 0.2130 0.2919 0.8053 0.0005 0.0055 28.0000 1.1367 0.0738 0.3242 1.5348 
13 2.9341 2.9399 2.8000 0.5102 -1.4010 0.1870 0.3713 0.8135 0.0005 0.0087 22.0000 0.9084 0.0739 0.3258 1.3081 
14 2.8185 2.8644 2.8159 0.4496 -1.3690 0.2031 0.4293 0.8400 0.0004 0.0097 32.0000 1.2805 0.0735 0.3175 1.6715 
15 3.0660 2.9403 2.7293 0.4760 -1.4050 0.1876 0.4848 0.8793 0.0004 0.0097 27.0000 1.0993 0.0741 0.2952 1.4685 
16 3.0116 3.0774 2.7874 0.5719 -1.2890 0.1661 0.5307 0.9250 0.0004 0.0081 25.0000 1.0218 0.0741 0.3375 1.4334 
17 3.0304 2.7848 2.7764 0.3582 -1.4830 0.1960 0.5465 0.9533 0.0007 0.0073 22.0000 0.9081 0.0744 0.2963 1.2788 
18 3.1014 2.6941 2.8207 0.3033 -1.3320 0.1610 0.5876 1.0243 0.0004 0.0073 24.0000 0.9855 0.0740 0.3215 1.3810 
19 2.9682 2.8451 2.5978 0.3055 -1.3840 0.2323 0.5712 1.0007 0.0006 0.0062 25.0000 1.0214 0.0747 0.3259 1.4220 
20 2.6654 2.6245 2.9530 0.1000 -1.3100 0.1715 0.6132 1.0582 0.0004 0.0097 30.0000 1.2143 0.0742 0.3195 1.6080 
21 3.1416 2.9818 2.5551 0.1000 -0.4100 0.0951 0.6594 1.1326 0.0005 0.0066 52.0000 2.0707 0.0744 0.3020 2.4471 
22 2.9479 2.7316 2.7254 0.4259 -1.6210 0.2168 0.3273 1.1180 0.0003 0.0081 27.0000 1.1040 0.0751 0.2852 1.4644 
23 2.9336 2.6615 2.6974 0.4621 -1.5960 0.2144 0.3377 1.1724 0.0009 0.0048 26.0000 1.0602 0.0747 0.3123 1.4473 
24 2.9353 2.6427 2.6979 0.4767 -1.5750 0.2094 0.3525 1.2204 0.0006 0.0049 28.0000 1.1504 0.0754 0.3286 1.5544 
25 2.8814 2.6377 2.6979 0.4167 -1.6990 0.2258 0.3618 1.2678 0.0006 0.0042 31.0000 1.2571 0.0743 0.3084 1.6399 
26 2.8118 2.5578 2.6757 0.3912 -1.6420 0.2272 0.3671 1.3212 0.0009 0.0045 26.0000 1.0671 0.0743 0.3009 1.4423 
27 2.8325 2.4885 2.7571 0.4227 -1.5530 0.1832 0.3829 1.3779 0.0009 0.0044 25.0000 1.0301 0.0744 0.3281 1.4325 
28 2.7928 2.6213 2.6017 0.4144 -1.6350 0.2613 0.3926 1.4235 0.0006 0.0033 26.0000 1.0570 0.0741 0.3167 1.4477 
29 2.8638 2.5513 2.5668 0.4360 -1.7070 0.2515 0.4055 1.4832 0.0003 0.0026 26.0000 1.0661 0.0744 0.3291 1.4695 
30 2.8637 2.5342 2.5466 0.4505 -1.7400 0.2509 0.4154 1.5517 0.0006 0.0038 34.0000 1.3675 0.0749 0.3391 1.7815 
31 2.8667 2.4960 2.5045 0.4751 -1.5760 0.2488 0.4204 1.6135 0.0008 0.0045 34.0000 1.3739 0.0745 0.3615 1.8100 
32 2.8534 2.5170 2.5752 0.3393 -1.7050 0.2510 0.4242 1.6396 0.0009 0.0041 38.0000 1.5246 0.0748 0.3877 1.9871 
33 0.1000 3.1416 0.1000 3.1416 0.0840 0.0625 0.4288 1.6889 0.0000 0.0001 109.0000 4.2993 0.0754 0.3664 4.7410 
34 2.7608 2.4828 2.5463 0.3207 -1.6940 0.2498 0.4318 1.6310 0.0010 0.0041 31.0000 1.2870 0.0746 0.4010 1.7627 
35 2.8325 2.4165 2.5693 0.3100 -1.6850 0.2254 0.4446 1.7022 0.0004 0.0034 36.0000 1.4622 0.0753 0.3752 1.9127 
36 2.6789 2.4174 2.5373 0.2959 -1.5160 0.2183 0.4539 1.7623 0.0009 0.0070 29.0000 1.1759 0.0741 0.3819 1.6319 
37 0.1000 3.1416 3.1416 0.1000 -0.3460 0.0737 0.4510 1.7815 0.0008 0.0027 64.0000 2.5509 0.0629 0.3559 2.9697 
38 0.1000 0.1000 0.1000 3.1416 0.2580 0.0521 0.4393 1.6585 0.0009 0.0019 63.0000 2.4819 0.0636 0.3637 2.9092 
39 0.1000 3.1416 0.1000 0.1000 0.4070 0.0438 0.4505 1.6196 0.0010 0.0035 61.0000 2.4373 0.0632 0.3848 2.8853 
40 2.8924 2.5202 2.5866 0.3564 -1.7020 0.2453 0.4612 1.5791 0.0010 0.0025 46.0000 1.8353 0.0740 0.3909 2.3002 
41 2.9058 2.4963 2.5886 0.3610 -1.7410 0.2391 0.4680 1.6265 0.0010 0.0028 34.0000 1.3886 0.0752 0.4050 1.8689 
42 2.9105 2.4891 2.5886 0.3616 -1.7320 0.2373 0.4709 1.6687 0.0009 0.0032 41.0000 1.6623 0.0757 0.3659 2.1039 
43 2.9127 2.4850 2.5886 0.3621 -1.6230 0.2364 0.4750 1.7133 0.0007 0.0030 42.0000 1.7195 0.0744 0.4095 2.2034 
44 2.8570 2.5598 2.5736 0.3478 -1.7290 0.2606 0.4840 1.7670 0.0010 0.0021 43.0000 1.7269 0.0742 0.3774 2.1785 
45 2.8571 2.5601 2.5734 0.3476 -1.6970 0.2607 0.4864 1.8098 0.0007 0.0022 45.0000 1.7903 0.0743 0.3687 2.2332 
46 2.8543 2.5537 2.5952 0.3356 -1.7610 0.2538 0.4924 1.8597 0.0005 0.0022 44.0000 1.7542 0.0736 0.3737 2.2014 
47 2.9465 2.1817 2.6530 0.2116 -1.3190 0.1434 0.4920 1.8985 0.0006 0.0081 30.0000 1.2401 0.0759 0.4210 1.7371 
48 0.1000 0.1000 3.1416 0.1000 0.0070 0.0625 0.4982 1.9400 0.0010 0.0018 65.0000 2.5823 0.0746 0.4090 3.0659 
49 2.1115 3.1416 3.1416 0.3037 -0.6180 0.2114 0.4968 1.8429 0.0004 0.0087 52.0000 2.0738 0.0635 0.4408 2.5781 
50 0.1000 0.1000 3.1416 3.1416 0.2410 0.0521 0.4965 1.8322 0.0010 0.0015 57.0000 2.2921 0.0648 0.3770 2.7339 
51 3.1416 3.1416 3.1416 1.2318 -0.0290 0.0625 0.5041 1.7718 0.0009 0.0057 58.0000 2.3065 0.0643 0.4317 2.8026 
52 0.1000 0.9993 1.0045 0.7658 0.6720 0.0160 0.4955 1.8073 0.0002 0.0087 40.0000 1.6426 0.0787 0.4412 2.1626 
53 3.1416 3.1416 0.1000 3.1416 0.0300 0.0625 0.4835 1.7125 0.0009 0.0010 75.0000 2.9714 0.0949 0.3941 3.4604 
54 0.1000 3.1416 3.1416 3.1416 -0.0420 0.0625 0.4814 1.6309 0.0008 0.0010 77.0000 3.0313 0.0495 0.3935 3.4743 
55 3.1416 0.1000 3.1416 0.1000 -0.0360 0.0625 0.4773 1.5507 0.0009 0.0014 68.0000 2.6837 0.0749 0.4310 3.1896 
56 2.8374 2.5622 2.6170 0.3048 -1.7390 0.2497 0.4755 1.4927 0.0009 0.0020 45.0000 1.8122 0.0736 0.4743 2.3601 
57 2.8371 2.5623 2.6171 0.3043 -1.7570 0.2497 0.4792 1.5238 0.0008 0.0023 44.0000 1.7719 0.0823 0.4890 2.3432 
58 3.1416 0.1000 3.1416 3.1416 -0.0990 0.0625 0.4816 1.5534 0.0007 0.0008 76.0000 3.0072 0.0630 0.4200 3.4902 
59 2.8365 2.5628 2.6168 0.3044 -1.7220 0.2500 0.4766 1.4779 0.0006 0.0020 34.0000 1.4011 0.0741 0.4546 1.9298 
60 2.8307 2.5776 2.5528 0.3260 -1.7750 0.2729 0.4811 1.5084 0.0010 0.0023 36.0000 1.4755 0.0745 0.4941 2.0441 
61 2.8240 2.5815 2.5148 0.3235 -1.6960 0.2840 0.4838 1.5364 0.0010 0.0025 44.0000 1.7726 0.0744 0.4646 2.3116 
62 0.1000 1.7616 1.1884 2.2402 0.4290 0.0588 0.4897 1.5685 0.0004 0.0089 24.0000 0.9912 0.0767 0.4824 1.5503 
63 2.8010 2.5833 2.6083 0.2807 -1.7160 0.2587 0.4822 1.4867 0.0007 0.0029 42.0000 1.7279 0.0768 0.4928 2.2975 
64 2.8451 2.5376 2.6194 0.2641 -1.7520 0.2370 0.4868 1.5156 0.0002 0.0014 50.0000 2.0625 0.0744 0.4865 2.6234 
65 2.8489 2.5376 2.5515 0.2683 -1.7900 0.2526 0.4893 1.5425 0.0010 0.0028 34.0000 1.4143 0.0743 0.5035 1.9921 
66 2.8511 2.5246 2.5050 0.2564 -1.7230 0.2542 0.4897 1.5666 0.0008 0.0020 42.0000 1.7100 0.0758 0.5471 2.3328 
67 2.8258 2.5299 2.5903 0.2179 -1.7360 0.2329 0.4935 1.5942 0.0008 0.0020 43.0000 1.7662 0.0741 0.4674 2.3077 
68 2.7642 2.5934 2.5388 0.2467 -1.6780 0.2779 0.4966 1.6224 0.0008 0.0031 39.0000 1.5903 0.0741 0.4806 2.1449 
69 2.8787 2.5155 2.4649 0.2977 -1.6880 0.2625 0.5016 1.6518 0.0006 0.0022 34.0000 1.3828 0.0744 0.5032 1.9605 
70 2.7490 2.6347 2.3848 0.3845 -1.5860 0.3304 0.5063 1.6809 0.0009 0.0044 40.0000 1.6350 0.0743 0.5296 2.2389 
71 2.8707 2.5255 2.6156 0.2454 -1.6720 0.2277 0.5144 1.7130 0.0008 0.0021 60.0000 2.4053 0.0761 0.4635 2.9449 
72 2.4276 2.5801 2.3813 0.1000 -1.0690 0.2353 0.5197 1.7436 0.0006 0.0073 45.0000 1.7965 0.0738 0.5559 2.4262 
73 2.2407 1.8176 3.1416 0.1000 0.1780 0.0464 0.5190 1.7579 0.0008 0.0055 47.0000 1.8748 0.0740 0.5900 2.5389 
74 2.9888 2.3903 2.3034 0.4002 -1.3220 0.2516 0.5150 1.7445 0.0007 0.0055 42.0000 1.7194 0.0759 0.5283 2.3235 
75 3.1416 0.1000 0.1000 3.1416 -0.0280 0.0625 0.5187 1.7725 0.0009 0.0006 77.0000 3.0511 0.0635 0.5575 3.6721 
76 2.5379 3.1416 2.1887 0.7306 -0.2270 0.1671 0.5126 1.6787 0.0005 0.0059 37.0000 1.4993 0.0621 0.5421 2.1035 
77 1.0777 0.1000 3.1416 1.5774 0.1470 0.0586 0.5066 1.6835 0.0008 0.0099 49.0000 1.9643 0.0742 0.5617 2.6002 
78 0.9930 1.9566 0.1000 1.8315 0.6270 0.0206 0.5030 1.6002 0.0005 0.0087 34.0000 1.3884 0.0755 0.5061 1.9700 
79 0.6843 3.1416 1.9000 0.1000 0.5390 0.0352 0.5002 1.5467 0.0010 0.0099 54.0000 2.1676 0.0621 0.5236 2.7533 
80 0.1000 1.7780 3.1416 1.2994 0.5500 0.0334 0.4968 1.4812 0.0008 0.0092 46.0000 1.8673 0.0741 0.6028 2.5443 
81 0.7492 0.1000 1.5198 2.0565 0.3620 0.0122 0.4946 1.4086 0.0005 0.0098 38.0000 1.5385 0.0751 0.5357 2.1493 
82 3.1416 3.1416 3.1416 3.1416 -0.0160 0.0625 0.4894 1.3421 0.0009 0.0006 78.0000 3.0663 0.0495 0.5451 3.6609 
83 3.1416 0.1000 1.4628 0.1000 -0.1040 0.1331 0.4837 1.2835 0.0009 0.0083 61.0000 2.4306 0.0738 0.5429 3.0473 
84 3.1416 3.1416 0.1000 0.1000 -0.1960 0.0737 0.4786 1.2346 0.0010 0.0005 84.0000 3.2869 0.0618 0.5980 3.9467 
85 3.1416 0.1000 1.6679 3.1416 0.0570 0.0625 0.4701 1.1802 0.0010 0.0039 57.0000 2.2584 0.0623 0.5585 2.8791 
86 1.5804 3.1416 3.1416 3.1416 -0.1390 0.0625 0.4676 1.1392 0.0009 0.0039 68.0000 2.6973 0.0495 0.5626 3.3094 
87 1.6096 3.1416 1.5043 3.1416 -0.0630 0.0625 0.4638 1.1036 0.0009 0.0093 51.0000 2.0566 0.0512 0.5576 2.6654 
88 2.8604 2.6037 2.5715 0.3204 -1.7230 0.2685 0.4593 1.0655 0.0005 0.0010 72.0000 2.8866 0.0751 0.5487 3.5104 
89 3.1416 1.7446 2.0108 0.1000 -0.3210 0.1109 0.4623 1.0784 0.0008 0.0028 71.0000 2.8304 0.0754 0.6607 3.5664 
90 3.1416 2.4169 2.6815 0.5963 -1.1730 0.1577 0.4627 1.0727 0.0006 0.0026 55.0000 2.1935 0.0742 0.5934 2.8611 
91 3.1416 3.1416 1.6247 3.1416 -0.0360 0.0625 0.4648 1.0850 0.0006 0.0021 79.0000 3.1226 0.0498 0.6188 3.7912 
92 2.8136 2.6088 2.6409 0.2883 -1.7520 0.2544 0.4624 1.0531 0.0010 0.0020 59.0000 2.3634 0.0738 0.6557 3.0929 
93 2.8360 2.5770 2.6630 0.2705 -1.7080 0.2364 0.4655 1.0650 0.0008 0.0023 49.0000 1.9932 0.0751 0.5948 2.6630 
94 2.7989 2.5611 2.5634 0.3197 -1.7870 0.2688 0.4684 1.0773 0.0010 0.0017 51.0000 2.0619 0.0739 0.5824 2.7182 
95 2.7984 2.5619 2.5639 0.3200 -1.7780 0.2689 0.4708 1.0885 0.0008 0.0012 59.0000 2.3478 0.0740 0.5811 3.0029 
96 3.1416 1.5586 3.1416 3.1416 0.1080 0.0625 0.4732 1.0999 0.0008 0.0042 73.0000 2.9058 0.0619 0.6599 3.6277 
97 2.7965 2.5654 2.5666 0.3211 -1.7310 0.2694 0.4713 1.0650 0.0005 0.0014 53.0000 2.1430 0.0739 0.6657 2.8825 
98 2.8161 2.6099 2.5757 0.3250 -1.7050 0.2761 0.4739 1.0767 0.0006 0.0021 53.0000 2.1762 0.0758 0.6106 2.8627 
99 2.8208 2.5228 2.5525 0.2927 -1.7100 0.2563 0.4765 1.0887 0.0006 0.0013 55.0000 2.2175 0.0753 0.6781 2.9709 
65 2.8489 2.5376 2.5515 0.2683 -1.7900 0.2526 0.4893 1.5425 0.0010 0.0028 34.0000 1.4143 0.0743 0.5035 1.9921 
