  0   1153   1202   2974   1360   2866   1843 -2.1797 1.1407 0.0234 0.0445 0.0000 0.0119 0.9116 0.0000 0.0000 0.0000 0.0000 0.0000 0.0000 0.0000 
  1   2753   1597   2405   1968    503    375 -1.7734 1.1372 0.0391 0.0386 0.0000 0.0119 0.9116 0.0000 0.0000 0.0000 0.0000 0.0000 0.0000 0.0000 
  2    251    294    327    738    847   1230 -1.8672 1.1397 0.1406 0.0411 1.0588 0.0119 0.9116 0.0000 0.0000 0.0000 0.0000 0.0000 0.0000 0.0000 
  3   1732   2734   1147    335    370   1401 -1.3359 1.3115 0.0156 0.0810 0.0000 0.0119 0.9116 0.0000 0.0000 0.0000 0.0000 0.0000 0.0000 0.0000 
  4   2226   2010   1303   1107   1608   2546 -2.1094 1.2005 0.1172 0.2686 0.0000 0.0119 0.9116 0.0000 0.0000 0.0000 0.0000 0.0000 0.0000 0.0000 
  5    798   2300   2098   2215   2171    759 -1.9844 0.9761 0.0781 0.0914 0.0000 0.0119 0.9116 0.0000 0.0000 0.0000 0.0000 0.0000 0.0000 0.0000 
  6   2588   2684    626    520   1068   2412 -1.4531 0.8482 0.0234 0.2379 0.0000 0.0119 0.9116 0.0000 0.0000 0.0000 0.0000 0.0000 0.0000 0.0000 
  7   1856    762   1630   2423   2529   1697 -1.1641 1.0516 0.0156 0.0157 0.0000 0.0119 0.9116 0.0000 0.0000 0.0000 0.0000 0.0000 0.0000 0.0000 
  8    614   1351   2507   1563   1279    537 -1.9688 0.7864 0.0469 0.0140 0.0000 0.0119 0.9116 0.0000 0.0000 0.0000 0.0000 0.0000 0.0000 0.0000 
  9   1302    402    849   2824   1957   2860 -1.2031 1.1238 0.0078 0.0273 0.0000 0.0119 0.9116 0.0000 0.0000 0.0000 0.0000 0.0000 0.0000 0.0000 
 10    610   1349   2520   1562   1264    521 -1.8750 0.8661 0.0547 0.0137 0.0000 0.0119 0.9116 0.0010 0.0099 41.0000 0.5708 0.0999 0.0803 0.7510 
 11   1144   1211   2983   1350   2863   1839 -2.2422 1.3031 0.0469 0.0439 0.0000 0.1887 0.9722 0.0005 0.0082 38.0000 0.5304 0.1433 0.0831 0.7568 
 12   1088   1269   3000   1289   2843   1813 -2.2500 1.1654 0.0469 0.0389 0.0000 0.2116 0.9418 0.0003 0.0087 35.0000 0.4987 0.1408 0.0627 0.7022 
 13   1053   1315   3000   1241   2833   1799 -2.1328 1.2027 0.0859 0.0360 0.0000 0.2877 0.9332 0.0006 0.0094 39.0000 0.5423 0.1403 0.0627 0.7453 
 14   1136   1142   3000   1263   2986   1933 -2.1328 1.2342 0.0547 0.0239 0.0000 0.3093 0.9552 0.0001 0.0099 56.0000 0.7555 0.1411 0.0815 0.9781 
 15   1189   1411   3000   1427   2721   1759 -2.1172 1.1594 0.0391 0.0681 0.0000 0.3583 0.9939 0.0001 0.0096 48.0000 0.6513 0.1447 0.0755 0.8715 
 16    874   1097   3000   1240   2835   1627 -2.3047 0.7962 0.1406 0.0033 0.0000 0.4020 1.0408 0.0001 0.0091 54.0000 0.7255 0.1313 0.0665 0.9232 
 17    709   1053   3000   1150   2847   1512 -2.1484 0.9935 0.1250 0.0616 0.0000 0.4602 1.1014 0.0003 0.0090 40.0000 0.5585 0.1285 0.0769 0.7639 
 18    938   1003   3000    945   2540   1813 -2.1797 0.7627 0.1016 0.0468 0.0000 0.4774 1.1264 0.0001 0.0087 58.0000 0.7872 0.1355 0.0811 1.0038 
 19    455   1474   3000   1120   2884   1928 -2.1172 0.9232 0.0859 0.0308 0.0000 0.5332 1.1821 0.0001 0.0092 49.0000 0.6691 0.1362 0.0792 0.8845 
 20   1165   1228   3000    781   3000   1374 -2.2344 1.2202 0.1953 0.0558 0.0000 0.5613 1.2156 0.0002 0.0093 57.0000 0.7610 0.1348 0.0735 0.9693 
 21   1373   1348   3000    349   3000   1726 -2.4219 1.2379 0.2266 0.1375 1.2083 0.6171 1.2748 0.0001 0.0098 55.0000 0.7638 0.1353 0.0822 0.9813 
 22   1540   1442   3000    100   3000   1886 -2.2812 1.3061 0.1953 0.1962 1.1905 0.7000 1.4094 0.0004 0.0088 58.0000 0.7810 0.1364 0.0845 1.0019 
 23   1321    908   3000    100   3000   1645 -1.9766 0.5428 0.0000 0.1917 0.0000 0.7086 1.3940 0.0002 0.0099 85.0000 1.1195 0.1272 0.0949 1.3416 
 24   1476   1863   3000    461   3000   1793 -2.4375 0.9567 0.1094 0.0911 0.0000 0.6232 1.3831 0.0004 0.0097 42.0000 0.5847 0.1446 0.0793 0.8087 
 25   1519   2001   3000    460   3000   1815 -2.4297 0.7037 0.0469 0.1290 0.0000 0.6824 1.4616 0.0002 0.0098 50.0000 0.6709 0.1463 0.1061 0.9232 
 26   1540   2054   3000    457   3000   1832 -2.5625 0.4843 0.0391 0.1474 0.0000 0.7158 1.5053 0.0004 0.0099 42.0000 0.5819 0.1721 0.0775 0.8314 
 27   1736   2517   3000    427   3000   2015 -2.3750 0.8661 0.1016 0.2228 0.0000 0.7652 1.5788 0.0004 0.0098 59.0000 0.7945 0.1581 0.0934 1.0460 
 28   1365   2388   3000    395   3000   1315 -2.0547 1.3434 0.0391 0.2313 0.0000 0.7688 1.5455 0.0002 0.0094 54.0000 0.7326 0.1414 0.0764 0.9505 
 29   1756   1985   3000    520   3000   2351 -2.0547 0.9497 0.0391 0.1723 0.0000 0.6805 1.5136 0.0006 0.0096 49.0000 0.6667 0.1590 0.0711 0.8968 
 30   1919   1863   3000    471   3000   1586 -2.4453 0.6584 0.0547 0.1627 0.0000 0.5316 1.3835 0.0007 0.0084 58.0000 0.7825 0.1474 0.0754 1.0053 
 31   2477   2186   3000    110   3000   1574 -2.3438 0.6683 0.0469 0.2664 0.0000 0.5573 1.4092 0.0002 0.0099 63.0000 0.8427 0.1541 0.0860 1.0827 
 32   1790   1900   3000    391   2571   1672 -2.3516 1.2849 0.1875 0.2058 1.3333 0.5780 1.4307 0.0007 0.0100 60.0000 0.8130 0.1433 0.1151 1.0713 
 33   3000   3000   3000    785   3000   1702 -2.1328 1.2027 0.1328 0.0212 0.0000 0.6015 1.4595 0.0003 0.0090 71.0000 0.9414 0.1771 0.0882 1.2067 
 34    100   3000   3000    100   3000   3000 -1.9297 1.3100 0.0391 0.0191 0.0000 0.6034 1.4441 0.0009 0.0032 113.0000 1.4436 0.1495 0.0889 1.6820 
 35   1796   1939   2530    367   3000   1684 -2.3906 1.1690 0.1719 0.1337 1.1579 0.5949 1.3952 0.0007 0.0097 60.0000 0.8097 0.1421 0.1105 1.0623 
 36   3000   1558   3000    100   3000    765 -2.1562 0.9990 0.0547 0.2494 0.0000 0.6179 1.4200 0.0003 0.0097 86.0000 1.1209 0.1406 0.1191 1.3805 
 37   2551   2257   2033    100   3000   1930 -2.3359 0.6343 0.0312 0.1641 0.0000 0.6234 1.4148 0.0001 0.0098 79.0000 1.0233 0.1451 0.0983 1.2668 
 38   3000   3000   2061    100   3000   3000 -1.8828 0.7814 0.0234 0.0549 0.0000 0.6414 1.4472 0.0004 0.0094 96.0000 1.2491 0.1712 0.1420 1.5622 
 39   2240   2059   2594    723   3000   1539 -2.0391 1.1087 0.0234 0.2188 0.0000 0.6376 1.4370 0.0003 0.0093 63.0000 0.8384 0.1492 0.1094 1.0971 
 40   1755   2027   3000    100   3000   1743 -2.3203 0.7391 0.0547 0.1549 0.0000 0.5759 1.4169 0.0009 0.0043 110.0000 1.4271 0.1450 0.1195 1.6916 
 41    100   3000   3000   3000   3000    100 -1.9531 0.7064 0.0391 0.0326 0.0000 0.5953 1.4546 0.0009 0.0024 121.0000 1.5389 0.1725 0.0954 1.8068 
 42    100   3000    100    100   3000    100 -2.1953 0.8513 0.1562 0.1316 0.0000 0.5824 1.3964 0.0008 0.0030 104.0000 1.3376 0.0829 0.1233 1.5438 
 43   1447   2114   1892    100   3000   1953 -2.1641 0.9414 0.1172 0.2515 0.0000 0.5577 1.3384 0.0004 0.0099 66.0000 0.8873 0.1336 0.1501 1.1710 
 44    100   3000    100   2002   3000    100 -1.9219 1.1277 0.0703 0.1558 0.0000 0.5643 1.3483 0.0003 0.0097 116.0000 1.4910 0.1049 0.0986 1.6944 
 45    100   3000   3000   3000    100   3000 -1.4844 0.9289 0.0000 0.0020 0.0000 0.5575 1.3096 0.0010 0.0037 103.0000 1.3264 0.1512 0.1037 1.5814 
 46   3000    100   3000    100    100   3000 -2.3750 1.7953 0.3203 0.1400 2.2778 0.5985 1.3222 0.0010 0.0029 97.0000 1.2633 0.1192 0.1128 1.4952 
 47   3000    100   3000    100   1018   3000 -2.1406 1.4604 0.1875 0.0694 2.4000 0.5813 1.3083 0.0008 0.0084 95.0000 1.2305 0.1274 0.0984 1.4564 
 48   1995    100   3000    100    100   3000 -2.4453 1.3671 0.2578 0.0816 2.3571 0.5815 1.3080 0.0008 0.0075 101.0000 1.3131 0.1074 0.0984 1.5189 
 49   2189    100   3000    100    100   2374 -2.3203 1.6210 0.2344 0.0658 1.5789 0.5958 1.3300 0.0008 0.0099 94.0000 1.2135 0.1002 0.1344 1.4482 
 50   1246    100   3000    100    100   3000 -2.5391 1.5575 0.3203 0.0465 3.1538 0.6092 1.3399 0.0010 0.0070 98.0000 1.2729 0.0986 0.1248 1.4963 
 51   1054    100   3000    100    100   3000 -2.6719 1.4663 0.3594 0.0114 3.8333 0.6345 1.3751 0.0010 0.0069 86.0000 1.1368 0.0961 0.1025 1.3354 
 52    686    100   3000    100    100   3000 -3.0078 1.4251 0.5000 0.0121 5.8182 0.6580 1.3999 0.0010 0.0048 96.0000 1.2747 0.0933 0.1119 1.4798 
 53    221    100   3000    100    100   3000 -3.0469 1.3364 0.4766 0.0728 4.0667 0.6753 1.4485 0.0010 0.0046 85.0000 1.1155 0.0853 0.1069 1.3077 
 54    100    100   3000    100    100   3000 -3.0469 1.3364 0.4844 0.0802 3.2632 0.7449 1.4515 0.0010 0.0018 100.0000 1.2986 0.0837 0.1260 1.5082 
 55    100    100   3000    100    100   3000 -3.0391 1.2504 0.4688 0.0802 4.6154 0.8031 1.4203 0.0006 0.0006 118.0000 1.5013 0.0833 0.1037 1.6884 
 56    100    100   3000    100    100   3000 -3.0391 1.0772 0.4297 0.0802 3.4375 0.8542 1.3943 0.0007 0.0006 127.0000 1.6213 0.0832 0.1216 1.8262 
 57    100    100   3000    100    100   3000 -3.1328 1.2184 0.5000 0.0802 4.0000 0.9031 1.3796 0.0009 0.0005 123.0000 1.5708 0.0837 0.1339 1.7884 
 58    100    100   3000    100    100   2600 -3.2812 1.3219 0.6406 0.1641 9.1111 0.9592 1.3780 0.0007 0.0022 138.0000 1.7847 0.0801 0.1308 1.9956 
 59    100    100   3000    100    100   2208 -3.1719 1.5450 0.6406 0.1481 11.7143 1.0003 1.3696 0.0009 0.0034 128.0000 1.6618 0.0755 0.1089 1.8462 
 60    100    100   3000    100    100   2121 -3.2109 1.4118 0.6094 0.1323 5.5714 1.0554 1.3865 0.0009 0.0034 133.0000 1.7131 0.0746 0.1206 1.9083 
 61    100    100   3000    100    100   2027 -3.2266 1.2317 0.5938 0.1133 9.5000 1.1008 1.3934 0.0009 0.0053 139.0000 1.7893 0.0733 0.1152 1.9778 
 62    100    100   3000    100    100   1932 -3.0625 1.4449 0.5156 0.0951 7.3333 1.1460 1.4025 0.0010 0.0052 133.0000 1.6996 0.0710 0.1290 1.8995 
 63    100    529   3000    100    100   2360 -2.8438 1.5817 0.4922 0.1912 5.2500 1.1773 1.3953 0.0010 0.0041 138.0000 1.7465 0.0810 0.1137 1.9412 
 64    100    100   3000    100    635   2383 -3.1875 1.0039 0.4688 0.1209 3.7500 1.2128 1.4356 0.0008 0.0054 119.0000 1.5545 0.0821 0.1392 1.7759 
 65    100    100   3000    616    100   2366 -2.6719 1.4820 0.3906 0.1892 3.3333 1.2494 1.4362 0.0009 0.0039 101.0000 1.3239 0.1066 0.1371 1.5676 
 66    100    100   3000    100    100   1151 -2.4141 1.2367 0.1641 0.0017 1.3125 1.2354 1.4475 0.0010 0.0073 137.0000 1.8024 0.0633 0.1227 1.9885 
 67    100    100   3000    100    673   2622 -2.8750 1.0709 0.3281 0.0794 2.4706 1.0091 1.2006 0.0009 0.0055 110.0000 1.4538 0.0868 0.1392 1.6798 
 68    100    100   2441    100    100   2582 -2.8906 1.7517 0.5234 0.1235 6.7000 1.0331 1.2047 0.0010 0.0049 99.0000 1.2967 0.0728 0.1388 1.5083 
 69    100    100   1852    100    100   3000 -2.4453 1.0993 0.1953 0.0434 1.2500 1.0662 1.2203 0.0008 0.0046 132.0000 1.7305 0.0721 0.1269 1.9295 
 70   3000    100    100    100   3000    100 -1.2656 1.7872 0.0469 0.0074 0.0000 1.0189 1.1903 0.0010 0.0005 137.0000 1.7927 0.0842 0.1282 2.0050 
 71    100    100   3000    100   1159   3000 -1.8672 1.2657 0.0781 0.0143 0.0000 1.1593 1.3541 0.0010 0.0044 127.0000 1.6433 0.0956 0.1544 1.8933 
 72    100   3000    100    100   3000   3000 -2.1094 1.0903 0.0625 0.0856 0.0000 0.7977 1.1716 0.0005 0.0004 131.0000 1.7133 0.1182 0.1664 1.9980 
 73    100   3000    100   3000    100    100 -1.3750 0.9921 0.0156 0.0202 0.0000 0.7808 1.1250 0.0010 0.0006 133.0000 1.7458 0.0857 0.1238 1.9553 
 74   3000    100   3000   3000    100   3000 -1.6562 1.0463 0.0703 0.0016 0.0000 0.8319 1.1478 0.0009 0.0005 141.0000 1.8265 0.1533 0.1333 2.1131 
 75   3000   3000    100   3000   3000   3000 -2.1719 0.8206 0.0703 0.0560 0.0000 0.8428 1.1237 0.0008 0.0005 138.0000 1.8019 0.1857 0.1551 2.1428 
 76    100    100   3000    100    100   2444 -3.4141 1.2052 0.7500 0.1710 13.7143 0.8002 1.0611 0.0010 0.0010 166.0000 2.1691 0.0795 0.1538 2.4025 
 77   3000   3000   3000   3000   3000    100 -2.1172 1.2224 0.0938 0.0115 0.0000 0.8017 1.0388 0.0008 0.0004 144.0000 1.8452 0.1817 0.1897 2.2167 
 78    430    100   3000    100    100   2362 -3.1172 1.6476 0.6328 0.1993 6.7500 0.7911 1.0090 0.0010 0.0018 147.0000 1.9081 0.0804 0.1760 2.1645 
 79   3000    100   3000    100    100    100 -1.1406 1.5549 0.0391 0.0098 0.0000 0.8126 1.0094 0.0010 0.0004 134.0000 1.7684 0.0855 0.1690 2.0230 
 80   3000   3000   3000   3000   3000   3000 -2.1562 0.6841 0.0391 0.0503 0.0000 0.8418 1.0725 0.0009 0.0004 158.0000 2.0518 0.2210 0.1444 2.4172 
 81    100    100   3000   3000   3000    100 -2.2578 1.2795 0.1484 0.1538 1.3571 0.8342 1.0494 0.0010 0.0004 169.0000 2.1878 0.1174 0.1682 2.4734 
 82   3000   3000   3000    100    100   3000 -1.8906 1.1375 0.0312 0.1869 0.0000 0.8052 1.0093 0.0009 0.0006 154.0000 1.9895 0.1523 0.1420 2.2838 
 83   3000   3000    100   3000   3000    100 -1.9844 1.1966 0.0312 0.0425 0.0000 0.8011 0.9829 0.0006 0.0003 156.0000 2.0459 0.1525 0.1550 2.3534 
 84    100    100   3000    100   3000    100 -0.9453 1.5797 0.0391 0.0103 0.0000 0.7928 0.9552 0.0010 0.0003 180.0000 2.3265 0.0833 0.2198 2.6296 
 85   3000    100    100    100    100   3000 -2.9844 1.2438 0.3984 0.0621 2.6842 0.7932 1.0236 0.0010 0.0005 149.0000 1.9584 0.0854 0.1863 2.2302 
 86   1980    100    100    100    100   3000 -2.5547 1.0364 0.1875 0.0437 1.2632 0.7584 1.0510 0.0010 0.0044 111.0000 1.4773 0.1022 0.1985 1.7780 
 87   3000    100    100   1153    100   3000 -1.9766 1.3302 0.1328 0.0054 1.5455 0.7650 1.0538 0.0010 0.0054 131.0000 1.7306 0.0992 0.1832 2.0130 
 88   3000    100    100    100   1379   3000 -1.5000 1.1811 0.0469 0.0152 0.0000 0.7533 1.0570 0.0010 0.0058 118.0000 1.5610 0.1028 0.2320 1.8958 
 89    100   1587   3000    100    100   3000 -1.7188 1.4321 0.1250 0.1851 0.0000 0.7238 1.0592 0.0008 0.0087 154.0000 2.0282 0.1026 0.1900 2.3208 
 90    100   3000    100   3000   3000   3000 -2.3281 1.4505 0.2031 0.3697 1.1818 0.7028 1.0714 0.0010 0.0005 140.0000 1.8340 0.1519 0.1706 2.1565 
 91   3000   3000    100   3000    100   3000 -1.7109 1.4512 0.0625 0.0935 0.0000 0.6932 1.0583 0.0010 0.0005 127.0000 1.6772 0.1517 0.2045 2.0334 
 92    100   3000   3000   3000   3000   3000 -1.8828 0.9862 0.0547 0.0032 0.0000 0.6917 1.0342 0.0010 0.0006 136.0000 1.7808 0.1866 0.2077 2.1751 
 93    100    100   3000    100    100   2465 -3.3203 1.2430 0.7031 0.1713 12.8571 0.6886 1.0160 0.0009 0.0006 193.0000 2.5169 0.0780 0.1684 2.7633 
 94   3000   3000    100    100   3000    100 -2.4844 1.1651 0.2344 0.2182 1.6667 0.6976 1.0030 0.0009 0.0005 129.0000 1.7065 0.1171 0.2304 2.0540 
 95   3000    100   1193    100    100   3000 -2.6406 1.5706 0.3750 0.0344 3.2000 0.6856 1.0002 0.0010 0.0037 165.0000 2.1578 0.0982 0.1910 2.4470 
 96   3000   3000   1859    100   3000    100 -2.2422 0.5629 0.0625 0.1279 0.0000 0.6977 1.0183 0.0010 0.0051 123.0000 1.6351 0.1371 0.1912 1.9634 
 97   3000   3000    100    100   3000   1755 -2.1797 0.9517 0.0312 0.0377 0.0000 0.7008 1.0182 0.0010 0.0050 123.0000 1.6286 0.1374 0.2240 1.9900 
 98   1464   3000    100   1648   3000   3000 -1.9844 1.4801 0.1016 0.4395 0.0000 0.7032 1.0166 0.0009 0.0075 85.0000 1.1375 0.1517 0.1746 1.4637 
 99    100    100   3000    100    100   2464 -3.4844 0.9919 0.7656 0.1713 14.0000 0.7032 1.0083 0.0009 0.0007 190.0000 2.4804 0.0807 0.2250 2.7861 
100    100    100   3000   3000    100    100 -2.1719 0.7104 0.1094 0.1024 0.0000 0.7044 0.9832 0.0008 0.0005 145.0000 1.8915 0.0839 0.1922 2.1676 
101    100    100    100   3000   3000    100 -2.2109 0.8292 0.1484 0.0970 0.0000 0.6953 0.9636 0.0009 0.0005 135.0000 1.7995 0.0844 0.2107 2.0946 
102   3000   3000   3000   3000    100    100 -2.1328 1.0137 0.0625 0.0380 0.0000 0.6766 0.9367 0.0009 0.0004 125.0000 1.6463 0.1495 0.4720 2.2678 
103   3000    100    100    100    100   1745 -3.1016 1.3203 0.4844 0.0785 4.4286 0.6688 0.9209 0.0010 0.0034 155.0000 2.0428 0.0718 0.2508 2.3654 
104   3000    100    100    100    100    876 -2.3203 1.3848 0.1797 0.0010 1.5333 0.6605 0.9554 0.0010 0.0038 123.0000 1.6345 0.0606 0.2179 1.9131 
105   3000    642    100    100    100   2230 -2.9688 1.3533 0.5078 0.1874 5.9091 0.6574 0.9523 0.0010 0.0039 136.0000 1.8149 0.0821 0.1826 2.0796 
106    100   3000   3000    100    100    100 -2.3047 0.9379 0.1797 0.1369 0.0000 0.6664 0.9647 0.0010 0.0004 144.0000 1.9270 0.0849 0.2731 2.2850 
107   3000    100    564    100    100   2165 -3.1016 1.5093 0.5625 0.1859 9.0000 0.6443 0.9345 0.0005 0.0034 155.0000 2.0451 0.1057 0.2189 2.3697 
108   3000    100    100   3000    100    100 -2.8594 1.1454 0.3516 0.0505 4.0909 0.6519 0.9412 0.0004 0.0002 186.0000 2.4299 0.0855 0.2444 2.7599 
109   1725    100    100   3000    100    100 -2.2500 0.8504 0.0859 0.0135 0.0000 0.6286 0.9364 0.0010 0.0065 113.0000 1.5124 0.0715 0.2179 1.8018 
 99    100    100   3000    100    100   2464 -3.4844 0.9919 0.7656 0.1713 14.0000 0.7032 1.0083 0.0009 0.0007 190.0000 2.4804 0.0807 0.2250 2.7861 
