0 2280.0000 912.0000 2280.0000 912.0000 2280.0000 912.0000 2280.0000 912.0000 2280.0000 912.0000 -2.2820 0.0501 0.0000 0.2633 0.8126 0.0000 0.0000 0.0000 0.0000 0.0000 0.0000 0.0000 
1 391.0000 1700.0000 391.0000 1700.0000 391.0000 1700.0000 391.0000 1700.0000 391.0000 1700.0000 -1.3090 0.1188 0.0000 0.2633 0.8126 0.0000 0.0000 0.0000 0.0000 0.0000 0.0000 0.0000 
2 2735.0000 2785.0000 2735.0000 2785.0000 2735.0000 2785.0000 2735.0000 2785.0000 2735.0000 2785.0000 -1.0860 0.1368 0.0000 0.2633 0.8126 0.0000 0.0000 0.0000 0.0000 0.0000 0.0000 0.0000 
3 1355.0000 1106.0000 1355.0000 1106.0000 1355.0000 1106.0000 1355.0000 1106.0000 1355.0000 1106.0000 -1.4250 0.1087 0.0000 0.2633 0.8126 0.0000 0.0000 0.0000 0.0000 0.0000 0.0000 0.0000 
4 2851.0000 2274.0000 2851.0000 2274.0000 2851.0000 2274.0000 2851.0000 2274.0000 2851.0000 2274.0000 -1.7630 0.1494 0.0000 0.2633 0.8126 0.0000 0.0000 0.0000 0.0000 0.0000 0.0000 0.0000 
5 1617.0000 734.0000 1617.0000 734.0000 1617.0000 734.0000 1617.0000 734.0000 1617.0000 734.0000 -0.8560 0.0683 0.0000 0.2633 0.8126 0.0000 0.0000 0.0000 0.0000 0.0000 0.0000 0.0000 
6 2399.0000 398.0000 2399.0000 398.0000 2399.0000 398.0000 2399.0000 398.0000 2399.0000 398.0000 -1.9750 0.1225 0.0000 0.2633 0.8126 0.0000 0.0000 0.0000 0.0000 0.0000 0.0000 0.0000 
7 1697.0000 2222.0000 1697.0000 2222.0000 1697.0000 2222.0000 1697.0000 2222.0000 1697.0000 2222.0000 -1.2910 0.1203 0.0000 0.2633 0.8126 0.0000 0.0000 0.0000 0.0000 0.0000 0.0000 0.0000 
8 1965.0000 2345.0000 1965.0000 2345.0000 1965.0000 2345.0000 1965.0000 2345.0000 1965.0000 2345.0000 -1.3780 0.1058 0.0000 0.2633 0.8126 0.0000 0.0000 0.0000 0.0000 0.0000 0.0000 0.0000 
9 1546.0000 2924.0000 1546.0000 2924.0000 1546.0000 2924.0000 1546.0000 2924.0000 1546.0000 2924.0000 -1.7950 0.0868 0.0000 0.2633 0.8126 0.0000 0.0000 0.0000 0.0000 0.0000 0.0000 0.0000 
10 2770.0000 423.0000 2770.0000 423.0000 2770.0000 423.0000 2770.0000 423.0000 2770.0000 423.0000 -2.2480 0.0271 0.0000 0.2633 0.8126 0.0000 0.0000 0.0000 0.0000 0.0000 0.0000 0.0000 
11 1252.0000 2232.0000 1252.0000 2232.0000 1252.0000 2232.0000 1252.0000 2232.0000 1252.0000 2232.0000 -1.7020 0.3106 0.0000 0.2633 0.8126 0.0000 0.0000 0.0000 0.0000 0.0000 0.0000 0.0000 
12 1622.0000 787.0000 1622.0000 787.0000 1622.0000 787.0000 1622.0000 787.0000 1622.0000 787.0000 -0.9280 0.0659 0.0000 0.2633 0.8126 0.0000 0.0000 0.0000 0.0000 0.0000 0.0000 0.0000 
13 2337.0000 406.0000 2337.0000 406.0000 2337.0000 406.0000 2337.0000 406.0000 2337.0000 406.0000 -2.0660 0.1208 0.0000 0.2633 0.8126 0.0000 0.0000 0.0000 0.0000 0.0000 0.0000 0.0000 
14 2154.0000 2290.0000 2154.0000 2290.0000 2154.0000 2290.0000 2154.0000 2290.0000 2154.0000 2290.0000 -1.2870 0.0726 0.0000 0.2633 0.8126 0.0000 0.0000 0.0000 0.0000 0.0000 0.0000 0.0000 
15 2401.0000 1858.0000 2401.0000 1858.0000 2401.0000 1858.0000 2401.0000 1858.0000 2401.0000 1858.0000 -1.4770 0.1244 0.0000 0.2633 0.8126 0.0000 0.0000 0.0000 0.0000 0.0000 0.0000 0.0000 
16 2677.0000 2300.0000 2677.0000 2300.0000 2677.0000 2300.0000 2677.0000 2300.0000 2677.0000 2300.0000 -2.0780 0.1226 0.0000 0.2633 0.8126 0.0000 0.0000 0.0000 0.0000 0.0000 0.0000 0.0000 
17 1322.0000 1136.0000 1322.0000 1136.0000 1322.0000 1136.0000 1322.0000 1136.0000 1322.0000 1136.0000 -1.2710 0.1119 0.0000 0.2633 0.8126 0.0000 0.0000 0.0000 0.0000 0.0000 0.0000 0.0000 
18 1795.0000 644.0000 1795.0000 644.0000 1795.0000 644.0000 1795.0000 644.0000 1795.0000 644.0000 -1.0380 0.0561 0.0000 0.2633 0.8126 0.0000 0.0000 0.0000 0.0000 0.0000 0.0000 0.0000 
19 240.0000 1167.0000 240.0000 1167.0000 240.0000 1167.0000 240.0000 1167.0000 240.0000 1167.0000 -1.6650 0.3568 0.0000 0.2633 0.8126 0.0000 0.0000 0.0000 0.0000 0.0000 0.0000 0.0000 
20 2350.0000 872.0000 2350.0000 872.0000 2350.0000 872.0000 2350.0000 872.0000 2350.0000 872.0000 -2.4060 0.0728 0.0000 0.2633 0.8126 0.0005 0.0096 52.0000 9.5339 0.5804 0.8833 10.9976 
21 2413.0000 840.0000 2413.0000 840.0000 2413.0000 840.0000 2413.0000 840.0000 2413.0000 840.0000 -2.3920 0.1112 0.0000 0.2874 0.7485 0.0004 0.0083 51.0000 8.9944 0.5218 0.8084 10.3246 
22 2432.0000 838.0000 2432.0000 838.0000 2432.0000 838.0000 2432.0000 838.0000 2432.0000 838.0000 -2.3880 0.1251 0.0000 0.3050 0.6924 0.0003 0.0080 51.0000 11.7348 0.3866 0.8283 12.9498 
23 2445.0000 840.0000 2445.0000 840.0000 2445.0000 840.0000 2445.0000 840.0000 2445.0000 840.0000 -2.4510 0.1392 0.0000 0.3168 0.6605 0.0003 0.0095 50.0000 9.1467 0.3704 0.8460 10.3632 
24 2501.0000 832.0000 2501.0000 832.0000 2501.0000 832.0000 2501.0000 832.0000 2501.0000 832.0000 -2.3170 0.1607 0.0000 0.3345 0.6467 0.0002 0.0098 55.0000 10.2024 0.3311 0.7383 11.2718 
25 2428.0000 878.0000 2426.0000 900.0000 2497.0000 949.0000 2507.0000 824.0000 2398.0000 752.0000 -2.3800 0.1655 0.0000 0.3405 0.6370 0.0002 0.0508 100.0000 17.8984 0.4202 0.8249 19.1434 
26 2518.0000 783.0000 2482.0000 969.0000 2370.0000 858.0000 2480.0000 904.0000 2486.0000 859.0000 -2.5730 0.1793 0.0000 0.3618 0.6411 0.0002 0.0488 100.0000 18.0178 0.4432 0.7698 19.2308 
27 2636.0000 694.0000 2561.0000 1079.0000 2317.0000 841.0000 2545.0000 954.0000 2573.0000 870.0000 -2.4650 0.1864 0.0000 0.3924 0.6575 0.0002 0.0081 57.0000 10.3398 0.3278 0.7592 11.4268 
28 2541.0000 722.0000 2526.0000 1099.0000 2429.0000 715.0000 2689.0000 975.0000 2626.0000 951.0000 -2.4710 0.1823 0.0000 0.4174 0.6674 0.0004 0.0609 100.0000 18.0921 0.3871 0.8890 19.3682 
29 2759.0000 858.0000 2664.0000 958.0000 2295.0000 829.0000 2598.0000 980.0000 2675.0000 863.0000 -2.0530 0.2491 0.0000 0.4440 0.6816 0.0001 0.0315 100.0000 18.2947 0.3334 0.8460 19.4741 
30 2423.0000 570.0000 2433.0000 1138.0000 2516.0000 808.0000 2556.0000 887.0000 2478.0000 912.0000 -2.3700 0.1161 0.0000 0.3998 0.6759 0.0003 0.0093 55.0000 9.9218 0.3229 0.7421 10.9868 
31 2567.0000 684.0000 2269.0000 1044.0000 2541.0000 707.0000 2739.0000 945.0000 2374.0000 920.0000 -2.4220 0.1535 0.0000 0.4163 0.6769 0.0006 0.0513 100.0000 19.0152 0.3467 0.7621 20.1241 
32 2260.0000 571.0000 2441.0000 940.0000 2563.0000 861.0000 2771.0000 1020.0000 2606.0000 907.0000 -2.1600 0.1789 0.0000 0.4383 0.6915 0.0000 0.0167 100.0000 17.8294 0.3336 0.9953 19.1582 
33 2642.0000 770.0000 2430.0000 1218.0000 2526.0000 676.0000 2455.0000 743.0000 2383.0000 907.0000 -2.4320 0.0850 0.0000 0.4321 0.6982 0.0003 0.0099 56.0000 10.1998 0.3320 0.7584 11.2903 
34 2755.0000 634.0000 2430.0000 1102.0000 2672.0000 746.0000 2353.0000 938.0000 2333.0000 884.0000 -1.9270 0.1144 0.0000 0.4521 0.7129 0.0001 0.0123 100.0000 18.2743 0.3262 0.7560 19.3565 
35 2437.0000 828.0000 2411.0000 1140.0000 2295.0000 732.0000 2654.0000 709.0000 2489.0000 898.0000 -2.5760 0.1262 0.0000 0.4081 0.7303 0.0004 0.0095 55.0000 10.2654 0.3291 0.8129 11.4074 
36 2431.0000 840.0000 2412.0000 1153.0000 2288.0000 724.0000 2676.0000 680.0000 2496.0000 900.0000 -2.5990 0.1244 0.0000 0.4284 0.7552 0.0004 0.0086 52.0000 9.4969 0.3299 0.8268 10.6536 
37 2423.0000 857.0000 2413.0000 1176.0000 2279.0000 712.0000 2711.0000 633.0000 2506.0000 904.0000 -2.5620 0.1145 0.0000 0.4442 0.7795 0.0005 0.0095 49.0000 9.0916 0.3270 0.7892 10.2078 
38 2420.0000 867.0000 2416.0000 1186.0000 2281.0000 708.0000 2729.0000 610.0000 2513.0000 906.0000 -2.4970 0.1129 0.0000 0.4585 0.7988 0.0002 0.0094 52.0000 11.0028 0.3645 0.8261 12.1935 
39 2384.0000 882.0000 2481.0000 1202.0000 2272.0000 657.0000 2724.0000 700.0000 2454.0000 842.0000 -2.5560 0.1525 0.0000 0.4675 0.8139 0.0002 0.0106 72.0000 14.2545 0.4848 0.9152 15.6545 
40 2413.0000 900.0000 2349.0000 1216.0000 2301.0000 683.0000 2699.0000 641.0000 2604.0000 838.0000 -2.5710 0.1068 0.0000 0.4822 0.8349 0.0002 0.0096 63.0000 11.3928 0.3728 0.7770 12.5426 
41 2397.0000 930.0000 2412.0000 1207.0000 2339.0000 648.0000 2756.0000 545.0000 2586.0000 926.0000 -2.6250 0.0994 0.0000 0.4979 0.8567 0.0001 0.0088 61.0000 11.5725 0.3300 0.7660 12.6686 
42 2392.0000 963.0000 2429.0000 1241.0000 2358.0000 617.0000 2834.0000 445.0000 2617.0000 940.0000 -2.5430 0.0984 0.0000 0.5191 0.8856 0.0002 0.0096 49.0000 9.0411 0.3286 0.8195 10.1891 
43 2440.0000 908.0000 2388.0000 1296.0000 2300.0000 754.0000 2875.0000 456.0000 2594.0000 793.0000 -2.5130 0.0921 0.0000 0.5319 0.9041 0.0001 0.0092 75.0000 13.5792 0.3273 0.8904 14.7969 
44 2339.0000 986.0000 2463.0000 1192.0000 2325.0000 512.0000 2743.0000 579.0000 2611.0000 1013.0000 -2.3180 0.1199 0.0000 0.5429 0.9209 0.0001 0.0098 64.0000 12.4012 0.3300 0.7702 13.5014 
45 2498.0000 807.0000 2350.0000 1196.0000 2261.0000 895.0000 2788.0000 525.0000 2509.0000 831.0000 -2.2780 0.1051 0.0000 0.5377 0.9308 0.0003 0.0090 75.0000 13.6477 0.3299 0.7554 14.7331 
46 2355.0000 954.0000 2442.0000 1295.0000 2380.0000 588.0000 2720.0000 714.0000 2563.0000 655.0000 -2.4250 0.1597 0.0000 0.5319 0.9351 0.0004 0.0087 66.0000 12.9274 0.5618 0.7897 14.2789 
47 2371.0000 870.0000 2684.0000 1200.0000 2345.0000 637.0000 2858.0000 564.0000 2316.0000 920.0000 -2.6560 0.1638 0.0000 0.5411 0.9452 0.0002 0.0097 88.0000 16.0819 0.3263 0.7969 17.2052 
48 2359.0000 879.0000 2797.0000 1235.0000 2357.0000 597.0000 2976.0000 483.0000 2259.0000 925.0000 -2.5520 0.1867 0.0000 0.5610 0.9718 0.0002 0.0087 63.0000 11.3700 0.3332 0.8571 12.5603 
49 2274.0000 845.0000 2882.0000 1290.0000 2358.0000 692.0000 2790.0000 424.0000 2396.0000 924.0000 -2.4840 0.1299 0.0000 0.5717 0.9874 0.0002 0.0095 66.0000 14.2143 0.4028 1.0592 15.6764 
50 2447.0000 997.0000 2595.0000 1118.0000 2345.0000 559.0000 3000.0000 596.0000 2208.0000 926.0000 -2.4740 0.2069 0.0000 0.5808 1.0006 0.0002 0.0087 83.0000 16.2713 0.3268 0.7686 17.3668 
51 2446.0000 643.0000 2737.0000 1439.0000 2214.0000 397.0000 3000.0000 464.0000 2415.0000 942.0000 -2.4930 0.1586 0.0000 0.5890 1.0138 0.0001 0.0083 74.0000 13.8483 0.4345 0.9387 15.2215 
52 2391.0000 1022.0000 2848.0000 1387.0000 2655.0000 454.0000 3000.0000 100.0000 2403.0000 829.0000 -2.1910 0.1368 0.0000 0.6028 1.0266 0.0001 0.0094 87.0000 18.6022 0.4149 0.9689 19.9860 
53 2321.0000 760.0000 2700.0000 1192.0000 2098.0000 653.0000 2893.0000 707.0000 2345.0000 984.0000 -2.5920 0.2212 0.0000 0.5906 1.0291 0.0003 0.0094 63.0000 11.6471 0.3440 0.7652 12.7563 
54 2357.0000 719.0000 2700.0000 1121.0000 2100.0000 657.0000 2944.0000 615.0000 2359.0000 1135.0000 -2.5980 0.1805 0.0000 0.6028 1.0530 0.0002 0.0094 76.0000 15.7625 0.3251 0.8055 16.8930 
55 2285.0000 779.0000 2768.0000 1187.0000 2017.0000 635.0000 3000.0000 704.0000 2387.0000 903.0000 -2.3600 0.2615 0.0000 0.6137 1.0755 0.0002 0.0095 68.0000 12.6531 0.3306 0.7887 13.7724 
56 2413.0000 736.0000 2614.0000 1172.0000 2271.0000 668.0000 2810.0000 559.0000 2321.0000 1222.0000 -2.6130 0.1026 0.0000 0.6110 1.0856 0.0004 0.0092 62.0000 12.2710 0.3327 0.7828 13.3865 
57 2432.0000 712.0000 2615.0000 1159.0000 2261.0000 658.0000 2862.0000 524.0000 2325.0000 1282.0000 -2.5310 0.1034 0.0000 0.6189 1.1073 0.0002 0.0099 70.0000 13.6058 0.3288 0.7978 14.7324 
58 2521.0000 557.0000 2770.0000 1090.0000 2121.0000 541.0000 3000.0000 381.0000 2383.0000 1442.0000 -2.3680 0.0884 0.0000 0.6257 1.1253 0.0001 0.0097 82.0000 16.0568 0.3346 0.9560 17.3475 
59 2332.0000 831.0000 2601.0000 1324.0000 2297.0000 713.0000 2790.0000 683.0000 2286.0000 1108.0000 -2.5370 0.1353 0.0000 0.6277 1.1331 0.0005 0.0094 83.0000 15.0196 0.4045 0.8608 16.2849 
60 2361.0000 759.0000 2659.0000 1107.0000 2271.0000 613.0000 2681.0000 602.0000 2330.0000 1020.0000 -2.4810 0.1144 0.0000 0.6374 1.1543 0.0006 0.0091 100.0000 19.7938 0.3960 1.0562 21.2460 
61 2390.0000 807.0000 2479.0000 1421.0000 2273.0000 676.0000 3000.0000 682.0000 2312.0000 1155.0000 -2.3010 0.1646 0.0000 0.6479 1.1749 0.0003 0.0096 89.0000 18.0135 0.3453 0.9013 19.2601 
62 2335.0000 894.0000 2714.0000 962.0000 2270.0000 811.0000 2770.0000 493.0000 2406.0000 1069.0000 -2.5730 0.1270 0.0000 0.6475 1.1934 0.0433 0.4113 100.0000 20.2399 0.4353 1.0023 21.6775 
63 2493.0000 907.0000 2738.0000 1097.0000 2129.0000 712.0000 2680.0000 466.0000 2354.0000 1015.0000 -2.5620 0.1182 0.0000 0.6576 1.2167 0.0246 0.0912 100.0000 19.7229 0.4315 0.9891 21.1435 
64 2405.0000 740.0000 2670.0000 958.0000 2281.0000 755.0000 2862.0000 466.0000 2344.0000 961.0000 -2.3560 0.1359 0.0000 0.6660 1.2379 0.0042 0.0428 100.0000 19.8009 0.3622 0.8434 21.0065 
65 2315.0000 917.0000 2806.0000 1226.0000 2162.0000 661.0000 2583.0000 589.0000 2515.0000 1147.0000 -2.3740 0.1015 0.0000 0.6676 1.2517 0.0003 0.0080 86.0000 15.8397 0.3240 0.8768 17.0405 
66 3000.0000 100.0000 3000.0000 3000.0000 100.0000 100.0000 3000.0000 100.0000 3000.0000 3000.0000 -1.7480 0.0460 0.0000 0.6691 1.2641 0.0126 0.3689 100.0000 19.6276 0.4047 0.8568 20.8890 
67 3000.0000 3000.0000 3000.0000 100.0000 3000.0000 100.0000 3000.0000 100.0000 100.0000 3000.0000 -1.5120 0.3017 0.0000 0.6601 1.2133 0.0135 0.4698 100.0000 20.6420 0.3607 0.9394 21.9421 
68 100.0000 3000.0000 3000.0000 100.0000 3000.0000 3000.0000 3000.0000 100.0000 3000.0000 100.0000 -1.2360 0.1404 0.0000 0.6703 1.2157 0.0150 0.5261 100.0000 20.0217 0.3798 0.8496 21.2511 
69 100.0000 3000.0000 100.0000 3000.0000 100.0000 100.0000 3000.0000 3000.0000 3000.0000 100.0000 -2.0190 0.0971 0.0000 0.7083 1.2925 0.0219 0.8918 100.0000 19.1870 0.3994 0.8079 20.3944 
70 100.0000 100.0000 3000.0000 3000.0000 100.0000 3000.0000 3000.0000 3000.0000 100.0000 100.0000 -1.5630 0.0561 0.0000 0.6858 1.2124 0.0291 0.7009 100.0000 19.2381 0.3737 0.8022 20.4141 
71 100.0000 100.0000 100.0000 3000.0000 3000.0000 100.0000 100.0000 3000.0000 3000.0000 3000.0000 -1.5870 0.0491 0.0000 0.6895 1.1877 0.0199 0.3207 100.0000 19.2584 0.3008 0.7915 20.3507 
72 3000.0000 3000.0000 100.0000 3000.0000 100.0000 3000.0000 100.0000 100.0000 3000.0000 3000.0000 -1.5490 0.2422 0.0000 0.6913 1.1594 0.0196 0.3379 100.0000 20.7001 0.3581 0.8229 21.8810 
73 3000.0000 3000.0000 3000.0000 3000.0000 100.0000 100.0000 100.0000 3000.0000 100.0000 100.0000 -1.6930 0.0877 0.0000 0.6944 1.1344 0.0239 0.3135 100.0000 19.0314 0.3490 0.8308 20.2112 
74 100.0000 100.0000 100.0000 3000.0000 3000.0000 3000.0000 3000.0000 100.0000 100.0000 3000.0000 -1.7020 0.0416 0.0000 0.6899 1.0963 0.0198 0.5343 100.0000 19.4803 0.3448 0.7735 20.5986 
75 2594.0000 929.0000 2539.0000 1004.0000 2137.0000 397.0000 2885.0000 609.0000 2394.0000 1004.0000 -2.5410 0.1837 0.0000 0.6859 1.0609 0.0060 0.0471 100.0000 19.4073 0.3222 0.7925 20.5220 
76 2840.0000 832.0000 2555.0000 1104.0000 1873.0000 100.0000 3000.0000 325.0000 2834.0000 843.0000 -2.5010 0.1054 0.0000 0.6967 1.0772 0.0002 0.0150 100.0000 19.4962 0.3256 0.8471 20.6689 
77 3000.0000 609.0000 3000.0000 1294.0000 1602.0000 100.0000 3000.0000 100.0000 3000.0000 389.0000 -2.1450 0.0450 0.0000 0.7101 1.0904 0.0023 0.0551 100.0000 19.5131 0.5026 0.8472 20.8629 
78 2548.0000 951.0000 2411.0000 830.0000 2180.0000 258.0000 3000.0000 525.0000 2713.0000 1148.0000 -2.3190 0.1505 0.0000 0.7124 1.0911 0.0001 0.0094 78.0000 15.4563 0.3301 0.7970 16.5835 
79 2716.0000 907.0000 2608.0000 1232.0000 2054.0000 534.0000 2825.0000 499.0000 2273.0000 919.0000 -2.5680 0.1509 0.0000 0.7115 1.1017 0.0004 0.0099 99.0000 20.9875 0.3283 0.8342 22.1499 
80 2841.0000 1062.0000 2623.0000 1180.0000 1958.0000 601.0000 3000.0000 416.0000 2260.0000 963.0000 -2.1950 0.1479 0.0000 0.7196 1.1184 0.0003 0.0126 100.0000 19.7144 0.3286 0.9076 20.9506 
81 100.0000 3000.0000 100.0000 100.0000 100.0000 100.0000 3000.0000 3000.0000 3000.0000 3000.0000 -1.7630 0.1262 0.0000 0.7110 1.1350 0.0222 0.2472 100.0000 19.1900 0.3042 0.9244 20.4187 
82 3000.0000 100.0000 100.0000 100.0000 3000.0000 3000.0000 100.0000 3000.0000 100.0000 3000.0000 -2.1330 0.1077 0.0000 0.7049 1.0971 0.0225 0.3860 100.0000 21.4004 0.3041 0.7513 22.4557 
83 2478.0000 665.0000 2609.0000 1181.0000 2199.0000 388.0000 2736.0000 579.0000 2445.0000 908.0000 -2.5110 0.1081 0.0000 0.6880 1.0586 0.0018 0.0149 100.0000 20.7599 0.3225 0.7738 21.8562 
84 3000.0000 100.0000 100.0000 100.0000 100.0000 3000.0000 100.0000 3000.0000 100.0000 3000.0000 -1.6370 0.1017 0.0000 0.6962 1.0722 0.0259 0.3991 100.0000 20.1792 0.2492 0.6981 21.1264 
85 2651.0000 313.0000 2294.0000 1441.0000 2233.0000 100.0000 3000.0000 371.0000 3000.0000 966.0000 -2.0720 0.0409 0.0000 0.6962 1.0496 0.0010 0.0217 100.0000 20.6461 0.3722 0.8608 21.8791 
86 2417.0000 864.0000 2832.0000 1077.0000 2262.0000 327.0000 2782.0000 732.0000 2287.0000 933.0000 -2.1780 0.2384 0.0000 0.6936 1.0581 0.0347 0.0668 100.0000 19.6654 0.3268 0.7744 20.7666 
87 3000.0000 100.0000 3000.0000 100.0000 3000.0000 3000.0000 3000.0000 100.0000 3000.0000 3000.0000 -1.7080 0.0871 0.0000 0.6846 1.0720 0.0198 0.1731 100.0000 19.7788 0.5339 0.9605 21.2732 
88 3000.0000 3000.0000 100.0000 3000.0000 3000.0000 100.0000 3000.0000 100.0000 3000.0000 100.0000 -1.5630 0.0649 0.0000 0.6821 1.0477 0.0363 0.3876 100.0000 21.5891 0.3598 0.8938 22.8427 
89 3000.0000 3000.0000 3000.0000 100.0000 100.0000 100.0000 3000.0000 3000.0000 3000.0000 100.0000 -1.5500 0.0673 0.0000 0.6863 1.0330 0.0307 0.4513 100.0000 19.2544 0.3658 0.8825 20.5026 
90 3000.0000 3000.0000 100.0000 100.0000 3000.0000 3000.0000 100.0000 3000.0000 100.0000 100.0000 -1.0670 0.0607 0.0000 0.6908 1.0169 0.0281 0.7543 100.0000 20.0479 0.3020 0.7287 21.0786 
91 100.0000 100.0000 3000.0000 3000.0000 100.0000 3000.0000 100.0000 100.0000 3000.0000 3000.0000 -1.9350 0.1717 0.0000 0.7247 1.0493 0.0149 0.1585 100.0000 19.2292 0.3020 0.7433 20.2746 
92 100.0000 3000.0000 3000.0000 3000.0000 100.0000 100.0000 100.0000 100.0000 100.0000 3000.0000 -2.0570 0.1488 0.0000 0.7145 1.0197 0.0286 0.6175 100.0000 19.4589 0.2485 0.9559 20.6633 
93 100.0000 3000.0000 3000.0000 3000.0000 100.0000 100.0000 3000.0000 100.0000 100.0000 3000.0000 -1.8840 0.1098 0.0000 0.7035 0.9959 0.0259 0.1698 100.0000 19.3459 0.3610 0.7640 20.4709 
94 3000.0000 100.0000 3000.0000 3000.0000 100.0000 3000.0000 3000.0000 100.0000 3000.0000 100.0000 -1.8490 0.1839 0.0000 0.6983 0.9734 0.0206 0.1842 100.0000 19.7426 0.3524 0.8864 20.9815 
95 100.0000 3000.0000 3000.0000 3000.0000 3000.0000 100.0000 100.0000 100.0000 100.0000 3000.0000 -1.5630 0.3669 0.0000 0.6928 0.9507 0.0127 0.0953 100.0000 19.7452 0.2992 0.7318 20.7762 
96 100.0000 100.0000 3000.0000 100.0000 100.0000 3000.0000 100.0000 3000.0000 3000.0000 3000.0000 -1.4770 0.1942 0.0000 0.6954 0.9363 0.0460 0.5315 100.0000 19.4567 0.3489 0.7125 20.5180 
97 100.0000 3000.0000 3000.0000 3000.0000 100.0000 100.0000 100.0000 100.0000 3000.0000 100.0000 -1.7080 0.2153 0.0000 0.7021 0.9236 0.0241 0.1552 100.0000 19.9090 0.2474 0.7028 20.8592 
98 3000.0000 100.0000 100.0000 3000.0000 100.0000 100.0000 3000.0000 3000.0000 100.0000 3000.0000 -1.3610 0.2764 0.0000 0.6996 0.9032 0.0181 0.1007 100.0000 19.7509 0.3051 0.7835 20.8395 
99 2451.0000 691.0000 2647.0000 1152.0000 2105.0000 760.0000 2730.0000 350.0000 2618.0000 971.0000 -2.2410 0.0691 0.0000 0.7099 0.8959 0.0006 0.0084 97.0000 19.3293 0.3259 0.7859 20.4412 
100 100.0000 100.0000 3000.0000 3000.0000 3000.0000 100.0000 3000.0000 3000.0000 3000.0000 100.0000 -1.5110 0.1168 0.0000 0.7049 0.9066 0.0346 0.4210 100.0000 19.7382 0.3506 0.8703 20.9591 
101 3000.0000 100.0000 3000.0000 3000.0000 3000.0000 3000.0000 100.0000 100.0000 100.0000 3000.0000 -1.6940 0.0828 0.0000 0.7089 0.8939 0.0370 0.5252 100.0000 19.9265 0.3530 0.8125 21.0920 
102 3000.0000 1645.0000 2766.0000 100.0000 2637.0000 100.0000 3000.0000 100.0000 3000.0000 100.0000 -1.7670 0.0260 0.0000 0.7070 0.8751 0.0209 0.1474 100.0000 19.8955 0.3264 0.7943 21.0162 
103 100.0000 3000.0000 100.0000 3000.0000 100.0000 3000.0000 3000.0000 3000.0000 100.0000 3000.0000 -1.8640 0.1195 0.0000 0.7057 0.8750 0.0331 0.1854 100.0000 19.7958 0.3537 1.0106 21.1601 
104 100.0000 3000.0000 100.0000 3000.0000 100.0000 100.0000 3000.0000 100.0000 100.0000 100.0000 -2.3500 0.1986 0.0000 0.7014 0.8591 0.0594 0.7212 100.0000 22.0581 0.2406 0.6120 22.9107 
105 100.0000 3000.0000 100.0000 3000.0000 100.0000 1451.0000 3000.0000 100.0000 100.0000 100.0000 -1.7830 0.0368 0.0000 0.6919 0.8649 0.0379 0.1194 100.0000 19.7971 0.2210 0.5902 20.6083 
106 100.0000 3000.0000 100.0000 3000.0000 100.0000 100.0000 3000.0000 100.0000 100.0000 1622.0000 -1.9220 0.1462 0.0000 0.6874 0.8621 0.0337 0.1211 100.0000 19.7875 0.2201 0.5843 20.5919 
107 100.0000 3000.0000 1741.0000 3000.0000 100.0000 100.0000 3000.0000 100.0000 100.0000 100.0000 -1.9690 0.2366 0.0000 0.6870 0.8543 0.0404 0.1632 100.0000 19.8190 0.2241 0.6958 20.7389 
108 100.0000 3000.0000 100.0000 3000.0000 100.0000 100.0000 3000.0000 1947.0000 100.0000 100.0000 -2.0080 0.0865 0.0000 0.6879 0.8470 0.0840 0.3298 100.0000 20.4903 0.2682 0.6779 21.4364 
109 100.0000 3000.0000 3000.0000 3000.0000 100.0000 3000.0000 100.0000 3000.0000 100.0000 3000.0000 -1.9650 0.0347 0.0000 0.6889 0.8401 0.0954 0.7169 100.0000 20.5082 0.3563 0.8695 21.7341 
110 3000.0000 100.0000 3000.0000 100.0000 1387.0000 100.0000 3000.0000 100.0000 3000.0000 1907.0000 -1.5880 0.1012 0.0000 0.6843 0.8290 0.0289 0.3222 100.0000 19.6606 0.3121 0.8194 20.7922 
111 100.0000 3000.0000 100.0000 3000.0000 100.0000 3000.0000 100.0000 3000.0000 3000.0000 100.0000 -2.1560 0.1110 0.0000 0.6817 0.8307 0.0340 0.1898 100.0000 20.3926 0.3006 0.7348 21.4280 
112 100.0000 3000.0000 100.0000 3000.0000 100.0000 3000.0000 100.0000 3000.0000 3000.0000 3000.0000 -2.1800 0.1514 0.0000 0.6719 0.8248 0.0981 0.4354 100.0000 20.6263 0.3888 0.8433 21.8584 
113 100.0000 3000.0000 100.0000 3000.0000 100.0000 100.0000 100.0000 3000.0000 3000.0000 100.0000 -0.8290 0.0630 0.0000 0.6708 0.8238 0.0200 0.0957 100.0000 20.3261 0.3281 0.7354 21.3896 
114 100.0000 3000.0000 100.0000 3000.0000 100.0000 3000.0000 3000.0000 3000.0000 3000.0000 100.0000 -2.6490 0.0402 0.0000 0.6720 0.8556 0.0652 0.4542 100.0000 19.8789 0.3526 0.8670 21.0984 
115 100.0000 3000.0000 100.0000 3000.0000 100.0000 3000.0000 3000.0000 3000.0000 3000.0000 100.0000 -2.5930 0.0402 0.0000 0.6787 0.8861 0.0369 0.0748 100.0000 20.1016 0.4517 1.0466 21.5998 
116 100.0000 3000.0000 100.0000 3000.0000 100.0000 3000.0000 3000.0000 3000.0000 3000.0000 353.0000 -2.7000 0.0249 0.0000 0.6848 0.8926 0.0280 0.0721 100.0000 19.9537 0.2975 0.8476 21.0987 
117 100.0000 3000.0000 100.0000 3000.0000 100.0000 3000.0000 3000.0000 3000.0000 3000.0000 557.0000 -2.5950 0.0170 0.0000 0.6951 0.9002 0.0230 0.0437 100.0000 20.7230 0.4449 0.9763 22.1442 
118 100.0000 2623.0000 100.0000 3000.0000 100.0000 3000.0000 3000.0000 3000.0000 3000.0000 223.0000 -2.3830 0.0660 0.0000 0.7034 0.9029 0.0265 0.0658 100.0000 20.1924 0.3502 0.8285 21.3711 
119 100.0000 3000.0000 100.0000 3000.0000 100.0000 3000.0000 3000.0000 2523.0000 3000.0000 328.0000 -2.4630 0.1107 0.0000 0.7051 0.9085 0.0227 0.0597 100.0000 20.5244 0.3490 0.8389 21.7123 
120 100.0000 3000.0000 100.0000 2479.0000 100.0000 3000.0000 3000.0000 3000.0000 3000.0000 258.0000 -2.4460 0.0665 0.0000 0.7122 0.9108 0.0372 0.0831 100.0000 20.3559 0.3463 0.9236 21.6259 
121 100.0000 3000.0000 100.0000 3000.0000 644.0000 3000.0000 3000.0000 3000.0000 3000.0000 254.0000 -2.3060 0.0223 0.0000 0.7193 0.9130 0.0387 0.0874 100.0000 20.0336 0.3642 0.9310 21.3288 
122 100.0000 3000.0000 100.0000 3000.0000 100.0000 3000.0000 2437.0000 3000.0000 3000.0000 496.0000 -2.3040 0.0497 0.0000 0.7215 0.9187 0.0589 0.1569 100.0000 19.8934 0.3484 0.8628 21.1046 
123 708.0000 3000.0000 100.0000 3000.0000 100.0000 3000.0000 3000.0000 3000.0000 3000.0000 100.0000 -2.7900 0.0478 0.0000 0.7218 0.9213 0.0471 0.0643 100.0000 19.9969 0.4502 1.1515 21.5985 
124 969.0000 3000.0000 100.0000 3000.0000 100.0000 3000.0000 3000.0000 3000.0000 3000.0000 100.0000 -2.3480 0.0659 0.0000 0.7277 0.9331 0.0498 0.0516 100.0000 20.5995 0.4547 1.0191 22.0734 
125 285.0000 3000.0000 861.0000 3000.0000 100.0000 3000.0000 3000.0000 3000.0000 3000.0000 100.0000 -2.3680 0.2048 0.0000 0.7293 0.9268 0.0550 0.0731 100.0000 20.3052 0.3730 1.0958 21.7740 
126 299.0000 3000.0000 100.0000 3000.0000 100.0000 3000.0000 3000.0000 3000.0000 2237.0000 100.0000 -2.2300 0.1740 0.0000 0.7350 0.9275 0.1566 0.1771 100.0000 20.2646 0.3448 0.9157 21.5250 
127 100.0000 3000.0000 100.0000 3000.0000 100.0000 3000.0000 3000.0000 3000.0000 3000.0000 1720.0000 -1.8240 0.0613 0.0000 0.7352 0.9316 0.1140 0.2059 100.0000 19.8308 0.4552 1.2182 21.5042 
128 3000.0000 100.0000 3000.0000 3000.0000 3000.0000 100.0000 3000.0000 100.0000 100.0000 100.0000 -2.0510 0.1247 0.0000 0.7164 0.9336 0.0367 0.1229 100.0000 22.2337 0.3799 1.0734 23.6869 
129 100.0000 3000.0000 100.0000 3000.0000 100.0000 3000.0000 3000.0000 1431.0000 3000.0000 100.0000 -1.7850 0.0854 0.0000 0.7103 0.9226 0.1755 1.0387 100.0000 20.3322 0.3251 0.8123 21.4696 
130 3000.0000 100.0000 3000.0000 3000.0000 100.0000 100.0000 3000.0000 100.0000 100.0000 100.0000 -1.4640 0.0806 0.0000 0.7001 0.9285 0.0532 0.2628 100.0000 20.9338 0.4392 1.1034 22.4763 
131 100.0000 3000.0000 3000.0000 100.0000 100.0000 3000.0000 100.0000 100.0000 100.0000 3000.0000 -1.7900 0.1796 0.0000 0.7011 0.9191 0.0782 0.7152 100.0000 23.3996 0.2682 0.7079 24.3757 
132 100.0000 100.0000 100.0000 100.0000 3000.0000 3000.0000 100.0000 3000.0000 100.0000 3000.0000 -2.0630 0.1145 0.0000 0.6979 0.9056 0.0309 0.2301 100.0000 20.3214 0.2511 0.7437 21.3162 
133 100.0000 100.0000 100.0000 100.0000 3000.0000 3000.0000 3000.0000 3000.0000 100.0000 3000.0000 -1.8130 0.2434 0.0000 0.6932 0.8979 0.0427 0.1149 100.0000 19.7246 0.5152 0.8844 21.1242 
134 100.0000 3000.0000 100.0000 3000.0000 3000.0000 3000.0000 100.0000 3000.0000 100.0000 3000.0000 -1.7640 0.1397 0.0000 0.6910 0.8869 0.0537 0.1577 100.0000 19.7932 0.3886 1.0327 21.2146 
135 3000.0000 100.0000 3000.0000 100.0000 3000.0000 3000.0000 100.0000 3000.0000 100.0000 3000.0000 -1.8310 0.1524 0.0000 0.6886 0.8754 0.0354 0.4757 100.0000 19.5751 0.3558 0.8489 20.7799 
136 3000.0000 3000.0000 100.0000 3000.0000 100.0000 3000.0000 3000.0000 3000.0000 3000.0000 100.0000 -1.7260 0.0894 0.0000 0.6862 0.8648 0.0998 0.7781 100.0000 20.2465 0.5405 0.9727 21.7597 
137 100.0000 100.0000 3000.0000 100.0000 3000.0000 100.0000 3000.0000 3000.0000 100.0000 3000.0000 -1.6680 0.0418 0.0000 0.6847 0.8604 0.0302 0.1115 100.0000 19.8403 0.2991 0.7940 20.9335 
138 100.0000 100.0000 100.0000 100.0000 3000.0000 3000.0000 100.0000 100.0000 3000.0000 3000.0000 -2.0700 0.1120 0.0000 0.6844 0.8493 0.0802 0.5637 100.0000 20.5220 0.2669 0.9844 21.7733 
139 3000.0000 100.0000 3000.0000 3000.0000 3000.0000 3000.0000 100.0000 100.0000 3000.0000 100.0000 -1.7400 0.1302 0.0000 0.6771 0.8417 0.0592 0.3171 100.0000 19.9036 0.3526 1.2111 21.4673 
140 3000.0000 100.0000 100.0000 100.0000 3000.0000 3000.0000 100.0000 3000.0000 3000.0000 3000.0000 -1.6820 0.3704 0.0000 0.6753 0.8315 0.1146 0.6550 100.0000 22.9675 0.4979 1.1622 24.6276 
141 100.0000 3000.0000 100.0000 100.0000 3000.0000 3000.0000 100.0000 100.0000 3000.0000 3000.0000 -1.9560 0.0857 0.0000 0.6747 0.8228 0.0570 0.2002 100.0000 19.9679 0.3044 0.7488 21.0211 
142 100.0000 3000.0000 3000.0000 3000.0000 100.0000 3000.0000 100.0000 3000.0000 3000.0000 3000.0000 -1.4280 0.0159 0.0000 0.6709 0.8151 0.0593 0.1536 100.0000 20.3365 0.4569 1.0318 21.8252 
143 100.0000 100.0000 100.0000 100.0000 3000.0000 3000.0000 100.0000 100.0000 100.0000 3000.0000 -1.9780 0.0182 0.0000 0.6694 0.8095 0.0779 0.7120 100.0000 19.6978 0.1972 0.5196 20.4147 
144 100.0000 100.0000 100.0000 3000.0000 3000.0000 3000.0000 100.0000 100.0000 3000.0000 3000.0000 -1.6260 0.0492 0.0000 0.6679 0.8040 0.0844 0.2968 100.0000 20.5287 0.3333 0.8672 21.7292 
145 100.0000 3000.0000 100.0000 100.0000 100.0000 100.0000 3000.0000 100.0000 100.0000 100.0000 -2.1190 0.3265 0.0000 0.6670 0.7956 0.1061 0.8853 100.0000 21.3573 0.1430 0.4799 21.9802 
146 3000.0000 100.0000 3000.0000 3000.0000 3000.0000 3000.0000 3000.0000 100.0000 100.0000 100.0000 -1.3010 0.2071 0.0000 0.6628 0.7922 0.0593 0.5213 100.0000 19.9008 0.3510 0.9626 21.2144 
147 100.0000 3000.0000 100.0000 100.0000 100.0000 100.0000 3000.0000 100.0000 100.0000 3000.0000 -1.6650 0.1767 0.0000 0.6669 0.7909 0.0359 0.0635 100.0000 20.0363 0.1644 0.5212 20.7219 
148 100.0000 3000.0000 100.0000 757.0000 100.0000 3000.0000 3000.0000 3000.0000 3000.0000 100.0000 -1.4500 0.0623 0.0000 0.6660 0.7837 0.1672 0.5445 100.0000 20.1785 0.3130 0.9347 21.4262 
149 3000.0000 3000.0000 100.0000 100.0000 3000.0000 100.0000 100.0000 100.0000 3000.0000 3000.0000 -1.3500 0.1010 0.0000 0.6606 0.7895 0.0618 0.3530 100.0000 19.6073 0.3075 0.7714 20.6862 
150 100.0000 3000.0000 100.0000 3000.0000 2490.0000 100.0000 3000.0000 100.0000 100.0000 100.0000 -1.6520 0.2410 0.0000 0.6699 0.7869 0.0310 0.0741 100.0000 19.8506 0.2388 0.8223 20.9117 
151 3000.0000 3000.0000 3000.0000 3000.0000 100.0000 3000.0000 100.0000 100.0000 100.0000 3000.0000 -1.5710 0.1441 0.0000 0.6696 0.7813 0.0674 0.4786 100.0000 19.2550 0.4486 1.0693 20.7728 
152 100.0000 100.0000 100.0000 3000.0000 100.0000 3000.0000 100.0000 3000.0000 3000.0000 100.0000 -1.9860 0.0848 0.0000 0.6700 0.7730 0.0503 0.2141 100.0000 19.8201 0.3671 0.7163 20.9036 
153 100.0000 100.0000 100.0000 3000.0000 3000.0000 3000.0000 100.0000 3000.0000 100.0000 100.0000 -1.6520 0.2203 0.0000 0.6663 0.7678 0.0626 0.2328 100.0000 20.1163 0.2467 0.6615 21.0245 
154 100.0000 3000.0000 3000.0000 100.0000 100.0000 100.0000 100.0000 3000.0000 100.0000 3000.0000 -1.5210 0.1669 0.0000 0.6660 0.7599 0.0607 0.1854 100.0000 19.7386 0.2522 0.6804 20.6713 
155 100.0000 100.0000 3000.0000 3000.0000 3000.0000 100.0000 3000.0000 100.0000 3000.0000 3000.0000 -1.8380 0.1393 0.0000 0.6681 0.7529 0.0446 0.1134 100.0000 19.9155 0.3534 0.9612 21.2301 
156 100.0000 100.0000 100.0000 100.0000 100.0000 3000.0000 100.0000 100.0000 3000.0000 3000.0000 -1.5900 0.1112 0.0000 0.6652 0.7461 0.0715 0.3927 100.0000 19.7469 0.1952 0.5749 20.5170 
157 3000.0000 100.0000 3000.0000 3000.0000 3000.0000 100.0000 3000.0000 100.0000 3000.0000 100.0000 -1.3030 0.0512 0.0000 0.6646 0.7394 0.0512 0.1069 100.0000 20.2551 0.4663 0.9069 21.6284 
158 100.0000 100.0000 3000.0000 100.0000 3000.0000 3000.0000 100.0000 100.0000 100.0000 3000.0000 -1.7270 0.0642 0.0000 0.6556 0.7443 0.1030 0.3084 100.0000 19.7508 0.2477 0.6810 20.6796 
159 100.0000 100.0000 100.0000 100.0000 3000.0000 3000.0000 3000.0000 100.0000 3000.0000 3000.0000 -1.8810 0.2527 0.0000 0.6542 0.7376 0.0481 0.1236 100.0000 20.9878 0.3028 0.8744 22.1650 
160 3000.0000 100.0000 100.0000 100.0000 3000.0000 3000.0000 100.0000 100.0000 100.0000 3000.0000 -1.7120 0.0429 0.0000 0.6519 0.7323 0.1222 0.4915 100.0000 19.8513 0.2515 0.9812 21.0840 
161 2139.0000 3000.0000 100.0000 3000.0000 100.0000 100.0000 3000.0000 100.0000 100.0000 100.0000 -1.2350 0.0375 0.0000 0.6510 0.7265 0.0601 0.1856 100.0000 19.7995 0.2387 0.7007 20.7389 
162 3000.0000 100.0000 100.0000 100.0000 3000.0000 100.0000 3000.0000 3000.0000 3000.0000 3000.0000 -0.7900 0.1760 0.0000 0.6497 0.7306 0.0284 0.0993 100.0000 20.6461 0.4296 1.0917 22.1675 
163 100.0000 3000.0000 3000.0000 3000.0000 100.0000 100.0000 3000.0000 100.0000 3000.0000 3000.0000 -1.5860 0.2478 0.0000 0.6720 0.7488 0.0391 0.0721 100.0000 22.6341 0.4661 1.0617 24.1619 
164 100.0000 100.0000 3000.0000 3000.0000 100.0000 100.0000 100.0000 100.0000 100.0000 3000.0000 -2.0810 0.2151 0.0000 0.6708 0.7424 0.0769 0.1509 100.0000 19.8930 0.1956 0.5709 20.6595 
165 100.0000 100.0000 3000.0000 3000.0000 100.0000 3000.0000 100.0000 100.0000 100.0000 3000.0000 -1.7120 0.1724 0.0000 0.6689 0.7418 0.1012 0.3817 100.0000 19.9361 0.2644 0.7629 20.9634 
166 100.0000 100.0000 3000.0000 3000.0000 100.0000 100.0000 100.0000 3000.0000 100.0000 3000.0000 -1.7020 0.1710 0.0000 0.6669 0.7360 0.0468 0.1060 100.0000 19.8010 0.2460 0.6621 20.7091 
167 3000.0000 100.0000 100.0000 3000.0000 3000.0000 3000.0000 100.0000 3000.0000 100.0000 3000.0000 -1.7870 0.1434 0.0000 0.6656 0.7300 0.1821 0.5517 100.0000 21.1452 0.4216 0.9562 22.5230 
168 100.0000 100.0000 3000.0000 3000.0000 100.0000 100.0000 3000.0000 100.0000 100.0000 3000.0000 -1.7360 0.1726 0.0000 0.6639 0.7247 0.0704 0.2757 100.0000 21.1599 0.2945 0.8178 22.2722 
169 100.0000 3000.0000 3000.0000 100.0000 100.0000 100.0000 3000.0000 100.0000 100.0000 100.0000 -2.2490 0.1699 0.0000 0.6624 0.7194 0.1109 0.2753 100.0000 20.9295 0.1940 0.5671 21.6906 
170 100.0000 3000.0000 3000.0000 100.0000 100.0000 100.0000 3000.0000 1990.0000 100.0000 100.0000 -2.1240 0.0793 0.0000 0.6590 0.7226 0.0796 0.1972 100.0000 20.1052 0.2287 0.8928 21.2266 
171 100.0000 3000.0000 3000.0000 100.0000 1901.0000 100.0000 3000.0000 100.0000 100.0000 100.0000 -1.8850 0.2163 0.0000 0.6594 0.7228 0.0578 0.1795 100.0000 19.9287 0.2274 0.6630 20.8191 
172 100.0000 3000.0000 3000.0000 100.0000 100.0000 1999.0000 3000.0000 100.0000 100.0000 100.0000 -1.6610 0.0767 0.0000 0.6598 0.7205 0.0574 0.1171 100.0000 20.1213 0.2301 0.6279 20.9793 
173 100.0000 100.0000 100.0000 3000.0000 100.0000 3000.0000 3000.0000 3000.0000 3000.0000 100.0000 -1.8200 0.2722 0.0000 0.6597 0.7186 0.1402 0.8830 100.0000 20.6080 0.3066 0.8269 21.7416 
174 100.0000 3000.0000 3000.0000 3000.0000 100.0000 100.0000 3000.0000 3000.0000 100.0000 100.0000 -1.6490 0.1001 0.0000 0.6586 0.7152 0.1095 0.2492 100.0000 20.1610 0.3004 0.8427 21.3041 
175 100.0000 3000.0000 100.0000 100.0000 3000.0000 3000.0000 100.0000 100.0000 100.0000 3000.0000 -1.6200 0.0474 0.0000 0.6569 0.7105 0.1509 0.9453 100.0000 20.2605 0.2912 0.8145 21.3662 
176 100.0000 3000.0000 3000.0000 100.0000 100.0000 3000.0000 3000.0000 3000.0000 100.0000 3000.0000 -1.9290 0.1139 0.0000 0.6564 0.7057 0.0495 0.5566 100.0000 20.3350 0.3526 0.9118 21.5993 
177 100.0000 100.0000 3000.0000 3000.0000 100.0000 100.0000 100.0000 100.0000 3000.0000 3000.0000 -1.5220 0.1783 0.0000 0.6522 0.7019 0.0985 0.2117 100.0000 21.1054 0.2495 0.7727 22.1277 
178 100.0000 100.0000 3000.0000 100.0000 3000.0000 3000.0000 100.0000 3000.0000 100.0000 100.0000 -1.6040 0.2285 0.0000 0.6513 0.6973 0.0578 0.1117 100.0000 20.8528 0.2921 0.7270 21.8719 
179 100.0000 3000.0000 3000.0000 100.0000 100.0000 100.0000 3000.0000 100.0000 100.0000 1890.0000 -1.7560 0.1503 0.0000 0.6516 0.6920 0.1659 0.4047 100.0000 20.8970 0.4321 0.7479 22.0771 
180 100.0000 3000.0000 3000.0000 3000.0000 100.0000 3000.0000 100.0000 100.0000 100.0000 100.0000 -1.7940 0.1545 0.0000 0.6501 0.6892 0.2122 0.9216 100.0000 20.4189 0.2477 0.6933 21.3600 
181 100.0000 3000.0000 100.0000 100.0000 100.0000 100.0000 3000.0000 3000.0000 100.0000 100.0000 -1.3480 0.1715 0.0000 0.6477 0.6845 0.1031 0.1638 100.0000 21.7914 0.1958 0.5688 22.5560 
182 100.0000 100.0000 3000.0000 3000.0000 3000.0000 100.0000 3000.0000 100.0000 100.0000 100.0000 -1.5770 0.1776 0.0000 0.6473 0.6839 0.1732 1.0072 100.0000 19.9291 0.2479 0.6908 20.8679 
183 3000.0000 100.0000 100.0000 3000.0000 100.0000 3000.0000 100.0000 3000.0000 3000.0000 100.0000 -1.9820 0.1419 0.0000 0.6467 0.6789 0.0631 0.2401 100.0000 20.0648 0.3474 0.8288 21.2409 
184 3000.0000 100.0000 3000.0000 3000.0000 100.0000 3000.0000 100.0000 3000.0000 3000.0000 100.0000 -1.7910 0.1929 0.0000 0.6432 0.6765 0.0439 0.0597 100.0000 20.5888 0.3958 1.1796 22.1642 
185 100.0000 100.0000 100.0000 3000.0000 100.0000 3000.0000 100.0000 3000.0000 3000.0000 3000.0000 -1.4870 0.1613 0.0000 0.6417 0.6725 0.1028 0.7616 100.0000 21.3424 0.3570 0.8754 22.5749 
186 3000.0000 3000.0000 100.0000 3000.0000 100.0000 3000.0000 100.0000 3000.0000 100.0000 3000.0000 -1.6220 0.2182 0.0000 0.6394 0.6686 0.2027 0.5468 100.0000 20.1723 0.4245 1.1321 21.7289 
187 3000.0000 100.0000 3000.0000 100.0000 100.0000 3000.0000 3000.0000 3000.0000 100.0000 3000.0000 -2.0180 0.0775 0.0000 0.6388 0.6640 0.0640 0.3550 100.0000 22.4744 0.3644 1.0306 23.8693 
188 3000.0000 100.0000 3000.0000 100.0000 100.0000 3000.0000 3000.0000 100.0000 100.0000 3000.0000 -1.9880 0.0951 0.0000 0.6333 0.6620 0.1379 0.7985 100.0000 20.4043 0.3001 0.7695 21.4739 
189 3000.0000 3000.0000 3000.0000 100.0000 100.0000 3000.0000 3000.0000 3000.0000 100.0000 3000.0000 -1.5340 0.0198 0.0000 0.6305 0.6603 0.0794 0.1624 100.0000 20.6429 0.4056 1.0415 22.0900 
190 100.0000 3000.0000 100.0000 3000.0000 3000.0000 3000.0000 100.0000 3000.0000 3000.0000 100.0000 -1.4200 0.0324 0.0000 0.6307 0.6573 0.0903 0.2563 100.0000 20.5426 0.3523 1.0060 21.9008 
191 3000.0000 100.0000 3000.0000 100.0000 100.0000 3000.0000 3000.0000 3000.0000 3000.0000 100.0000 -1.9630 0.0912 0.0000 0.6327 0.6556 0.0671 0.4046 100.0000 20.1487 0.2961 0.9017 21.3465 
192 3000.0000 100.0000 3000.0000 100.0000 100.0000 3000.0000 3000.0000 100.0000 3000.0000 100.0000 -1.8480 0.1129 0.0000 0.6290 0.6531 0.0446 0.1354 100.0000 19.9167 0.2995 0.8234 21.0396 
193 100.0000 100.0000 3000.0000 100.0000 100.0000 3000.0000 3000.0000 100.0000 100.0000 3000.0000 -1.2170 0.1999 0.0000 0.6281 0.6505 0.0580 0.2160 100.0000 21.2945 0.2493 0.9470 22.4908 
194 3000.0000 100.0000 3000.0000 100.0000 100.0000 3000.0000 3000.0000 3000.0000 100.0000 100.0000 -2.1460 0.1930 0.0000 0.6274 0.6503 0.0757 0.1394 100.0000 21.2173 0.3441 0.7947 22.3561 
195 3000.0000 100.0000 3000.0000 100.0000 100.0000 3000.0000 100.0000 3000.0000 100.0000 100.0000 -1.7520 0.0868 0.0000 0.6254 0.6520 0.0491 0.1126 100.0000 20.2605 0.2478 0.7333 21.2415 
196 3000.0000 100.0000 3000.0000 100.0000 2525.0000 3000.0000 3000.0000 3000.0000 100.0000 100.0000 -1.2720 0.0427 0.0000 0.6243 0.6487 0.0747 0.1697 100.0000 20.5946 0.3428 0.8833 21.8207 
197 3000.0000 100.0000 100.0000 100.0000 100.0000 3000.0000 3000.0000 100.0000 3000.0000 100.0000 -1.5160 0.0895 0.0000 0.6240 0.6497 0.1367 0.8621 100.0000 19.9925 0.2494 0.8098 21.0516 
198 3000.0000 100.0000 3000.0000 3000.0000 100.0000 100.0000 100.0000 100.0000 100.0000 3000.0000 -2.1180 0.1514 0.0000 0.6258 0.6468 0.0789 0.1522 100.0000 20.3606 0.2470 0.8332 21.4408 
199 3000.0000 100.0000 3000.0000 3000.0000 3000.0000 100.0000 100.0000 100.0000 100.0000 3000.0000 -1.4040 0.3772 0.0000 0.6232 0.6482 0.0467 0.1969 100.0000 19.9751 0.2974 0.8391 21.1116 
123 708.0000 3000.0000 100.0000 3000.0000 100.0000 3000.0000 3000.0000 3000.0000 3000.0000 100.0000 -2.7900 0.0478 0.0000 0.7218 0.9213 0.0471 0.0643 100.0000 19.9969 0.4502 1.1515 21.5985 
