0 2280.0000 912.0000 2280.0000 912.0000 2280.0000 912.0000 2280.0000 912.0000 2280.0000 912.0000 -2.2820 0.0501 0.0000 0.2724 0.8129 0.0000 0.0000 0.0000 0.0000 0.0000 0.0000 0.0000 
1 391.0000 1700.0000 391.0000 1700.0000 391.0000 1700.0000 391.0000 1700.0000 391.0000 1700.0000 -1.3090 0.1188 0.0000 0.2724 0.8129 0.0000 0.0000 0.0000 0.0000 0.0000 0.0000 0.0000 
2 2735.0000 2785.0000 2735.0000 2785.0000 2735.0000 2785.0000 2735.0000 2785.0000 2735.0000 2785.0000 -1.0860 0.1368 0.0000 0.2724 0.8129 0.0000 0.0000 0.0000 0.0000 0.0000 0.0000 0.0000 
3 1355.0000 1106.0000 1355.0000 1106.0000 1355.0000 1106.0000 1355.0000 1106.0000 1355.0000 1106.0000 -1.4250 0.1087 0.0000 0.2724 0.8129 0.0000 0.0000 0.0000 0.0000 0.0000 0.0000 0.0000 
4 2851.0000 2274.0000 2851.0000 2274.0000 2851.0000 2274.0000 2851.0000 2274.0000 2851.0000 2274.0000 -1.7630 0.1494 0.0000 0.2724 0.8129 0.0000 0.0000 0.0000 0.0000 0.0000 0.0000 0.0000 
5 1617.0000 734.0000 1617.0000 734.0000 1617.0000 734.0000 1617.0000 734.0000 1617.0000 734.0000 -0.8560 0.0683 0.0000 0.2724 0.8129 0.0000 0.0000 0.0000 0.0000 0.0000 0.0000 0.0000 
6 2399.0000 398.0000 2399.0000 398.0000 2399.0000 398.0000 2399.0000 398.0000 2399.0000 398.0000 -1.9750 0.1225 0.0000 0.2724 0.8129 0.0000 0.0000 0.0000 0.0000 0.0000 0.0000 0.0000 
7 1697.0000 2222.0000 1697.0000 2222.0000 1697.0000 2222.0000 1697.0000 2222.0000 1697.0000 2222.0000 -1.2910 0.1203 0.0000 0.2724 0.8129 0.0000 0.0000 0.0000 0.0000 0.0000 0.0000 0.0000 
8 1965.0000 2345.0000 1965.0000 2345.0000 1965.0000 2345.0000 1965.0000 2345.0000 1965.0000 2345.0000 -1.3780 0.1058 0.0000 0.2724 0.8129 0.0000 0.0000 0.0000 0.0000 0.0000 0.0000 0.0000 
9 1546.0000 2924.0000 1546.0000 2924.0000 1546.0000 2924.0000 1546.0000 2924.0000 1546.0000 2924.0000 -1.7950 0.0868 0.0000 0.2724 0.8129 0.0000 0.0000 0.0000 0.0000 0.0000 0.0000 0.0000 
10 2770.0000 423.0000 2770.0000 423.0000 2770.0000 423.0000 2770.0000 423.0000 2770.0000 423.0000 -2.2480 0.0271 0.0000 0.2724 0.8129 0.0000 0.0000 0.0000 0.0000 0.0000 0.0000 0.0000 
11 1252.0000 2232.0000 1252.0000 2232.0000 1252.0000 2232.0000 1252.0000 2232.0000 1252.0000 2232.0000 -1.7020 0.3106 0.0000 0.2724 0.8129 0.0000 0.0000 0.0000 0.0000 0.0000 0.0000 0.0000 
12 1622.0000 787.0000 1622.0000 787.0000 1622.0000 787.0000 1622.0000 787.0000 1622.0000 787.0000 -0.9280 0.0659 0.0000 0.2724 0.8129 0.0000 0.0000 0.0000 0.0000 0.0000 0.0000 0.0000 
13 2337.0000 406.0000 2337.0000 406.0000 2337.0000 406.0000 2337.0000 406.0000 2337.0000 406.0000 -2.0660 0.1208 0.0000 0.2724 0.8129 0.0000 0.0000 0.0000 0.0000 0.0000 0.0000 0.0000 
14 2154.0000 2290.0000 2154.0000 2290.0000 2154.0000 2290.0000 2154.0000 2290.0000 2154.0000 2290.0000 -1.2870 0.0726 0.0000 0.2724 0.8129 0.0000 0.0000 0.0000 0.0000 0.0000 0.0000 0.0000 
15 2401.0000 1858.0000 2401.0000 1858.0000 2401.0000 1858.0000 2401.0000 1858.0000 2401.0000 1858.0000 -1.4770 0.1244 0.0000 0.2724 0.8129 0.0000 0.0000 0.0000 0.0000 0.0000 0.0000 0.0000 
16 2677.0000 2300.0000 2677.0000 2300.0000 2677.0000 2300.0000 2677.0000 2300.0000 2677.0000 2300.0000 -2.0780 0.1226 0.0000 0.2724 0.8129 0.0000 0.0000 0.0000 0.0000 0.0000 0.0000 0.0000 
17 1322.0000 1136.0000 1322.0000 1136.0000 1322.0000 1136.0000 1322.0000 1136.0000 1322.0000 1136.0000 -1.2710 0.1119 0.0000 0.2724 0.8129 0.0000 0.0000 0.0000 0.0000 0.0000 0.0000 0.0000 
18 1795.0000 644.0000 1795.0000 644.0000 1795.0000 644.0000 1795.0000 644.0000 1795.0000 644.0000 -1.0380 0.0561 0.0000 0.2724 0.8129 0.0000 0.0000 0.0000 0.0000 0.0000 0.0000 0.0000 
19 240.0000 1167.0000 240.0000 1167.0000 240.0000 1167.0000 240.0000 1167.0000 240.0000 1167.0000 -1.6650 0.3568 0.0000 0.2724 0.8129 0.0000 0.0000 0.0000 0.0000 0.0000 0.0000 0.0000 
20 399.0000 2371.0000 399.0000 2371.0000 399.0000 2371.0000 399.0000 2371.0000 399.0000 2371.0000 -1.8830 0.1810 0.0000 0.2724 0.8129 0.0000 0.0000 0.0000 0.0000 0.0000 0.0000 0.0000 
21 592.0000 1663.0000 592.0000 1663.0000 592.0000 1663.0000 592.0000 1663.0000 592.0000 1663.0000 -0.6430 0.1142 0.0000 0.2724 0.8129 0.0000 0.0000 0.0000 0.0000 0.0000 0.0000 0.0000 
22 118.0000 179.0000 118.0000 179.0000 118.0000 179.0000 118.0000 179.0000 118.0000 179.0000 -1.4050 0.1868 0.0000 0.2724 0.8129 0.0000 0.0000 0.0000 0.0000 0.0000 0.0000 0.0000 
23 647.0000 1383.0000 647.0000 1383.0000 647.0000 1383.0000 647.0000 1383.0000 647.0000 1383.0000 -0.9010 0.1154 0.0000 0.2724 0.8129 0.0000 0.0000 0.0000 0.0000 0.0000 0.0000 0.0000 
24 2811.0000 338.0000 2811.0000 338.0000 2811.0000 338.0000 2811.0000 338.0000 2811.0000 338.0000 -2.1260 0.0161 0.0000 0.2724 0.8129 0.0000 0.0000 0.0000 0.0000 0.0000 0.0000 0.0000 
25 2377.0000 1238.0000 2377.0000 1238.0000 2377.0000 1238.0000 2377.0000 1238.0000 2377.0000 1238.0000 -1.5720 0.1033 0.0000 0.2724 0.8129 0.0000 0.0000 0.0000 0.0000 0.0000 0.0000 0.0000 
26 918.0000 2100.0000 918.0000 2100.0000 918.0000 2100.0000 918.0000 2100.0000 918.0000 2100.0000 -1.2710 0.1550 0.0000 0.2724 0.8129 0.0000 0.0000 0.0000 0.0000 0.0000 0.0000 0.0000 
27 1995.0000 2696.0000 1995.0000 2696.0000 1995.0000 2696.0000 1995.0000 2696.0000 1995.0000 2696.0000 -1.5790 0.1708 0.0000 0.2724 0.8129 0.0000 0.0000 0.0000 0.0000 0.0000 0.0000 0.0000 
28 2185.0000 1823.0000 2185.0000 1823.0000 2185.0000 1823.0000 2185.0000 1823.0000 2185.0000 1823.0000 -1.5330 0.1943 0.0000 0.2724 0.8129 0.0000 0.0000 0.0000 0.0000 0.0000 0.0000 0.0000 
29 2950.0000 137.0000 2950.0000 137.0000 2950.0000 137.0000 2950.0000 137.0000 2950.0000 137.0000 -2.0180 0.0425 0.0000 0.2724 0.8129 0.0000 0.0000 0.0000 0.0000 0.0000 0.0000 0.0000 
30 1523.0000 161.0000 1523.0000 161.0000 1523.0000 161.0000 1523.0000 161.0000 1523.0000 161.0000 -1.1810 0.2611 0.0000 0.2724 0.8129 0.0000 0.0000 0.0000 0.0000 0.0000 0.0000 0.0000 
31 1871.0000 2487.0000 1871.0000 2487.0000 1871.0000 2487.0000 1871.0000 2487.0000 1871.0000 2487.0000 -1.5920 0.0992 0.0000 0.2724 0.8129 0.0000 0.0000 0.0000 0.0000 0.0000 0.0000 0.0000 
32 2729.0000 1639.0000 2729.0000 1639.0000 2729.0000 1639.0000 2729.0000 1639.0000 2729.0000 1639.0000 -1.3510 0.1139 0.0000 0.2724 0.8129 0.0000 0.0000 0.0000 0.0000 0.0000 0.0000 0.0000 
33 601.0000 2666.0000 601.0000 2666.0000 601.0000 2666.0000 601.0000 2666.0000 601.0000 2666.0000 -1.8760 0.1215 0.0000 0.2724 0.8129 0.0000 0.0000 0.0000 0.0000 0.0000 0.0000 0.0000 
34 1779.0000 2031.0000 1779.0000 2031.0000 1779.0000 2031.0000 1779.0000 2031.0000 1779.0000 2031.0000 -1.4660 0.0614 0.0000 0.2724 0.8129 0.0000 0.0000 0.0000 0.0000 0.0000 0.0000 0.0000 
35 774.0000 477.0000 774.0000 477.0000 774.0000 477.0000 774.0000 477.0000 774.0000 477.0000 -1.7540 0.2844 0.0000 0.2724 0.8129 0.0000 0.0000 0.0000 0.0000 0.0000 0.0000 0.0000 
36 716.0000 185.0000 716.0000 185.0000 716.0000 185.0000 716.0000 185.0000 716.0000 185.0000 -1.2610 0.0145 0.0000 0.2724 0.8129 0.0000 0.0000 0.0000 0.0000 0.0000 0.0000 0.0000 
37 1358.0000 512.0000 1358.0000 512.0000 1358.0000 512.0000 1358.0000 512.0000 1358.0000 512.0000 -1.3450 0.2064 0.0000 0.2724 0.8129 0.0000 0.0000 0.0000 0.0000 0.0000 0.0000 0.0000 
38 1702.0000 2333.0000 1702.0000 2333.0000 1702.0000 2333.0000 1702.0000 2333.0000 1702.0000 2333.0000 -1.1480 0.1677 0.0000 0.2724 0.8129 0.0000 0.0000 0.0000 0.0000 0.0000 0.0000 0.0000 
39 2130.0000 2840.0000 2130.0000 2840.0000 2130.0000 2840.0000 2130.0000 2840.0000 2130.0000 2840.0000 -1.2970 0.1509 0.0000 0.2724 0.8129 0.0000 0.0000 0.0000 0.0000 0.0000 0.0000 0.0000 
40 2212.0000 2880.0000 2212.0000 2880.0000 2212.0000 2880.0000 2212.0000 2880.0000 2212.0000 2880.0000 -1.4800 0.1878 0.0000 0.2724 0.8129 0.0000 0.0000 0.0000 0.0000 0.0000 0.0000 0.0000 
41 937.0000 2593.0000 937.0000 2593.0000 937.0000 2593.0000 937.0000 2593.0000 937.0000 2593.0000 -1.1970 0.1451 0.0000 0.2724 0.8129 0.0000 0.0000 0.0000 0.0000 0.0000 0.0000 0.0000 
42 205.0000 712.0000 205.0000 712.0000 205.0000 712.0000 205.0000 712.0000 205.0000 712.0000 -1.6500 0.0073 0.0000 0.2724 0.8129 0.0000 0.0000 0.0000 0.0000 0.0000 0.0000 0.0000 
43 2825.0000 2698.0000 2825.0000 2698.0000 2825.0000 2698.0000 2825.0000 2698.0000 2825.0000 2698.0000 -1.2170 0.1109 0.0000 0.2724 0.8129 0.0000 0.0000 0.0000 0.0000 0.0000 0.0000 0.0000 
44 873.0000 2788.0000 873.0000 2788.0000 873.0000 2788.0000 873.0000 2788.0000 873.0000 2788.0000 -1.3410 0.1118 0.0000 0.2724 0.8129 0.0000 0.0000 0.0000 0.0000 0.0000 0.0000 0.0000 
45 2199.0000 2627.0000 2199.0000 2627.0000 2199.0000 2627.0000 2199.0000 2627.0000 2199.0000 2627.0000 -1.2070 0.1234 0.0000 0.2724 0.8129 0.0000 0.0000 0.0000 0.0000 0.0000 0.0000 0.0000 
46 651.0000 286.0000 651.0000 286.0000 651.0000 286.0000 651.0000 286.0000 651.0000 286.0000 -1.6070 0.0296 0.0000 0.2724 0.8129 0.0000 0.0000 0.0000 0.0000 0.0000 0.0000 0.0000 
47 2365.0000 1675.0000 2365.0000 1675.0000 2365.0000 1675.0000 2365.0000 1675.0000 2365.0000 1675.0000 -1.4000 0.1015 0.0000 0.2724 0.8129 0.0000 0.0000 0.0000 0.0000 0.0000 0.0000 0.0000 
48 1895.0000 2860.0000 1895.0000 2860.0000 1895.0000 2860.0000 1895.0000 2860.0000 1895.0000 2860.0000 -1.6790 0.1505 0.0000 0.2724 0.8129 0.0000 0.0000 0.0000 0.0000 0.0000 0.0000 0.0000 
49 492.0000 367.0000 492.0000 367.0000 492.0000 367.0000 492.0000 367.0000 492.0000 367.0000 -1.6600 0.0351 0.0000 0.2724 0.8129 0.0000 0.0000 0.0000 0.0000 0.0000 0.0000 0.0000 
50 2986.0000 844.0000 2986.0000 844.0000 2986.0000 844.0000 2986.0000 844.0000 2986.0000 844.0000 -1.6430 0.0475 0.0000 0.2724 0.8129 0.0000 0.0000 0.0000 0.0000 0.0000 0.0000 0.0000 
51 225.0000 1942.0000 225.0000 1942.0000 225.0000 1942.0000 225.0000 1942.0000 225.0000 1942.0000 -1.2810 0.1319 0.0000 0.2724 0.8129 0.0000 0.0000 0.0000 0.0000 0.0000 0.0000 0.0000 
52 464.0000 967.0000 464.0000 967.0000 464.0000 967.0000 464.0000 967.0000 464.0000 967.0000 -1.6180 0.3252 0.0000 0.2724 0.8129 0.0000 0.0000 0.0000 0.0000 0.0000 0.0000 0.0000 
53 2738.0000 635.0000 2738.0000 635.0000 2738.0000 635.0000 2738.0000 635.0000 2738.0000 635.0000 -2.0470 0.1210 0.0000 0.2724 0.8129 0.0000 0.0000 0.0000 0.0000 0.0000 0.0000 0.0000 
54 552.0000 2338.0000 552.0000 2338.0000 552.0000 2338.0000 552.0000 2338.0000 552.0000 2338.0000 -1.7500 0.1987 0.0000 0.2724 0.8129 0.0000 0.0000 0.0000 0.0000 0.0000 0.0000 0.0000 
55 2198.0000 2266.0000 2198.0000 2266.0000 2198.0000 2266.0000 2198.0000 2266.0000 2198.0000 2266.0000 -1.2920 0.0650 0.0000 0.2724 0.8129 0.0000 0.0000 0.0000 0.0000 0.0000 0.0000 0.0000 
56 685.0000 2436.0000 685.0000 2436.0000 685.0000 2436.0000 685.0000 2436.0000 685.0000 2436.0000 -1.7230 0.0681 0.0000 0.2724 0.8129 0.0000 0.0000 0.0000 0.0000 0.0000 0.0000 0.0000 
57 2471.0000 540.0000 2471.0000 540.0000 2471.0000 540.0000 2471.0000 540.0000 2471.0000 540.0000 -2.0180 0.0439 0.0000 0.2724 0.8129 0.0000 0.0000 0.0000 0.0000 0.0000 0.0000 0.0000 
58 412.0000 2441.0000 412.0000 2441.0000 412.0000 2441.0000 412.0000 2441.0000 412.0000 2441.0000 -1.9020 0.2152 0.0000 0.2724 0.8129 0.0000 0.0000 0.0000 0.0000 0.0000 0.0000 0.0000 
59 1046.0000 1395.0000 1046.0000 1395.0000 1046.0000 1395.0000 1046.0000 1395.0000 1046.0000 1395.0000 -1.1980 0.1006 0.0000 0.2724 0.8129 0.0000 0.0000 0.0000 0.0000 0.0000 0.0000 0.0000 
60 2332.0000 848.0000 2332.0000 848.0000 2332.0000 848.0000 2332.0000 848.0000 2332.0000 848.0000 -2.2410 0.0359 0.0000 0.2724 0.8129 0.0007 0.0085 51.0000 9.7695 0.3173 0.7489 10.8357 
61 2343.0000 839.0000 2343.0000 839.0000 2343.0000 839.0000 2343.0000 839.0000 2343.0000 839.0000 -2.2990 0.0350 0.0000 0.2771 0.7775 0.0001 0.0098 60.0000 11.5389 0.3166 0.7740 12.6295 
62 2349.0000 835.0000 2357.0000 821.0000 2374.0000 823.0000 2361.0000 833.0000 2354.0000 817.0000 -2.2140 0.0383 0.0000 0.2806 0.7440 0.0000 0.0097 68.0000 13.2209 0.3783 0.8794 14.4786 
63 2391.0000 791.0000 2350.0000 863.0000 2262.0000 853.0000 2329.0000 801.0000 2365.0000 884.0000 -2.2370 0.0478 0.0000 0.2833 0.7192 0.0002 0.0094 63.0000 11.8491 0.3599 0.8587 13.0678 
64 2354.0000 805.0000 2269.0000 889.0000 2320.0000 801.0000 2359.0000 894.0000 2401.0000 798.0000 -2.2460 0.0402 0.0000 0.2874 0.6976 0.0005 0.0394 100.0000 19.0628 0.3144 0.7707 20.1479 
65 2785.0000 312.0000 2621.0000 507.0000 2602.0000 371.0000 2727.0000 450.0000 2825.0000 399.0000 -2.2080 0.0153 0.0000 0.2918 0.6796 0.0000 0.0111 100.0000 18.5819 0.3125 0.7575 19.6519 
66 2391.0000 781.0000 2380.0000 825.0000 2339.0000 818.0000 2253.0000 915.0000 2389.0000 822.0000 -2.1620 0.0414 0.0000 0.2979 0.6698 0.0002 0.0165 100.0000 19.6181 0.3111 0.7246 20.6539 
67 2700.0000 417.0000 2585.0000 499.0000 2641.0000 401.0000 2892.0000 296.0000 2735.0000 416.0000 -2.1930 0.0193 0.0000 0.3010 0.6602 0.0001 0.0099 99.0000 18.3196 0.3663 0.8150 19.5009 
68 2335.0000 850.0000 2281.0000 879.0000 2321.0000 831.0000 2469.0000 754.0000 2354.0000 838.0000 -2.3690 0.0460 0.0000 0.3065 0.6526 0.0004 0.0098 57.0000 10.8641 0.3152 0.7712 11.9505 
69 2338.0000 851.0000 2253.0000 893.0000 2321.0000 817.0000 2570.0000 681.0000 2369.0000 828.0000 -2.4180 0.0583 0.0000 0.3122 0.6443 0.0005 0.0099 56.0000 10.7843 0.3111 0.8781 11.9734 
70 2344.0000 848.0000 2232.0000 905.0000 2319.0000 806.0000 2640.0000 632.0000 2384.0000 820.0000 -2.4250 0.0683 0.0000 0.3194 0.6406 0.0006 0.0096 52.0000 9.9684 0.3962 0.7573 11.1219 
71 2347.0000 846.0000 2226.0000 909.0000 2318.0000 802.0000 2660.0000 618.0000 2390.0000 817.0000 -2.3740 0.0676 0.0000 0.3262 0.6353 0.0004 0.0093 56.0000 10.7163 0.3591 0.7711 11.8464 
72 2340.0000 831.0000 2240.0000 881.0000 2306.0000 768.0000 2691.0000 656.0000 2367.0000 855.0000 -2.4040 0.0756 0.0000 0.3310 0.6271 0.0002 0.0166 100.0000 19.1797 0.3151 0.7447 20.2396 
73 2308.0000 852.0000 2228.0000 884.0000 2314.0000 788.0000 2659.0000 609.0000 2449.0000 847.0000 -2.3940 0.0545 0.0000 0.3367 0.6212 0.0001 0.0100 91.0000 17.1451 0.3171 0.7645 18.2267 
74 2385.0000 855.0000 2247.0000 945.0000 2305.0000 763.0000 2675.0000 613.0000 2360.0000 793.0000 -2.4470 0.0769 0.0000 0.3421 0.6164 0.0001 0.0125 100.0000 20.2196 0.3155 0.7671 21.3023 
75 2416.0000 860.0000 2249.0000 982.0000 2294.0000 736.0000 2700.0000 587.0000 2352.0000 765.0000 -2.3910 0.0846 0.0000 0.3485 0.6131 0.0002 0.0090 71.0000 15.6644 0.4189 0.8998 16.9831 
76 2416.0000 785.0000 2197.0000 917.0000 2315.0000 849.0000 2739.0000 608.0000 2353.0000 765.0000 -2.2870 0.1193 0.0000 0.3542 0.6104 0.0001 0.0100 78.0000 15.0932 0.3153 0.7998 16.2084 
77 2321.0000 926.0000 2288.0000 947.0000 2307.0000 658.0000 2645.0000 590.0000 2410.0000 851.0000 -2.5430 0.0349 0.0000 0.3572 0.6078 0.0005 0.0097 56.0000 11.1078 0.3121 0.8419 12.2618 
78 2290.0000 988.0000 2320.0000 977.0000 2304.0000 528.0000 2673.0000 527.0000 2453.0000 881.0000 -2.4750 0.0293 0.0000 0.3646 0.6098 0.0005 0.0091 54.0000 10.5054 0.3140 0.7632 11.5826 
79 2341.0000 1058.0000 2298.0000 904.0000 2237.0000 541.0000 2698.0000 537.0000 2485.0000 845.0000 -2.5250 0.0505 0.0000 0.3728 0.6118 0.0002 0.0135 100.0000 19.6462 0.3608 0.7682 20.7752 
80 2374.0000 1046.0000 2247.0000 912.0000 2274.0000 511.0000 2691.0000 507.0000 2496.0000 885.0000 -2.5790 0.0237 0.0000 0.3812 0.6146 0.0002 0.0098 80.0000 14.9907 0.3153 0.7280 16.0340 
81 2413.0000 1062.0000 2197.0000 905.0000 2284.0000 455.0000 2714.0000 459.0000 2532.0000 913.0000 -2.6660 0.0126 0.0000 0.3895 0.6178 0.0003 0.0094 52.0000 9.9358 0.3161 0.7959 11.0479 
82 2470.0000 1090.0000 2121.0000 898.0000 2296.0000 360.0000 2759.0000 377.0000 2592.0000 955.0000 -2.4650 0.0234 0.0000 0.4013 0.6273 0.0004 0.0099 57.0000 11.0592 0.3183 0.7829 12.1604 
83 2350.0000 1182.0000 2276.0000 928.0000 2175.0000 495.0000 2745.0000 346.0000 2680.0000 752.0000 -2.5210 0.0353 0.0000 0.4050 0.6194 0.0005 0.0260 100.0000 19.2012 0.4451 0.7497 20.3960 
84 2365.0000 1081.0000 2303.0000 840.0000 2118.0000 331.0000 2922.0000 529.0000 2535.0000 904.0000 -2.4810 0.1102 0.0000 0.4140 0.6201 0.0001 0.0096 99.0000 18.8391 0.3770 0.7518 19.9680 
85 2325.0000 1256.0000 2197.0000 890.0000 2443.0000 413.0000 2785.0000 410.0000 2451.0000 779.0000 -2.3950 0.0648 0.0000 0.4209 0.6184 0.0002 0.0098 76.0000 14.8033 0.3140 0.7828 15.9001 
86 2433.0000 957.0000 2331.0000 1009.0000 2126.0000 467.0000 2684.0000 294.0000 2631.0000 1017.0000 -2.4540 0.0515 0.0000 0.4247 0.6153 0.0002 0.0096 59.0000 11.4619 0.3156 0.8122 12.5896 
87 2349.0000 975.0000 2120.0000 1018.0000 2213.0000 380.0000 2738.0000 584.0000 2765.0000 809.0000 -2.2660 0.0115 0.0000 0.4302 0.6136 0.0004 0.0097 50.0000 9.7216 0.3615 0.7641 10.8473 
88 2500.0000 1161.0000 2340.0000 749.0000 2172.0000 563.0000 2736.0000 325.0000 2414.0000 982.0000 -2.5230 0.0331 0.0000 0.4297 0.6119 0.0005 0.0095 63.0000 11.9129 0.3271 0.8504 13.0904 
89 2254.0000 1078.0000 2355.0000 749.0000 2278.0000 554.0000 2839.0000 250.0000 2496.0000 1071.0000 -2.4200 0.0182 0.0000 0.4370 0.6133 0.0003 0.0096 56.0000 11.7485 0.3141 0.8607 12.9234 
90 2627.0000 1146.0000 2376.0000 963.0000 2150.0000 417.0000 2728.0000 345.0000 2334.0000 843.0000 -2.7280 0.0553 0.0000 0.4415 0.6125 0.0004 0.0099 64.0000 15.0265 0.3769 0.9646 16.3680 
91 2714.0000 1176.0000 2419.0000 1007.0000 2114.0000 354.0000 2762.0000 280.0000 2278.0000 813.0000 -2.4970 0.0625 0.0000 0.4525 0.6260 0.0004 0.0088 53.0000 10.3982 0.3167 0.8244 11.5393 
92 2785.0000 1246.0000 2255.0000 797.0000 2053.0000 494.0000 2693.0000 391.0000 2439.0000 802.0000 -2.6320 0.0718 0.0000 0.4558 0.6205 0.0003 0.0098 56.0000 11.1474 0.3150 0.7795 12.2419 
93 2779.0000 1231.0000 2238.0000 849.0000 1992.0000 547.0000 2909.0000 192.0000 2429.0000 738.0000 -2.2620 0.0756 0.0000 0.4643 0.6258 0.0002 0.0099 61.0000 11.7599 0.3115 0.7351 12.8066 
94 2655.0000 1202.0000 2401.0000 866.0000 2201.0000 310.0000 2549.0000 479.0000 2364.0000 962.0000 -2.6230 0.0481 0.0000 0.4582 0.6195 0.0005 0.0092 56.0000 10.7590 0.3124 0.7935 11.8649 
95 2589.0000 1284.0000 2521.0000 877.0000 2146.0000 317.0000 2520.0000 425.0000 2435.0000 866.0000 -2.5760 0.0821 0.0000 0.4654 0.6237 0.0001 0.0055 92.0000 17.9151 0.3115 0.7894 19.0161 
96 2713.0000 1106.0000 2318.0000 870.0000 2246.0000 282.0000 2645.0000 490.0000 2265.0000 1053.0000 -2.5740 0.0385 0.0000 0.4717 0.6263 0.0003 0.0096 60.0000 11.7043 0.3168 0.8795 12.9006 
97 2700.0000 1200.0000 2323.0000 973.0000 2323.0000 402.0000 2451.0000 294.0000 2386.0000 939.0000 -2.4390 0.0365 0.0000 0.4779 0.6287 0.0004 0.0100 67.0000 12.8386 0.3160 0.7682 13.9228 
98 2605.0000 1190.0000 2507.0000 797.0000 2050.0000 276.0000 2745.0000 606.0000 2295.0000 917.0000 -2.6390 0.1375 0.0000 0.4819 0.6297 0.0004 0.0096 55.0000 10.7530 0.3162 0.9838 12.0531 
99 2695.0000 1221.0000 2536.0000 687.0000 2041.0000 100.0000 2736.0000 501.0000 2395.0000 1000.0000 -2.6070 0.1060 0.0000 0.4891 0.6355 0.0003 0.0090 63.0000 12.0453 0.3691 0.8681 13.2826 
100 2527.0000 1159.0000 2617.0000 946.0000 2110.0000 155.0000 2786.0000 498.0000 2225.0000 964.0000 -2.3400 0.1468 0.0000 0.4973 0.6413 0.0002 0.0095 65.0000 12.5996 0.4506 0.8163 13.8665 
101 2712.0000 1245.0000 2317.0000 627.0000 2089.0000 338.0000 2636.0000 601.0000 2465.0000 938.0000 -2.5840 0.0871 0.0000 0.4948 0.6390 0.0005 0.0094 61.0000 11.4364 0.3152 0.9003 12.6520 
102 2796.0000 1097.0000 2410.0000 725.0000 1940.0000 317.0000 2595.0000 512.0000 2529.0000 1036.0000 -2.6790 0.0463 0.0000 0.5005 0.6423 0.0003 0.0096 77.0000 15.0425 0.3124 0.8097 16.1646 
103 2896.0000 1201.0000 2393.0000 634.0000 1954.0000 145.0000 2574.0000 455.0000 2597.0000 1054.0000 -2.3960 0.0336 0.0000 0.5073 0.6486 0.0002 0.0089 60.0000 11.3529 0.4256 0.9348 12.7133 
104 2655.0000 1128.0000 2403.0000 802.0000 1991.0000 484.0000 2651.0000 598.0000 2401.0000 945.0000 -2.7210 0.0986 0.0000 0.5069 0.6452 0.0005 0.0082 59.0000 11.3520 0.3186 0.7750 12.4456 
105 2656.0000 1131.0000 2405.0000 802.0000 1985.0000 487.0000 2652.0000 601.0000 2400.0000 948.0000 -2.5550 0.1005 0.0000 0.5099 0.6491 0.0007 0.0090 66.0000 13.0378 0.3183 0.8110 14.1672 
106 2731.0000 1061.0000 2295.0000 703.0000 2099.0000 416.0000 2752.0000 613.0000 2310.0000 1024.0000 -2.5480 0.1022 0.0000 0.5163 0.6534 0.0005 0.0096 65.0000 12.5305 0.3185 0.8446 13.6936 
107 2594.0000 1252.0000 2531.0000 700.0000 1992.0000 470.0000 2620.0000 549.0000 2480.0000 816.0000 -2.5280 0.1031 0.0000 0.5213 0.6577 0.0005 0.0099 70.0000 13.5133 0.3119 0.8717 14.6969 
108 2772.0000 1157.0000 2311.0000 932.0000 2018.0000 299.0000 2636.0000 673.0000 2409.0000 807.0000 -2.7320 0.1150 0.0000 0.5262 0.6617 0.0006 0.0094 53.0000 12.0551 0.3706 0.9099 13.3356 
109 2793.0000 1167.0000 2308.0000 937.0000 2008.0000 282.0000 2640.0000 690.0000 2404.0000 794.0000 -2.7390 0.1209 0.0000 0.5309 0.6671 0.0005 0.0094 67.0000 14.6457 0.4050 0.9866 16.0372 
110 2821.0000 1180.0000 2305.0000 943.0000 1994.0000 258.0000 2645.0000 712.0000 2398.0000 777.0000 -2.7950 0.1307 0.0000 0.5350 0.6734 0.0004 0.0088 67.0000 12.5469 0.2636 0.8101 13.6207 
111 2958.0000 1226.0000 2294.0000 974.0000 1927.0000 138.0000 2670.0000 807.0000 2374.0000 693.0000 -2.5710 0.1587 0.0000 0.5396 0.6812 0.0004 0.0094 57.0000 10.8532 0.3440 0.9199 12.1171 
112 2760.0000 1301.0000 2227.0000 1047.0000 1872.0000 271.0000 2642.0000 696.0000 2410.0000 948.0000 -2.6140 0.0994 0.0000 0.5431 0.6811 0.0005 0.0094 68.0000 13.8041 0.3115 0.7653 14.8809 
113 2912.0000 956.0000 2418.0000 1045.0000 1873.0000 261.0000 2617.0000 662.0000 2444.0000 801.0000 -2.7080 0.1170 0.0000 0.5489 0.6852 0.0003 0.0089 66.0000 12.4765 0.3096 0.7656 13.5517 
114 2878.0000 1104.0000 2516.0000 1053.0000 1797.0000 227.0000 2568.0000 667.0000 2537.0000 654.0000 -2.5780 0.1321 0.0000 0.5556 0.6914 0.0003 0.0100 77.0000 14.6969 0.3360 0.8315 15.8645 
115 3000.0000 910.0000 2239.0000 1002.0000 1954.0000 171.0000 2744.0000 728.0000 2343.0000 911.0000 -2.5660 0.1347 0.0000 0.5601 0.6947 0.0004 0.0099 75.0000 14.1069 0.2961 0.7634 15.1664 
116 2968.0000 1153.0000 2444.0000 761.0000 1617.0000 144.0000 2922.0000 924.0000 2403.0000 702.0000 -1.8270 0.1662 0.0000 0.5643 0.6978 0.0001 0.0100 67.0000 14.3435 0.3161 0.7448 15.4045 
117 2834.0000 1096.0000 2297.0000 1055.0000 2082.0000 283.0000 2484.0000 608.0000 2443.0000 828.0000 -2.8120 0.0560 0.0000 0.5326 0.7101 0.0010 0.0085 62.0000 13.1191 0.3156 0.7494 14.1841 
118 2862.0000 1095.0000 2287.0000 1083.0000 2091.0000 266.0000 2455.0000 607.0000 2449.0000 822.0000 -2.6160 0.0426 0.0000 0.5373 0.7177 0.0009 0.0095 76.0000 14.4147 0.3145 0.8527 15.5819 
119 2934.0000 1135.0000 2281.0000 1173.0000 2134.0000 100.0000 2441.0000 581.0000 2463.0000 790.0000 -2.5200 0.0321 0.0000 0.5419 0.7198 0.0003 0.0093 88.0000 16.3662 0.3176 0.7951 17.4790 
120 2757.0000 1047.0000 2290.0000 1023.0000 1958.0000 376.0000 2482.0000 567.0000 2386.0000 887.0000 -2.6840 0.0327 0.0000 0.5431 0.7206 0.0009 0.0092 88.0000 16.4132 0.3347 1.0155 17.7635 
121 2837.0000 1116.0000 2368.0000 1054.0000 2088.0000 415.0000 2586.0000 635.0000 2488.0000 912.0000 -2.5870 0.1162 0.0000 0.5479 0.7261 0.0010 0.0092 97.0000 18.3618 0.2777 0.6785 19.3180 
122 2709.0000 1080.0000 2232.0000 922.0000 2023.0000 252.0000 2497.0000 571.0000 2366.0000 767.0000 -2.5140 0.0748 0.0000 0.5528 0.7318 0.0010 0.0095 89.0000 16.7278 0.3063 0.7923 17.8264 
123 3000.0000 1056.0000 2440.0000 1188.0000 1880.0000 341.0000 2429.0000 470.0000 2364.0000 1070.0000 -2.4910 0.0370 0.0000 0.5588 0.7374 0.0004 0.0100 81.0000 15.2119 0.3211 0.8078 16.3408 
124 2938.0000 1258.0000 2294.0000 958.0000 2206.0000 389.0000 2521.0000 684.0000 2308.0000 735.0000 -2.6080 0.1423 0.0000 0.5617 0.7402 0.0136 0.0749 100.0000 21.9333 0.3739 0.7869 23.0941 
125 3000.0000 3000.0000 100.0000 3000.0000 3000.0000 100.0000 3000.0000 100.0000 3000.0000 100.0000 -1.5430 0.0649 0.0000 0.5664 0.7457 0.0082 0.1023 100.0000 19.3470 0.4246 0.9036 20.6751 
126 3000.0000 3000.0000 3000.0000 100.0000 100.0000 100.0000 100.0000 100.0000 3000.0000 3000.0000 -2.0280 0.3037 0.0000 0.5647 0.7399 0.0181 0.6965 100.0000 20.5452 0.3039 0.7332 21.5822 
127 3000.0000 100.0000 3000.0000 3000.0000 100.0000 100.0000 3000.0000 100.0000 3000.0000 3000.0000 -1.8000 0.0460 0.0000 0.5530 0.7087 0.0079 0.1228 100.0000 18.8580 0.3499 0.8498 20.0577 
128 3000.0000 3000.0000 3000.0000 100.0000 3000.0000 100.0000 3000.0000 100.0000 100.0000 3000.0000 -1.3830 0.3017 0.0000 0.5450 0.6865 0.0153 0.5181 100.0000 19.0235 0.3518 1.0154 20.3907 
129 3000.0000 3000.0000 3000.0000 3000.0000 100.0000 100.0000 100.0000 100.0000 3000.0000 100.0000 -1.6530 0.3707 0.0000 0.5518 0.7016 0.0180 0.1669 100.0000 19.0609 0.2780 0.7011 20.0400 
130 100.0000 3000.0000 100.0000 100.0000 100.0000 3000.0000 3000.0000 100.0000 3000.0000 3000.0000 -1.6460 0.1446 0.0000 0.5475 0.6880 0.0196 0.6110 100.0000 18.7634 0.2962 0.7501 19.8097 
131 3000.0000 100.0000 100.0000 3000.0000 3000.0000 100.0000 3000.0000 3000.0000 100.0000 3000.0000 -1.5670 0.0865 0.0000 0.5442 0.6758 0.0272 0.7399 100.0000 19.2549 0.3594 0.9001 20.5143 
132 3000.0000 100.0000 3000.0000 100.0000 100.0000 3000.0000 100.0000 100.0000 3000.0000 3000.0000 -1.5810 0.1941 0.0000 0.5438 0.6702 0.0379 0.7506 100.0000 18.8540 0.3012 0.7537 19.9089 
133 100.0000 3000.0000 3000.0000 100.0000 3000.0000 100.0000 100.0000 3000.0000 3000.0000 3000.0000 -1.3100 0.2637 0.0000 0.5429 0.6635 0.0165 0.2266 100.0000 19.8752 0.3629 1.1147 21.3528 
134 2787.0000 1051.0000 2414.0000 980.0000 2172.0000 261.0000 2616.0000 655.0000 2542.0000 859.0000 -2.4610 0.1248 0.0000 0.5534 0.6817 0.0499 0.0896 100.0000 21.0955 0.3213 0.8014 22.2182 
135 3000.0000 100.0000 3000.0000 3000.0000 100.0000 3000.0000 3000.0000 100.0000 100.0000 100.0000 -1.7450 0.0951 0.0000 0.5573 0.6881 0.0117 0.1247 100.0000 20.3509 0.2995 0.7375 21.3880 
136 3000.0000 3000.0000 100.0000 100.0000 3000.0000 3000.0000 100.0000 3000.0000 100.0000 100.0000 -1.2650 0.0607 0.0000 0.5519 0.6723 0.0188 0.1767 100.0000 19.1888 0.3588 0.8736 20.4211 
137 100.0000 100.0000 3000.0000 3000.0000 3000.0000 3000.0000 3000.0000 100.0000 100.0000 100.0000 -1.7210 0.2451 0.0000 0.5649 0.6938 0.0459 1.3088 100.0000 19.6136 0.3135 0.8484 20.7755 
138 100.0000 3000.0000 3000.0000 3000.0000 100.0000 100.0000 3000.0000 3000.0000 3000.0000 100.0000 -1.8230 0.1841 0.0000 0.5603 0.6790 0.0318 0.8492 100.0000 18.9919 0.4855 0.9598 20.4371 
139 3000.0000 100.0000 100.0000 3000.0000 100.0000 100.0000 100.0000 3000.0000 3000.0000 3000.0000 -1.3470 0.2766 0.0000 0.5538 0.6625 0.0209 0.1822 100.0000 19.3324 0.3102 0.7462 20.3888 
140 100.0000 3000.0000 3000.0000 3000.0000 100.0000 100.0000 3000.0000 100.0000 100.0000 3000.0000 -1.8230 0.1098 0.0000 0.5615 0.6719 0.0215 0.2925 100.0000 19.1680 0.3659 0.9203 20.4542 
141 100.0000 3000.0000 3000.0000 100.0000 100.0000 3000.0000 3000.0000 3000.0000 100.0000 100.0000 -1.7920 0.1078 0.0000 0.5553 0.6563 0.0186 0.1003 100.0000 19.9098 0.3015 0.7969 21.0083 
142 2742.0000 1409.0000 2232.0000 1043.0000 1949.0000 376.0000 2432.0000 567.0000 2477.0000 822.0000 -2.7060 0.0584 0.0000 0.5501 0.6425 0.0128 0.0709 100.0000 20.0261 0.3220 0.7878 21.1359 
143 2914.0000 1248.0000 2030.0000 967.0000 2001.0000 410.0000 2459.0000 593.0000 2496.0000 904.0000 -2.7710 0.0301 0.0000 0.5560 0.6492 0.0005 0.0098 97.0000 20.4221 0.4713 0.8103 21.7038 
144 2971.0000 1242.0000 2077.0000 971.0000 1969.0000 435.0000 2390.0000 564.0000 2574.0000 804.0000 -2.5810 0.0355 0.0000 0.5619 0.6561 0.0006 0.0099 84.0000 16.1511 0.3176 0.7203 17.1890 
145 2789.0000 1315.0000 2055.0000 1019.0000 2045.0000 318.0000 2558.0000 604.0000 2344.0000 1010.0000 -2.7760 0.0185 0.0000 0.5671 0.6613 0.0007 0.0091 87.0000 16.4272 0.3905 0.9775 17.7951 
146 2807.0000 1337.0000 2039.0000 1015.0000 2054.0000 291.0000 2551.0000 602.0000 2349.0000 1022.0000 -2.7460 0.0092 0.0000 0.5720 0.6679 0.0006 0.0099 64.0000 12.4778 0.3172 0.7832 13.5783 
147 2839.0000 1437.0000 2036.0000 998.0000 2069.0000 213.0000 2505.0000 595.0000 2382.0000 1018.0000 -2.8610 0.0094 0.0000 0.5767 0.6741 0.0003 0.0099 69.0000 14.8516 0.3192 0.9561 16.1270 
148 2959.0000 1563.0000 1896.0000 1032.0000 2090.0000 100.0000 2476.0000 552.0000 2383.0000 1084.0000 -2.5310 0.0561 0.0000 0.5818 0.6814 0.0004 0.0096 69.0000 13.3795 0.4242 0.9909 14.7946 
149 2814.0000 1317.0000 1984.0000 1227.0000 2029.0000 354.0000 2622.0000 586.0000 2238.0000 908.0000 -2.7180 0.0296 0.0000 0.5856 0.6845 0.0005 0.0090 92.0000 17.5773 0.3130 0.8178 18.7081 
150 2672.0000 1363.0000 2073.0000 1122.0000 1899.0000 294.0000 2544.0000 528.0000 2453.0000 1142.0000 -2.5620 0.0455 0.0000 0.5915 0.6906 0.0004 0.0091 95.0000 18.0976 0.4893 0.7837 19.3706 
151 3000.0000 1206.0000 1859.0000 970.0000 2204.0000 325.0000 2579.0000 639.0000 2226.0000 963.0000 -2.4640 0.0595 0.0000 0.5961 0.6954 0.0007 0.0096 78.0000 15.0351 0.3156 0.7889 16.1396 
152 2778.0000 1652.0000 2195.0000 1116.0000 2044.0000 250.0000 2444.0000 584.0000 2306.0000 756.0000 -2.5930 0.0910 0.0000 0.5990 0.7001 0.0004 0.0098 82.0000 16.0295 0.3166 0.8348 17.1809 
153 3000.0000 1454.0000 1952.0000 1503.0000 1848.0000 100.0000 2484.0000 330.0000 2605.0000 755.0000 -2.4390 0.0464 0.0000 0.6043 0.7053 0.0069 0.0621 100.0000 19.1595 0.4133 1.0034 20.5762 
154 3000.0000 2267.0000 2023.0000 562.0000 2051.0000 100.0000 2089.0000 100.0000 3000.0000 981.0000 -2.0640 0.0534 0.0000 0.6092 0.7086 0.0010 0.0360 100.0000 19.2641 0.2762 0.8222 20.3625 
155 3000.0000 3000.0000 100.0000 100.0000 100.0000 100.0000 3000.0000 100.0000 3000.0000 3000.0000 -1.6610 0.1165 0.0000 0.6091 0.7060 0.0175 0.0628 100.0000 19.2408 0.2629 0.9406 20.4443 
156 100.0000 100.0000 100.0000 3000.0000 3000.0000 3000.0000 3000.0000 100.0000 3000.0000 3000.0000 -1.9290 0.1701 0.0000 0.6072 0.6962 0.0340 0.2978 100.0000 18.8211 0.3090 0.8634 19.9935 
157 100.0000 100.0000 3000.0000 3000.0000 3000.0000 3000.0000 100.0000 100.0000 100.0000 3000.0000 -1.2160 0.0622 0.0000 0.6004 0.6805 0.0352 0.4860 100.0000 19.9685 0.3476 0.7953 21.1114 
158 100.0000 100.0000 100.0000 3000.0000 100.0000 3000.0000 3000.0000 3000.0000 3000.0000 100.0000 -1.9270 0.2722 0.0000 0.6148 0.6993 0.0418 0.2117 100.0000 19.9798 0.3589 0.9244 21.2631 
159 3000.0000 3000.0000 100.0000 3000.0000 100.0000 3000.0000 3000.0000 100.0000 100.0000 100.0000 -1.8420 0.0808 0.0000 0.6083 0.6846 0.0314 0.5251 100.0000 19.9424 0.2995 0.9454 21.1873 
160 3000.0000 100.0000 100.0000 100.0000 100.0000 3000.0000 3000.0000 3000.0000 3000.0000 100.0000 -1.6360 0.1490 0.0000 0.6032 0.6712 0.0468 0.7128 100.0000 19.4384 0.3048 0.7840 20.5272 
161 100.0000 3000.0000 3000.0000 3000.0000 3000.0000 100.0000 3000.0000 100.0000 3000.0000 100.0000 -1.7740 0.1193 0.0000 0.6028 0.6638 0.0286 0.3071 100.0000 19.0659 0.4034 0.8082 20.2776 
162 3000.0000 3000.0000 3000.0000 3000.0000 100.0000 100.0000 3000.0000 3000.0000 100.0000 100.0000 -1.3490 0.0831 0.0000 0.5994 0.6530 0.0276 0.1165 100.0000 19.1515 0.3385 0.8660 20.3560 
163 3000.0000 100.0000 100.0000 100.0000 3000.0000 100.0000 3000.0000 100.0000 3000.0000 3000.0000 -0.9800 0.1481 0.0000 0.6061 0.6584 0.0250 0.1052 100.0000 18.8562 0.3259 0.7676 19.9497 
164 100.0000 3000.0000 100.0000 3000.0000 100.0000 3000.0000 3000.0000 100.0000 3000.0000 100.0000 -1.7310 0.0755 0.0000 0.6231 0.6922 0.0415 0.8138 100.0000 19.5045 0.4797 0.8235 20.8077 
165 100.0000 100.0000 3000.0000 3000.0000 100.0000 3000.0000 3000.0000 3000.0000 3000.0000 3000.0000 -1.0110 0.1993 0.0000 0.6197 0.6810 0.0896 0.9630 100.0000 18.7299 0.4533 0.9449 20.1281 
166 100.0000 3000.0000 100.0000 3000.0000 3000.0000 3000.0000 100.0000 100.0000 3000.0000 100.0000 -1.5210 0.1108 0.0000 0.6356 0.7040 0.0618 0.7431 100.0000 20.1986 0.2912 0.6975 21.1874 
167 3000.0000 3000.0000 3000.0000 100.0000 100.0000 100.0000 100.0000 100.0000 100.0000 3000.0000 -2.1460 0.1484 0.0000 0.6364 0.6975 0.0542 0.6704 100.0000 19.6696 0.2527 0.6934 20.6157 
168 3000.0000 3000.0000 3000.0000 100.0000 100.0000 3000.0000 100.0000 100.0000 100.0000 3000.0000 -1.5980 0.0936 0.0000 0.6312 0.6911 0.0162 0.0475 100.0000 19.5150 0.3033 0.8216 20.6399 
169 3000.0000 100.0000 3000.0000 3000.0000 1992.0000 100.0000 3000.0000 100.0000 3000.0000 100.0000 -1.8020 0.0181 0.0000 0.6302 0.6842 0.0130 0.1086 100.0000 19.6422 0.3087 0.8434 20.7943 
170 100.0000 3000.0000 100.0000 3000.0000 3000.0000 100.0000 3000.0000 3000.0000 100.0000 100.0000 -1.7280 0.1083 0.0000 0.6284 0.6771 0.0406 0.3043 100.0000 20.0659 0.2960 0.7642 21.1262 
171 3000.0000 3000.0000 3000.0000 3000.0000 100.0000 100.0000 100.0000 100.0000 100.0000 3000.0000 -2.7080 0.2166 0.0000 0.6254 0.6672 0.0439 0.1469 100.0000 19.0310 0.2963 0.8590 20.1862 
172 3000.0000 3000.0000 3000.0000 3000.0000 674.0000 100.0000 100.0000 100.0000 100.0000 3000.0000 -2.3780 0.2311 0.0000 0.6275 0.6905 0.0167 0.0444 100.0000 22.4572 0.3109 0.8723 23.6405 
173 3000.0000 3000.0000 3000.0000 2270.0000 100.0000 100.0000 100.0000 100.0000 100.0000 3000.0000 -2.4960 0.1432 0.0000 0.6291 0.6889 0.0389 0.1142 100.0000 19.6534 0.2922 0.9329 20.8785 
174 3000.0000 2205.0000 3000.0000 3000.0000 100.0000 100.0000 100.0000 100.0000 100.0000 3000.0000 -2.6060 0.1273 0.0000 0.6347 0.6909 0.0470 0.1169 100.0000 19.7556 0.2887 0.6990 20.7433 
175 3000.0000 2780.0000 3000.0000 3000.0000 100.0000 100.0000 100.0000 100.0000 842.0000 3000.0000 -2.4700 0.0145 0.0000 0.6403 0.6943 0.0332 0.0712 100.0000 19.4625 0.3153 0.8185 20.5963 
176 3000.0000 2808.0000 2214.0000 3000.0000 100.0000 100.0000 100.0000 100.0000 100.0000 3000.0000 -2.6240 0.0945 0.0000 0.6447 0.6942 0.0226 0.0533 100.0000 19.4624 0.3116 0.8137 20.5876 
177 3000.0000 2783.0000 2720.0000 3000.0000 100.0000 100.0000 100.0000 100.0000 100.0000 2296.0000 -2.8000 0.1408 0.0000 0.6505 0.6965 0.0207 0.0651 100.0000 19.1961 0.2867 0.8059 20.2887 
178 3000.0000 3000.0000 2669.0000 3000.0000 100.0000 100.0000 100.0000 100.0000 100.0000 2225.0000 -2.7650 0.1646 0.0000 0.6556 0.7025 0.0176 0.0876 100.0000 19.1110 0.2824 0.9229 20.3164 
179 3000.0000 2636.0000 2935.0000 3000.0000 100.0000 100.0000 100.0000 100.0000 100.0000 2196.0000 -2.9070 0.1464 0.0000 0.6606 0.7063 0.0218 0.0740 100.0000 22.1923 0.2608 0.7682 23.2213 
180 3000.0000 2559.0000 3000.0000 3000.0000 100.0000 100.0000 100.0000 100.0000 100.0000 2068.0000 -2.7170 0.1472 0.0000 0.6661 0.7115 0.0288 0.0456 100.0000 20.6745 0.2802 0.7564 21.7111 
181 2581.0000 2755.0000 2867.0000 3000.0000 100.0000 100.0000 100.0000 100.0000 100.0000 2278.0000 -2.8680 0.1139 0.0000 0.6707 0.7118 0.0375 0.0923 100.0000 19.1892 0.2495 0.7241 20.1629 
182 2581.0000 2863.0000 2999.0000 3000.0000 100.0000 100.0000 100.0000 100.0000 100.0000 2229.0000 -2.8010 0.1312 0.0000 0.6762 0.7134 0.0158 0.0572 100.0000 19.0039 0.2798 0.9004 20.1841 
183 2632.0000 2587.0000 2659.0000 3000.0000 100.0000 100.0000 100.0000 100.0000 100.0000 2260.0000 -3.0000 0.1254 0.0000 0.6813 0.7149 0.0221 0.0599 100.0000 20.2901 0.2668 0.8452 21.4021 
184 2503.0000 2466.0000 2497.0000 3000.0000 100.0000 100.0000 100.0000 100.0000 100.0000 2175.0000 -2.8480 0.1503 0.0000 0.6860 0.7181 0.0183 0.0438 100.0000 21.0113 0.2204 0.6385 21.8702 
185 2606.0000 2572.0000 2630.0000 3000.0000 100.0000 100.0000 510.0000 100.0000 100.0000 2241.0000 -2.9730 0.0688 0.0000 0.6918 0.7190 0.0128 0.0449 100.0000 19.0719 0.2778 0.7975 20.1473 
186 2609.0000 2576.0000 2625.0000 3000.0000 100.0000 100.0000 540.0000 100.0000 100.0000 2227.0000 -2.9540 0.0618 0.0000 0.6980 0.7210 0.0112 0.0431 100.0000 21.9011 0.3546 0.8913 23.1471 
187 2561.0000 2672.0000 2574.0000 3000.0000 100.0000 100.0000 534.0000 100.0000 100.0000 2184.0000 -2.8580 0.0726 0.0000 0.7031 0.7228 0.0072 0.0507 100.0000 19.2893 0.2997 0.7691 20.3581 
188 2565.0000 2338.0000 2746.0000 3000.0000 100.0000 100.0000 426.0000 100.0000 100.0000 2253.0000 -2.7680 0.1142 0.0000 0.7079 0.7233 0.0169 0.0672 100.0000 19.7334 0.2784 0.7616 20.7734 
189 2467.0000 2860.0000 2403.0000 3000.0000 100.0000 100.0000 254.0000 100.0000 100.0000 2094.0000 -2.6980 0.1331 0.0000 0.7127 0.7239 0.0107 0.0447 100.0000 19.5105 0.2695 0.7833 20.5633 
190 2999.0000 2486.0000 2549.0000 3000.0000 100.0000 100.0000 586.0000 100.0000 100.0000 2203.0000 -3.0930 0.0382 0.0000 0.7152 0.7239 0.0148 0.0469 100.0000 19.7976 0.2765 0.7744 20.8484 
191 3000.0000 2399.0000 2448.0000 3000.0000 100.0000 100.0000 785.0000 100.0000 100.0000 2123.0000 -3.0400 0.0246 0.0000 0.7212 0.7276 0.0198 0.0612 100.0000 22.1216 0.2835 0.7548 23.1599 
192 3000.0000 2509.0000 2579.0000 3000.0000 100.0000 100.0000 898.0000 100.0000 100.0000 2171.0000 -2.9690 0.0978 0.0000 0.7282 0.7315 0.0225 0.0688 100.0000 19.2812 0.2383 0.9006 20.4201 
193 3000.0000 2277.0000 2328.0000 3000.0000 100.0000 100.0000 600.0000 100.0000 100.0000 2051.0000 -3.1750 0.0926 0.0000 0.7338 0.7319 0.0149 0.0348 100.0000 19.5174 0.2843 0.8091 20.6108 
194 3000.0000 2125.0000 2186.0000 3000.0000 100.0000 100.0000 585.0000 100.0000 100.0000 1936.0000 -3.0300 0.1088 0.0000 0.7407 0.7353 0.0092 0.0334 100.0000 18.9228 0.3665 0.8660 20.1553 
195 3000.0000 2229.0000 2386.0000 3000.0000 100.0000 100.0000 669.0000 100.0000 100.0000 1686.0000 -3.1270 0.0761 0.0000 0.7474 0.7354 0.0188 0.0614 100.0000 20.2119 0.2668 0.7139 21.1926 
196 3000.0000 2040.0000 2467.0000 3000.0000 100.0000 100.0000 703.0000 100.0000 100.0000 1775.0000 -3.1600 0.0818 0.0000 0.7560 0.7371 0.0162 0.0479 100.0000 19.1181 0.2691 0.7238 20.1111 
197 3000.0000 2024.0000 2469.0000 3000.0000 100.0000 100.0000 715.0000 100.0000 100.0000 1769.0000 -3.0740 0.0814 0.0000 0.7633 0.7383 0.0145 0.0402 100.0000 22.3152 0.2660 1.0953 23.6765 
198 3000.0000 2295.0000 2287.0000 3000.0000 100.0000 100.0000 701.0000 100.0000 100.0000 1658.0000 -3.1810 0.0713 0.0000 0.7690 0.7376 0.0148 0.0491 100.0000 19.1492 0.2234 0.7519 20.1245 
199 3000.0000 2303.0000 2264.0000 3000.0000 100.0000 100.0000 721.0000 100.0000 100.0000 1631.0000 -3.1530 0.0693 0.0000 0.7759 0.7378 0.0270 0.0562 100.0000 19.2348 0.2650 0.7945 20.2943 
198 3000.0000 2295.0000 2287.0000 3000.0000 100.0000 100.0000 701.0000 100.0000 100.0000 1658.0000 -3.1810 0.0713 0.0000 0.7690 0.7376 0.0148 0.0491 100.0000 19.1492 0.2234 0.7519 20.1245 
