0 2280.0000 912.0000 2280.0000 912.0000 2280.0000 912.0000 2280.0000 912.0000 2280.0000 912.0000 2280.0000 912.0000 -1.6300 0.1429 0.0000 0.0386 0.9145 0.0000 0.0000 0.0000 0.0000 0.0000 0.0000 0.0000 
1 170.0000 1373.0000 170.0000 1373.0000 170.0000 1373.0000 170.0000 1373.0000 170.0000 1373.0000 170.0000 1373.0000 -1.3780 0.1021 0.0000 0.0386 0.9145 0.0000 0.0000 0.0000 0.0000 0.0000 0.0000 0.0000 
2 892.0000 1186.0000 892.0000 1186.0000 892.0000 1186.0000 892.0000 1186.0000 892.0000 1186.0000 892.0000 1186.0000 -1.5510 0.0825 0.0000 0.0386 0.9145 0.0000 0.0000 0.0000 0.0000 0.0000 0.0000 0.0000 
3 844.0000 928.0000 844.0000 928.0000 844.0000 928.0000 844.0000 928.0000 844.0000 928.0000 844.0000 928.0000 -0.9750 0.0254 0.0000 0.0386 0.9145 0.0000 0.0000 0.0000 0.0000 0.0000 0.0000 0.0000 
4 837.0000 2523.0000 837.0000 2523.0000 837.0000 2523.0000 837.0000 2523.0000 837.0000 2523.0000 837.0000 2523.0000 -1.4120 0.1781 0.0000 0.0386 0.9145 0.0000 0.0000 0.0000 0.0000 0.0000 0.0000 0.0000 
5 2597.0000 1030.0000 2597.0000 1030.0000 2597.0000 1030.0000 2597.0000 1030.0000 2597.0000 1030.0000 2597.0000 1030.0000 -1.1860 0.0275 0.0000 0.0386 0.9145 0.0000 0.0000 0.0000 0.0000 0.0000 0.0000 0.0000 
6 901.0000 1709.0000 901.0000 1709.0000 901.0000 1709.0000 901.0000 1709.0000 901.0000 1709.0000 901.0000 1709.0000 -1.2820 0.0416 0.0000 0.0386 0.9145 0.0000 0.0000 0.0000 0.0000 0.0000 0.0000 0.0000 
7 1792.0000 1993.0000 1792.0000 1993.0000 1792.0000 1993.0000 1792.0000 1993.0000 1792.0000 1993.0000 1792.0000 1993.0000 -1.7880 0.0199 0.0000 0.0386 0.9145 0.0000 0.0000 0.0000 0.0000 0.0000 0.0000 0.0000 
8 2465.0000 815.0000 2465.0000 815.0000 2465.0000 815.0000 2465.0000 815.0000 2465.0000 815.0000 2465.0000 815.0000 -0.9810 0.0747 0.0000 0.0386 0.9145 0.0000 0.0000 0.0000 0.0000 0.0000 0.0000 0.0000 
9 710.0000 126.0000 710.0000 126.0000 710.0000 126.0000 710.0000 126.0000 710.0000 126.0000 710.0000 126.0000 -1.6720 0.0920 0.0000 0.0386 0.9145 0.0000 0.0000 0.0000 0.0000 0.0000 0.0000 0.0000 
10 2713.0000 454.0000 2713.0000 454.0000 2713.0000 454.0000 2713.0000 454.0000 2713.0000 454.0000 2713.0000 454.0000 -1.4430 0.1641 0.0000 0.0386 0.9145 0.0000 0.0000 0.0000 0.0000 0.0000 0.0000 0.0000 
11 1227.0000 1992.0000 1227.0000 1992.0000 1227.0000 1992.0000 1227.0000 1992.0000 1227.0000 1992.0000 1227.0000 1992.0000 -0.7690 0.1465 0.0000 0.0386 0.9145 0.0000 0.0000 0.0000 0.0000 0.0000 0.0000 0.0000 
12 2130.0000 1498.0000 2130.0000 1498.0000 2130.0000 1498.0000 2130.0000 1498.0000 2130.0000 1498.0000 2130.0000 1498.0000 -1.6030 0.1443 0.0000 0.0386 0.9145 0.0000 0.0000 0.0000 0.0000 0.0000 0.0000 0.0000 
13 905.0000 1774.0000 905.0000 1774.0000 905.0000 1774.0000 905.0000 1774.0000 905.0000 1774.0000 905.0000 1774.0000 -1.0260 0.0386 0.0000 0.0386 0.9145 0.0000 0.0000 0.0000 0.0000 0.0000 0.0000 0.0000 
14 1541.0000 197.0000 1541.0000 197.0000 1541.0000 197.0000 1541.0000 197.0000 1541.0000 197.0000 1541.0000 197.0000 -1.4590 0.0778 0.0000 0.0386 0.9145 0.0000 0.0000 0.0000 0.0000 0.0000 0.0000 0.0000 
15 2921.0000 488.0000 2921.0000 488.0000 2921.0000 488.0000 2921.0000 488.0000 2921.0000 488.0000 2921.0000 488.0000 -1.2490 0.1507 0.0000 0.0386 0.9145 0.0000 0.0000 0.0000 0.0000 0.0000 0.0000 0.0000 
16 2703.0000 838.0000 2703.0000 838.0000 2703.0000 838.0000 2703.0000 838.0000 2703.0000 838.0000 2703.0000 838.0000 -1.1080 0.1159 0.0000 0.0386 0.9145 0.0000 0.0000 0.0000 0.0000 0.0000 0.0000 0.0000 
17 1107.0000 2933.0000 1107.0000 2933.0000 1107.0000 2933.0000 1107.0000 2933.0000 1107.0000 2933.0000 1107.0000 2933.0000 -0.9300 0.1391 0.0000 0.0386 0.9145 0.0000 0.0000 0.0000 0.0000 0.0000 0.0000 0.0000 
18 1136.0000 704.0000 1136.0000 704.0000 1136.0000 704.0000 1136.0000 704.0000 1136.0000 704.0000 1136.0000 704.0000 -0.7720 0.0279 0.0000 0.0386 0.9145 0.0000 0.0000 0.0000 0.0000 0.0000 0.0000 0.0000 
19 1969.0000 117.0000 1969.0000 117.0000 1969.0000 117.0000 1969.0000 117.0000 1969.0000 117.0000 1969.0000 117.0000 -1.8270 0.2033 0.0000 0.0386 0.9145 0.0000 0.0000 0.0000 0.0000 0.0000 0.0000 0.0000 
20 1113.0000 1607.0000 1113.0000 1607.0000 1113.0000 1607.0000 1113.0000 1607.0000 1113.0000 1607.0000 1113.0000 1607.0000 -1.2180 0.0640 0.0000 0.0386 0.9145 0.0000 0.0000 0.0000 0.0000 0.0000 0.0000 0.0000 
21 1241.0000 871.0000 1241.0000 871.0000 1241.0000 871.0000 1241.0000 871.0000 1241.0000 871.0000 1241.0000 871.0000 -1.3510 0.0983 0.0000 0.0386 0.9145 0.0000 0.0000 0.0000 0.0000 0.0000 0.0000 0.0000 
22 1383.0000 2122.0000 1383.0000 2122.0000 1383.0000 2122.0000 1383.0000 2122.0000 1383.0000 2122.0000 1383.0000 2122.0000 -1.1620 0.1541 0.0000 0.0386 0.9145 0.0000 0.0000 0.0000 0.0000 0.0000 0.0000 0.0000 
23 2969.0000 884.0000 2969.0000 884.0000 2969.0000 884.0000 2969.0000 884.0000 2969.0000 884.0000 2969.0000 884.0000 -1.1610 0.0608 0.0000 0.0386 0.9145 0.0000 0.0000 0.0000 0.0000 0.0000 0.0000 0.0000 
24 386.0000 1453.0000 386.0000 1453.0000 386.0000 1453.0000 386.0000 1453.0000 386.0000 1453.0000 386.0000 1453.0000 -0.9840 0.0354 0.0000 0.0386 0.9145 0.0000 0.0000 0.0000 0.0000 0.0000 0.0000 0.0000 
25 2252.0000 926.0000 2252.0000 926.0000 2252.0000 926.0000 2252.0000 926.0000 2252.0000 926.0000 2252.0000 926.0000 -1.7210 0.1476 0.0000 0.0386 0.9145 0.0003 0.0198 100.0000 25.3300 0.5573 1.1542 27.0415 
26 2079.0000 1566.0000 2079.0000 1566.0000 2079.0000 1566.0000 2079.0000 1566.0000 2079.0000 1566.0000 2079.0000 1566.0000 -1.3480 0.1580 0.0000 0.0934 0.9101 0.0001 0.0145 100.0000 23.9612 0.3973 0.8695 25.2280 
27 1815.0000 1994.0000 1815.0000 1994.0000 1815.0000 1994.0000 1815.0000 1994.0000 1815.0000 1994.0000 1815.0000 1994.0000 -1.6900 0.0304 0.0000 0.0917 0.9150 0.0001 0.0098 87.0000 19.9825 0.3632 1.0844 21.4301 
28 1758.0000 1991.0000 1758.0000 1991.0000 1758.0000 1991.0000 1758.0000 1991.0000 1758.0000 1991.0000 1758.0000 1991.0000 -1.6520 0.0257 0.0000 0.1061 0.8919 0.0009 0.0096 71.0000 17.5446 0.3597 0.9905 18.8948 
29 2197.0000 955.0000 2197.0000 955.0000 2197.0000 955.0000 2197.0000 955.0000 2197.0000 955.0000 2197.0000 955.0000 -1.7240 0.1471 0.0000 0.1204 0.8820 0.0005 0.0093 71.0000 17.1782 0.3654 1.1549 18.6985 
30 1815.0000 2066.0000 1815.0000 2066.0000 1815.0000 2066.0000 1815.0000 2066.0000 1815.0000 2066.0000 1815.0000 2066.0000 -1.8230 0.0162 0.0000 0.1469 0.8905 0.0002 0.0208 100.0000 26.8903 0.4329 1.0004 28.3237 
31 1825.0000 2080.0000 1825.0000 2080.0000 1825.0000 2080.0000 1825.0000 2080.0000 1825.0000 2080.0000 1825.0000 2080.0000 -1.7780 0.0136 0.0000 0.1687 0.8900 0.0005 0.0093 54.0000 13.4901 0.4887 1.1174 15.0962 
32 1774.0000 2069.0000 1831.0000 2085.0000 1818.0000 2055.0000 1877.0000 2070.0000 1824.0000 2115.0000 1834.0000 2049.0000 -1.7530 0.0165 0.0000 0.1767 0.8781 0.0001 0.0271 100.0000 25.5546 0.4773 1.0189 27.0509 
33 1889.0000 2083.0000 1826.0000 2065.0000 1841.0000 2098.0000 1776.0000 2082.0000 1834.0000 2032.0000 1823.0000 2105.0000 -1.8980 0.0181 0.0000 0.1868 0.8746 0.0002 0.0099 70.0000 16.9159 0.4367 1.0164 18.3690 
34 1955.0000 2102.0000 1837.0000 2068.0000 1865.0000 2130.0000 1743.0000 2100.0000 1852.0000 2006.0000 1831.0000 2144.0000 -1.9700 0.0030 0.0000 0.1987 0.8700 0.0006 0.0090 58.0000 14.2306 0.5508 1.0369 15.8183 
35 2014.0000 2120.0000 1849.0000 2073.0000 1888.0000 2160.0000 1717.0000 2118.0000 1870.0000 1986.0000 1841.0000 2179.0000 -2.0380 0.0225 0.0000 0.2116 0.8678 0.0007 0.0097 57.0000 13.7701 0.4724 1.0514 15.2939 
36 2072.0000 2139.0000 1863.0000 2080.0000 1912.0000 2190.0000 1696.0000 2137.0000 1889.0000 1970.0000 1853.0000 2214.0000 -1.8510 0.0451 0.0000 0.2258 0.8615 0.0007 0.0099 64.0000 15.8845 0.5338 1.1788 17.5971 
37 1940.0000 2223.0000 1819.0000 2051.0000 1940.0000 2142.0000 1705.0000 2068.0000 1962.0000 1959.0000 1768.0000 2188.0000 -1.6400 0.0118 0.0000 0.2254 0.8335 0.0008 0.0385 100.0000 24.1378 0.4454 1.3539 25.9372 
38 2055.0000 2013.0000 1869.0000 2091.0000 1826.0000 2163.0000 1737.0000 2157.0000 1772.0000 2020.0000 1903.0000 2154.0000 -2.1150 0.0319 0.0000 0.2142 0.8439 0.0010 0.0099 72.0000 17.7389 0.4548 1.1564 19.3500 
39 2096.0000 1970.0000 1884.0000 2104.0000 1805.0000 2177.0000 1740.0000 2184.0000 1732.0000 2032.0000 1937.0000 2156.0000 -2.1220 0.0547 0.0000 0.2289 0.8487 0.0010 0.0098 61.0000 16.1124 0.4621 1.1812 17.7557 
40 2112.0000 1958.0000 1891.0000 2110.0000 1800.0000 2184.0000 1742.0000 2195.0000 1721.0000 2037.0000 1950.0000 2159.0000 -2.1570 0.0629 0.0000 0.2428 0.8411 0.0008 0.0087 67.0000 16.0240 0.4947 1.0702 17.5889 
41 2146.0000 1934.0000 1906.0000 2123.0000 1791.0000 2198.0000 1747.0000 2218.0000 1699.0000 2049.0000 1979.0000 2166.0000 -2.0140 0.0746 0.0000 0.2554 0.8333 0.0006 0.0097 66.0000 16.2802 0.5379 1.3340 18.1521 
42 2140.0000 1920.0000 1904.0000 2091.0000 1812.0000 2244.0000 1773.0000 2201.0000 1709.0000 2019.0000 1842.0000 2128.0000 -2.2990 0.0404 0.0000 0.2580 0.8173 0.0005 0.0235 100.0000 24.1997 0.4983 1.1768 25.8748 
43 2209.0000 1855.0000 1938.0000 2086.0000 1820.0000 2329.0000 1818.0000 2234.0000 1677.0000 2014.0000 1752.0000 2102.0000 -2.2150 0.0763 0.0000 0.2699 0.8181 0.0007 0.0100 67.0000 16.8461 0.5965 1.0326 18.4752 
44 2234.0000 1867.0000 1902.0000 2029.0000 1821.0000 2396.0000 1891.0000 2246.0000 1640.0000 2005.0000 1819.0000 2138.0000 -2.2300 0.1114 0.0000 0.2858 0.8148 0.0003 0.0319 100.0000 25.0923 0.4674 1.1693 26.7289 
45 2311.0000 1821.0000 1982.0000 2122.0000 1861.0000 2359.0000 1830.0000 2266.0000 1663.0000 2100.0000 1777.0000 2095.0000 -2.1910 0.1019 0.0000 0.3023 0.8129 0.0002 0.0231 100.0000 24.5997 0.4553 1.0553 26.1103 
46 2226.0000 1818.0000 2003.0000 2119.0000 1753.0000 2383.0000 1868.0000 2316.0000 1671.0000 1903.0000 1808.0000 2158.0000 -2.2140 0.1144 0.0000 0.3155 0.8090 0.0001 0.0098 69.0000 18.0122 0.4731 1.0719 19.5572 
47 2269.0000 1820.0000 1955.0000 2150.0000 1887.0000 2385.0000 1868.0000 2210.0000 1532.0000 1934.0000 1824.0000 2195.0000 -2.0990 0.0944 0.0000 0.3300 0.8069 0.0003 0.0242 100.0000 25.3703 0.4921 1.0453 26.9077 
48 2280.0000 1837.0000 1955.0000 2003.0000 1702.0000 2390.0000 1839.0000 2366.0000 1765.0000 2053.0000 1824.0000 2083.0000 -2.1910 0.1516 0.0000 0.3366 0.8052 0.0003 0.0093 68.0000 16.6417 0.5261 1.1179 18.2857 
49 2260.0000 1773.0000 1895.0000 2178.0000 1745.0000 2468.0000 1857.0000 2271.0000 1808.0000 2036.0000 1861.0000 2058.0000 -2.1510 0.1081 0.0000 0.3484 0.8052 0.0010 0.0321 100.0000 24.1675 0.4369 1.2079 25.8123 
50 2305.0000 1821.0000 2047.0000 2011.0000 1739.0000 2276.0000 1915.0000 2372.0000 1705.0000 2097.0000 1768.0000 2242.0000 -2.1470 0.1496 0.0000 0.3587 0.8058 0.0001 0.0097 92.0000 24.1091 0.4523 0.9922 25.5536 
51 2274.0000 1929.0000 2057.0000 2029.0000 1814.0000 2414.0000 1795.0000 2409.0000 1621.0000 2008.0000 1874.0000 1973.0000 -2.1590 0.1216 0.0000 0.3684 0.8073 0.0002 0.0097 74.0000 18.0607 0.4682 1.0224 19.5513 
52 2401.0000 1909.0000 2046.0000 2039.0000 1631.0000 2433.0000 1812.0000 2160.0000 1660.0000 2048.0000 1843.0000 2105.0000 -2.1920 0.1310 0.0000 0.3789 0.8086 0.0001 0.0112 92.0000 24.2615 0.4539 1.1362 25.8516 
53 2275.0000 1728.0000 2071.0000 1949.0000 1789.0000 2514.0000 1712.0000 2254.0000 1694.0000 2086.0000 1903.0000 2186.0000 -2.2250 0.1199 0.0000 0.3911 0.8109 0.0002 0.0097 72.0000 18.2667 0.4571 1.1645 19.8883 
54 2485.0000 1724.0000 1912.0000 1940.0000 1786.0000 2454.0000 1705.0000 2332.0000 1672.0000 2041.0000 1929.0000 2169.0000 -1.9180 0.1812 0.0000 0.4044 0.8144 0.0002 0.0098 69.0000 18.0241 0.4852 1.1952 19.7045 
55 2149.0000 1858.0000 2177.0000 2099.0000 1735.0000 2475.0000 1869.0000 2227.0000 1694.0000 2087.0000 1821.0000 2122.0000 -2.0450 0.0980 0.0000 0.3926 0.8212 0.0005 0.0096 66.0000 16.8695 0.4971 1.3664 18.7330 
56 2381.0000 1989.0000 1962.0000 2210.0000 1671.0000 2302.0000 2023.0000 2326.0000 1654.0000 1998.0000 1784.0000 2016.0000 -1.8920 0.1358 0.0000 0.3960 0.8193 0.0002 0.0097 87.0000 21.7845 0.4658 1.1950 23.4453 
57 2118.0000 1728.0000 2027.0000 2003.0000 1845.0000 2385.0000 1696.0000 2302.0000 1716.0000 2010.0000 1757.0000 2145.0000 -2.2930 0.0609 0.0000 0.3886 0.8295 0.0006 0.0091 63.0000 15.2676 0.4537 1.2690 16.9904 
58 2112.0000 1709.0000 2039.0000 2012.0000 1859.0000 2386.0000 1690.0000 2318.0000 1721.0000 2010.0000 1755.0000 2149.0000 -2.2690 0.0610 0.0000 0.3964 0.8421 0.0005 0.0095 70.0000 19.3973 0.6472 1.3119 21.3564 
59 2083.0000 1698.0000 2025.0000 1999.0000 1897.0000 2410.0000 1724.0000 2348.0000 1717.0000 2025.0000 1778.0000 2162.0000 -2.3180 0.0678 0.0000 0.4036 0.8524 0.0003 0.0092 81.0000 21.4693 0.5844 1.2031 23.2567 
60 2057.0000 1647.0000 2053.0000 2008.0000 1945.0000 2428.0000 1724.0000 2398.0000 1725.0000 2028.0000 1779.0000 2175.0000 -1.9940 0.0746 0.0000 0.4114 0.8638 0.0004 0.0092 78.0000 22.0943 0.5120 1.0792 23.6855 
61 2189.0000 1774.0000 2043.0000 1987.0000 1739.0000 2377.0000 1643.0000 2205.0000 1697.0000 1993.0000 1714.0000 2130.0000 -2.2580 0.1018 0.0000 0.4062 0.8651 0.0007 0.0099 70.0000 17.7915 0.4508 1.1025 19.3449 
62 2216.0000 1739.0000 2092.0000 2057.0000 1751.0000 2339.0000 1604.0000 2209.0000 1724.0000 1999.0000 1720.0000 2119.0000 -2.1600 0.0670 0.0000 0.4132 0.8754 0.0005 0.0100 90.0000 23.5315 0.4931 1.2761 25.3006 
63 2131.0000 1815.0000 1975.0000 1879.0000 1758.0000 2459.0000 1742.0000 2222.0000 1660.0000 2007.0000 1754.0000 2165.0000 -2.2810 0.1098 0.0000 0.4195 0.8836 0.0006 0.0098 80.0000 20.9080 0.4484 1.1944 22.5507 
64 2124.0000 1801.0000 2000.0000 1874.0000 1729.0000 2460.0000 1748.0000 2231.0000 1679.0000 1932.0000 1780.0000 2184.0000 -2.2420 0.1128 0.0000 0.4248 0.8953 0.0005 0.0099 83.0000 21.2760 0.5746 1.2079 23.0584 
65 2158.0000 1816.0000 1975.0000 1890.0000 1811.0000 2460.0000 1721.0000 2200.0000 1641.0000 2115.0000 1713.0000 2138.0000 -2.2650 0.0983 0.0000 0.4311 0.9059 0.0005 0.0097 84.0000 21.1911 0.4521 1.2511 22.8944 
66 2193.0000 1773.0000 2012.0000 1853.0000 1830.0000 2492.0000 1773.0000 2158.0000 1708.0000 2030.0000 1669.0000 2136.0000 -2.2080 0.1370 0.0000 0.4372 0.9170 0.0005 0.0136 100.0000 27.2750 0.4473 1.0562 28.7785 
67 2124.0000 1842.0000 1970.0000 1958.0000 1733.0000 2475.0000 1672.0000 2281.0000 1613.0000 2071.0000 1751.0000 2210.0000 -2.3090 0.0643 0.0000 0.4436 0.9275 0.0004 0.0100 95.0000 24.7345 0.4817 1.1089 26.3251 
68 2126.0000 1850.0000 1988.0000 1944.0000 1736.0000 2473.0000 1666.0000 2286.0000 1596.0000 2069.0000 1750.0000 2220.0000 -2.3380 0.0642 0.0000 0.4492 0.9397 0.0004 0.0096 77.0000 20.5847 0.5200 1.1109 22.2156 
69 2131.0000 1875.0000 2047.0000 1897.0000 1735.0000 2493.0000 1640.0000 2303.0000 1542.0000 2070.0000 1737.0000 2262.0000 -2.3750 0.0756 0.0000 0.4538 0.9527 0.0004 0.0099 90.0000 24.2175 0.4893 1.1016 25.8084 
70 2138.0000 1894.0000 2131.0000 1824.0000 1727.0000 2546.0000 1606.0000 2320.0000 1474.0000 2075.0000 1721.0000 2322.0000 -2.1310 0.0919 0.0000 0.4610 0.9681 0.0003 0.0088 72.0000 19.0274 0.4582 1.2275 20.7131 
71 2112.0000 1771.0000 1900.0000 2013.0000 1663.0000 2584.0000 1672.0000 2251.0000 1657.0000 2125.0000 1727.0000 2297.0000 -2.0610 0.0551 0.0000 0.4617 0.9702 0.0025 0.0244 100.0000 26.7866 0.3948 1.0028 28.1842 
72 2132.0000 1867.0000 2069.0000 1814.0000 1814.0000 2371.0000 1640.0000 2306.0000 1485.0000 2070.0000 1796.0000 2064.0000 -2.1210 0.1313 0.0000 0.4637 0.9776 0.0005 0.0098 88.0000 24.6927 0.4421 1.1435 26.2784 
73 2204.0000 1933.0000 2114.0000 1890.0000 1780.0000 2587.0000 1630.0000 2380.0000 1691.0000 1800.0000 1641.0000 2212.0000 -2.1670 0.1542 0.0000 0.4677 0.9830 0.0012 0.0199 100.0000 25.7472 0.4019 1.0410 27.1900 
74 2442.0000 1631.0000 2844.0000 1340.0000 1699.0000 3000.0000 1684.0000 2190.0000 1542.0000 1923.0000 1437.0000 2551.0000 -1.9760 0.2202 0.0000 0.4742 0.9900 0.0000 0.0098 86.0000 22.7805 0.4752 1.2144 24.4701 
75 3000.0000 1209.0000 3000.0000 100.0000 2324.0000 3000.0000 1987.0000 3000.0000 1043.0000 2038.0000 629.0000 3000.0000 -1.5670 0.1681 0.0000 0.4750 0.9739 0.0004 0.1554 100.0000 27.9311 0.4587 1.3206 29.7104 
76 2096.0000 1815.0000 2270.0000 1890.0000 1798.0000 2838.0000 1549.0000 2047.0000 1506.0000 1809.0000 2013.0000 2207.0000 -1.6150 0.0423 0.0000 0.4674 0.9432 0.0046 0.1169 100.0000 27.9043 0.4594 1.0553 29.4191 
77 2204.0000 1868.0000 2026.0000 1864.0000 1753.0000 2344.0000 1701.0000 2374.0000 1677.0000 2093.0000 1590.0000 2259.0000 -2.3670 0.1846 0.0000 0.4455 0.9694 0.0009 0.0097 89.0000 22.5493 0.5261 1.2033 24.2787 
78 2210.0000 1864.0000 2033.0000 1854.0000 1751.0000 2342.0000 1700.0000 2379.0000 1679.0000 2099.0000 1577.0000 2264.0000 -2.4060 0.1923 0.0000 0.4534 0.9848 0.0009 0.0100 76.0000 20.0950 0.4562 1.1383 21.6895 
79 2251.0000 1851.0000 2078.0000 1791.0000 1740.0000 2330.0000 1693.0000 2423.0000 1702.0000 2143.0000 1485.0000 2298.0000 -2.2460 0.2427 0.0000 0.4591 0.9994 0.0005 0.0099 76.0000 21.5982 0.4624 1.1195 23.1802 
80 2189.0000 1821.0000 2000.0000 1842.0000 1729.0000 2276.0000 1739.0000 2381.0000 1618.0000 1996.0000 1602.0000 2355.0000 -2.3020 0.2060 0.0000 0.4628 1.0053 0.0007 0.0100 100.0000 29.2092 0.5418 1.3304 31.0815 
81 2157.0000 1877.0000 2043.0000 1778.0000 1646.0000 2345.0000 1690.0000 2473.0000 1767.0000 2109.0000 1659.0000 2238.0000 -2.1420 0.2090 0.0000 0.4686 1.0158 0.0006 0.0102 100.0000 27.6817 0.5212 1.0054 29.2083 
82 2274.0000 1858.0000 2027.0000 1934.0000 1879.0000 2345.0000 1695.0000 2310.0000 1571.0000 2103.0000 1483.0000 2310.0000 -2.3430 0.1644 0.0000 0.4708 1.0247 0.0468 0.0395 100.0000 25.9180 0.5410 1.1543 27.6133 
83 2326.0000 1792.0000 2109.0000 1892.0000 1871.0000 2319.0000 1725.0000 2277.0000 1553.0000 2119.0000 1391.0000 2396.0000 -2.2860 0.2070 0.0000 0.4772 1.0364 0.0003 0.0096 97.0000 24.4478 0.5268 1.1635 26.1381 
84 2259.0000 1862.0000 1949.0000 1929.0000 1874.0000 2391.0000 1692.0000 2398.0000 1573.0000 2077.0000 1472.0000 2218.0000 -2.4190 0.2027 0.0000 0.4834 1.0471 0.0005 0.0099 99.0000 27.1043 0.5378 1.0155 28.6576 
85 2291.0000 1849.0000 1943.0000 1907.0000 1908.0000 2416.0000 1699.0000 2440.0000 1556.0000 2087.0000 1398.0000 2205.0000 -2.0770 0.2472 0.0000 0.4880 1.0588 0.0005 0.0091 85.0000 25.2066 0.5428 1.0739 26.8233 
86 3000.0000 100.0000 3000.0000 3000.0000 100.0000 3000.0000 3000.0000 100.0000 3000.0000 3000.0000 100.0000 3000.0000 -1.9560 0.1290 0.0000 0.4870 1.0641 0.0022 0.4291 100.0000 28.9157 0.4374 1.2049 30.5580 
87 3000.0000 100.0000 3000.0000 921.0000 100.0000 3000.0000 3000.0000 100.0000 3000.0000 3000.0000 100.0000 3000.0000 -1.4690 0.1199 0.0000 0.4774 1.0246 0.0037 0.1543 100.0000 26.0384 0.4382 0.9911 27.4677 
88 3000.0000 100.0000 3000.0000 3000.0000 3000.0000 100.0000 100.0000 3000.0000 3000.0000 3000.0000 100.0000 3000.0000 -1.3780 0.1474 0.0000 0.4727 1.0055 0.0035 0.2942 100.0000 27.0786 0.4513 1.0577 28.5877 
89 3000.0000 100.0000 3000.0000 3000.0000 100.0000 3000.0000 3000.0000 100.0000 3000.0000 100.0000 100.0000 3000.0000 -1.4780 0.0452 0.0000 0.4711 0.9946 0.0060 0.6376 100.0000 28.2764 0.5000 0.9733 29.7497 
90 3000.0000 3000.0000 3000.0000 100.0000 100.0000 100.0000 100.0000 3000.0000 100.0000 100.0000 3000.0000 3000.0000 -1.6980 0.2687 0.0000 0.4666 0.9732 0.0078 0.9975 100.0000 26.5904 0.3279 0.9637 27.8820 
91 3000.0000 100.0000 100.0000 3000.0000 3000.0000 100.0000 3000.0000 3000.0000 100.0000 3000.0000 3000.0000 100.0000 -1.4770 0.3213 0.0000 0.4588 0.9422 0.0098 1.0669 100.0000 27.9731 0.4942 1.0111 29.4783 
92 3000.0000 3000.0000 3000.0000 100.0000 100.0000 100.0000 3000.0000 3000.0000 100.0000 3000.0000 100.0000 100.0000 -1.9570 0.0284 0.0000 0.4551 0.9243 0.0155 1.1765 100.0000 27.3141 0.4235 0.7513 28.4889 
93 3000.0000 3000.0000 3000.0000 100.0000 100.0000 100.0000 3000.0000 3000.0000 2022.0000 3000.0000 100.0000 100.0000 -1.7540 0.0942 0.0000 0.4490 0.9034 0.0084 0.5723 100.0000 28.3094 0.3587 0.8467 29.5148 
94 3000.0000 3000.0000 3000.0000 100.0000 2134.0000 100.0000 3000.0000 3000.0000 100.0000 3000.0000 100.0000 100.0000 -1.7920 0.1131 0.0000 0.4439 0.8828 0.0099 0.6290 100.0000 28.6413 0.4713 1.1705 30.2832 
95 3000.0000 3000.0000 3000.0000 100.0000 100.0000 100.0000 3000.0000 3000.0000 100.0000 3000.0000 2207.0000 100.0000 -1.6450 0.0790 0.0000 0.4391 0.8635 0.0091 0.4195 100.0000 25.9619 0.5372 0.9452 27.4442 
96 3000.0000 3000.0000 100.0000 100.0000 3000.0000 100.0000 3000.0000 100.0000 100.0000 3000.0000 100.0000 3000.0000 -1.5700 0.1786 0.0000 0.4345 0.8459 0.0121 1.1237 100.0000 25.7412 0.3359 0.7721 26.8493 
97 3000.0000 3000.0000 3000.0000 100.0000 3000.0000 3000.0000 100.0000 3000.0000 3000.0000 100.0000 100.0000 100.0000 -1.1320 0.1710 0.0000 0.4303 0.8295 0.0091 0.7156 100.0000 26.4892 0.4247 0.9156 27.8295 
98 2241.0000 1900.0000 2064.0000 1939.0000 1841.0000 2300.0000 1671.0000 2269.0000 1625.0000 2119.0000 1619.0000 2377.0000 -2.3400 0.1307 0.0000 0.4378 0.8496 0.0916 1.1949 100.0000 28.3197 0.5453 0.9504 29.8154 
99 100.0000 100.0000 3000.0000 100.0000 3000.0000 100.0000 3000.0000 3000.0000 100.0000 3000.0000 3000.0000 3000.0000 -1.4220 0.1034 0.0000 0.4431 0.8581 0.0077 0.7546 100.0000 26.7848 0.4077 0.9142 28.1067 
100 3000.0000 100.0000 3000.0000 3000.0000 100.0000 100.0000 100.0000 100.0000 100.0000 3000.0000 3000.0000 3000.0000 -1.8640 0.0067 0.0000 0.4413 0.8487 0.0071 0.7280 100.0000 26.2465 0.3640 0.8552 27.4657 
101 2248.0000 1864.0000 2101.0000 2006.0000 1756.0000 2260.0000 1631.0000 2314.0000 1579.0000 2059.0000 1568.0000 2354.0000 -2.3850 0.1257 0.0000 0.4360 0.8323 0.0775 1.4005 100.0000 25.6501 0.5039 1.0395 27.1936 
102 2278.0000 1872.0000 2143.0000 2007.0000 1789.0000 2245.0000 1586.0000 2326.0000 1595.0000 2144.0000 1569.0000 2375.0000 -2.3420 0.1291 0.0000 0.4408 0.8409 0.1521 0.9761 100.0000 24.7952 0.4131 0.9759 26.1842 
103 2265.0000 1821.0000 2064.0000 1947.0000 1733.0000 2263.0000 1683.0000 2241.0000 1591.0000 2017.0000 1557.0000 2405.0000 -2.2870 0.1509 0.0000 0.4462 0.8493 0.0004 0.0091 99.0000 24.5809 0.4067 0.9526 25.9402 
104 2206.0000 1937.0000 2146.0000 1972.0000 1879.0000 2310.0000 1698.0000 2355.0000 1602.0000 2160.0000 1593.0000 2378.0000 -2.3280 0.1554 0.0000 0.4512 0.8577 0.0007 0.0146 100.0000 24.8221 0.4095 0.9102 26.1418 
105 2425.0000 1872.0000 2359.0000 1948.0000 1814.0000 2176.0000 1556.0000 2381.0000 1584.0000 2207.0000 1439.0000 2567.0000 -2.0560 0.2144 0.0000 0.4565 0.8662 0.0011 0.0267 100.0000 24.5651 0.3829 1.0450 25.9930 
106 3000.0000 100.0000 100.0000 3000.0000 100.0000 100.0000 3000.0000 100.0000 3000.0000 3000.0000 3000.0000 3000.0000 -2.1560 0.1826 0.0000 0.4548 0.8726 0.0192 1.4216 100.0000 24.7541 0.4066 0.9044 26.0652 
107 2027.0000 100.0000 100.0000 3000.0000 100.0000 100.0000 3000.0000 100.0000 3000.0000 3000.0000 3000.0000 3000.0000 -1.9410 0.1854 0.0000 0.4526 0.8702 0.0073 0.1145 100.0000 25.3689 0.3857 0.8339 26.5885 
108 3000.0000 100.0000 100.0000 3000.0000 100.0000 100.0000 3000.0000 100.0000 3000.0000 1976.0000 3000.0000 3000.0000 -1.7520 0.1711 0.0000 0.4523 0.8634 0.0101 0.1766 100.0000 26.0224 0.3696 0.7910 27.1830 
109 3000.0000 100.0000 100.0000 3000.0000 100.0000 100.0000 3000.0000 100.0000 1856.0000 3000.0000 3000.0000 3000.0000 -1.8750 0.1856 0.0000 0.4491 0.8569 0.0567 0.6754 100.0000 24.8447 0.3618 0.9361 26.1425 
110 3000.0000 100.0000 100.0000 3000.0000 3000.0000 3000.0000 3000.0000 100.0000 100.0000 100.0000 100.0000 3000.0000 -1.6040 0.0966 0.0000 0.4481 0.8489 0.0116 0.9192 100.0000 26.3959 0.4617 1.0196 27.8772 
111 3000.0000 100.0000 3000.0000 3000.0000 100.0000 3000.0000 100.0000 100.0000 100.0000 3000.0000 3000.0000 100.0000 -1.5450 0.0842 0.0000 0.4444 0.8348 0.0173 1.3721 100.0000 25.2382 0.3537 0.8088 26.4007 
112 3000.0000 100.0000 100.0000 1825.0000 100.0000 100.0000 3000.0000 100.0000 3000.0000 3000.0000 3000.0000 3000.0000 -1.6380 0.1546 0.0000 0.4415 0.8230 0.0422 0.5040 100.0000 25.3157 0.3998 0.9978 26.7133 
113 100.0000 100.0000 3000.0000 3000.0000 100.0000 100.0000 3000.0000 3000.0000 3000.0000 100.0000 100.0000 100.0000 -1.7540 0.0300 0.0000 0.4381 0.8175 0.0107 0.7343 100.0000 25.9317 0.2537 0.7894 26.9748 
114 100.0000 100.0000 3000.0000 100.0000 100.0000 3000.0000 3000.0000 3000.0000 3000.0000 100.0000 3000.0000 100.0000 -1.8400 0.1119 0.0000 0.4335 0.8032 0.0150 1.2532 100.0000 25.5528 0.3070 0.7471 26.6070 
115 100.0000 3000.0000 100.0000 100.0000 3000.0000 3000.0000 100.0000 100.0000 3000.0000 100.0000 3000.0000 3000.0000 -1.6680 0.0761 0.0000 0.4291 0.7906 0.0157 1.1457 100.0000 24.5705 0.3040 0.8722 25.7468 
116 3000.0000 100.0000 100.0000 3000.0000 100.0000 100.0000 3000.0000 100.0000 3000.0000 3000.0000 1689.0000 3000.0000 -2.0630 0.0953 0.0000 0.4254 0.7784 0.0248 1.5800 100.0000 27.5047 0.4972 0.9051 28.9070 
117 3000.0000 100.0000 100.0000 100.0000 100.0000 100.0000 100.0000 3000.0000 3000.0000 100.0000 3000.0000 3000.0000 -2.8920 0.0926 0.0000 0.4267 0.7781 0.0132 1.0951 100.0000 25.1376 0.2898 0.6896 26.1169 
118 3000.0000 100.0000 100.0000 100.0000 100.0000 100.0000 100.0000 3000.0000 3000.0000 100.0000 3000.0000 3000.0000 -2.8950 0.0926 0.0000 0.4517 0.8683 0.0592 0.0793 100.0000 26.7240 0.2783 0.8491 27.8515 
119 3000.0000 100.0000 100.0000 100.0000 100.0000 100.0000 100.0000 3000.0000 3000.0000 100.0000 3000.0000 3000.0000 -2.9050 0.0926 0.0000 0.4632 0.8600 0.1143 0.1091 100.0000 27.4752 0.3120 0.7710 28.5582 
120 3000.0000 100.0000 100.0000 100.0000 100.0000 100.0000 100.0000 3000.0000 3000.0000 100.0000 3000.0000 3000.0000 -2.9400 0.0926 0.0000 0.4738 0.8470 0.0632 0.0788 100.0000 25.1075 0.3580 0.7773 26.2429 
121 3000.0000 100.0000 100.0000 100.0000 100.0000 279.0000 100.0000 3000.0000 3000.0000 100.0000 3000.0000 3000.0000 -2.8100 0.1077 0.0000 0.4850 0.8342 0.0200 0.0583 100.0000 24.8329 0.3113 0.7092 25.8534 
122 3000.0000 100.0000 100.0000 100.0000 321.0000 100.0000 100.0000 3000.0000 3000.0000 100.0000 3000.0000 3000.0000 -2.8950 0.1088 0.0000 0.4943 0.8214 0.0284 0.0706 100.0000 24.8298 0.3213 0.8061 25.9572 
123 3000.0000 309.0000 100.0000 100.0000 193.0000 100.0000 100.0000 3000.0000 3000.0000 100.0000 3000.0000 3000.0000 -2.9000 0.1297 0.0000 0.5077 0.8106 0.0459 0.0842 100.0000 24.7559 0.2685 0.7320 25.7564 
124 2798.0000 178.0000 100.0000 100.0000 195.0000 100.0000 100.0000 3000.0000 3000.0000 100.0000 3000.0000 3000.0000 -2.9530 0.1236 0.0000 0.5207 0.8006 0.0330 0.0803 100.0000 24.6034 0.3621 0.7175 25.6830 
125 2737.0000 175.0000 100.0000 100.0000 194.0000 100.0000 100.0000 3000.0000 3000.0000 100.0000 3000.0000 3000.0000 -3.2140 0.1269 0.0000 0.5343 0.7913 0.0302 0.0631 100.0000 25.1580 0.2634 0.7080 26.1293 
126 2305.0000 176.0000 100.0000 100.0000 202.0000 100.0000 100.0000 3000.0000 3000.0000 100.0000 3000.0000 3000.0000 -2.9610 0.1233 0.0000 0.5472 0.7853 0.0600 0.0912 100.0000 24.6470 0.2770 0.6857 25.6097 
127 2514.0000 229.0000 100.0000 603.0000 245.0000 100.0000 100.0000 3000.0000 3000.0000 100.0000 3000.0000 3000.0000 -3.0370 0.0223 0.0000 0.5625 0.7742 0.0254 0.0952 100.0000 26.5387 0.3197 0.7730 27.6314 
128 2497.0000 240.0000 100.0000 318.0000 237.0000 100.0000 573.0000 3000.0000 3000.0000 100.0000 3000.0000 3000.0000 -2.7080 0.0904 0.0000 0.5813 0.7670 0.0269 0.1060 100.0000 25.4162 0.3607 0.8481 26.6250 
129 2526.0000 100.0000 100.0000 292.0000 185.0000 100.0000 100.0000 3000.0000 3000.0000 100.0000 3000.0000 2461.0000 -3.2310 0.1481 0.0000 0.5863 0.7602 0.0450 0.1113 100.0000 23.7767 0.2912 1.0079 25.0758 
130 2513.0000 100.0000 100.0000 290.0000 169.0000 100.0000 100.0000 3000.0000 3000.0000 100.0000 3000.0000 2383.0000 -2.9360 0.1498 0.0000 0.6047 0.7613 0.0385 0.0655 100.0000 24.3920 0.2767 0.7172 25.3859 
131 2525.0000 100.0000 100.0000 289.0000 314.0000 100.0000 100.0000 3000.0000 2561.0000 100.0000 3000.0000 2632.0000 -2.9610 0.1838 0.0000 0.6167 0.7461 0.0290 0.1119 100.0000 24.1166 0.2487 0.6712 25.0365 
132 2495.0000 100.0000 100.0000 302.0000 100.0000 100.0000 100.0000 3000.0000 3000.0000 583.0000 3000.0000 2637.0000 -2.8940 0.0766 0.0000 0.6324 0.7374 0.0311 0.0699 100.0000 25.3594 0.4664 0.6726 26.4984 
133 2514.0000 100.0000 619.0000 265.0000 277.0000 100.0000 100.0000 3000.0000 3000.0000 100.0000 3000.0000 2633.0000 -2.8010 0.0377 0.0000 0.6461 0.7298 0.0385 0.1090 100.0000 24.3651 0.2612 0.8214 25.4476 
134 2518.0000 100.0000 100.0000 297.0000 100.0000 100.0000 100.0000 3000.0000 3000.0000 100.0000 2438.0000 2668.0000 -2.9800 0.1576 0.0000 0.6566 0.7241 0.0539 0.1506 100.0000 23.5090 0.2623 0.6423 24.4137 
135 2502.0000 100.0000 100.0000 285.0000 100.0000 100.0000 100.0000 2428.0000 3000.0000 100.0000 3000.0000 2657.0000 -2.8690 0.1705 0.0000 0.6736 0.7174 0.0528 0.0882 100.0000 24.5275 0.2854 0.6455 25.4585 
136 2524.0000 100.0000 100.0000 100.0000 782.0000 100.0000 100.0000 3000.0000 3000.0000 100.0000 2832.0000 2573.0000 -2.6700 0.1901 0.0000 0.6877 0.7113 0.0512 0.1172 100.0000 23.9793 0.3306 0.8413 25.1512 
137 2594.0000 680.0000 100.0000 455.0000 100.0000 100.0000 100.0000 3000.0000 3000.0000 100.0000 3000.0000 2570.0000 -2.6640 0.0811 0.0000 0.6904 0.7086 0.0748 0.1222 100.0000 24.2129 0.2621 0.6846 25.1596 
138 2312.0000 100.0000 100.0000 365.0000 100.0000 683.0000 100.0000 3000.0000 3000.0000 100.0000 3000.0000 2905.0000 -2.8950 0.0983 0.0000 0.6932 0.7064 0.0674 0.1078 100.0000 24.0153 0.3096 0.9906 25.3156 
139 2493.0000 100.0000 100.0000 731.0000 100.0000 100.0000 100.0000 3000.0000 2484.0000 100.0000 3000.0000 3000.0000 -2.6620 0.1192 0.0000 0.7088 0.7019 0.1169 0.1979 100.0000 23.9923 0.2543 0.7048 24.9515 
140 1859.0000 100.0000 100.0000 100.0000 100.0000 100.0000 100.0000 3000.0000 3000.0000 100.0000 3000.0000 2625.0000 -2.4860 0.1162 0.0000 0.7104 0.6980 0.1295 0.2097 100.0000 24.2567 0.2631 0.7078 25.2277 
141 3000.0000 100.0000 100.0000 654.0000 100.0000 316.0000 100.0000 3000.0000 3000.0000 100.0000 2800.0000 2368.0000 -2.0440 0.0450 0.0000 0.6914 0.6958 0.0661 0.1328 100.0000 24.0903 0.2693 0.7182 25.0777 
142 2517.0000 100.0000 100.0000 100.0000 100.0000 100.0000 100.0000 2841.0000 2915.0000 332.0000 2713.0000 3000.0000 -3.2640 0.1587 0.0000 0.6204 0.7209 0.0722 0.0808 100.0000 28.1611 0.2862 0.7914 29.2387 
143 2511.0000 100.0000 100.0000 100.0000 100.0000 100.0000 100.0000 2795.0000 2895.0000 413.0000 2655.0000 3000.0000 -3.2290 0.1594 0.0000 0.6295 0.7198 0.0835 0.0845 100.0000 29.7290 0.4578 0.6942 30.8810 
144 2505.0000 100.0000 100.0000 100.0000 100.0000 100.0000 100.0000 2783.0000 3000.0000 443.0000 2637.0000 3000.0000 -3.1870 0.1538 0.0000 0.6407 0.7181 0.0561 0.0730 100.0000 25.0586 0.2947 0.7793 26.1325 
145 2511.0000 100.0000 100.0000 100.0000 100.0000 100.0000 100.0000 2821.0000 2763.0000 429.0000 2660.0000 3000.0000 -3.1700 0.1635 0.0000 0.6538 0.7149 0.0599 0.0718 100.0000 24.3395 0.2809 0.6738 25.2943 
146 2493.0000 100.0000 100.0000 100.0000 100.0000 100.0000 100.0000 2986.0000 3000.0000 504.0000 2592.0000 3000.0000 -3.1550 0.1346 0.0000 0.6673 0.7115 0.0619 0.0905 100.0000 25.2566 0.2612 0.7557 26.2735 
147 2510.0000 100.0000 100.0000 100.0000 100.0000 100.0000 100.0000 2644.0000 3000.0000 532.0000 2734.0000 3000.0000 -3.1810 0.1573 0.0000 0.6814 0.7083 0.0608 0.0985 100.0000 25.8338 0.2506 0.7997 26.8841 
148 2482.0000 100.0000 100.0000 100.0000 100.0000 100.0000 100.0000 2657.0000 3000.0000 320.0000 2514.0000 3000.0000 -3.0610 0.1473 0.0000 0.6961 0.7054 0.0602 0.0988 100.0000 26.9801 0.2392 0.7521 27.9715 
149 2517.0000 100.0000 100.0000 100.0000 100.0000 100.0000 100.0000 2823.0000 2797.0000 646.0000 2842.0000 3000.0000 -3.2270 0.1434 0.0000 0.7085 0.7026 0.0628 0.0817 100.0000 24.2704 0.2768 0.7032 25.2504 
150 2513.0000 100.0000 100.0000 100.0000 100.0000 100.0000 100.0000 2846.0000 2813.0000 706.0000 2808.0000 3000.0000 -3.1210 0.1349 0.0000 0.7240 0.7004 0.0495 0.0709 100.0000 24.4436 0.2522 0.7451 25.4409 
151 2505.0000 100.0000 100.0000 100.0000 100.0000 100.0000 100.0000 2678.0000 3000.0000 645.0000 2943.0000 3000.0000 -3.1510 0.1234 0.0000 0.7363 0.6980 0.0472 0.1100 100.0000 24.6155 0.2541 0.7376 25.6072 
152 2483.0000 100.0000 100.0000 100.0000 100.0000 100.0000 100.0000 3000.0000 3000.0000 752.0000 2612.0000 3000.0000 -3.1130 0.1152 0.0000 0.7498 0.6960 0.0785 0.1262 100.0000 24.5168 0.3023 0.8103 25.6295 
153 2511.0000 100.0000 100.0000 100.0000 100.0000 100.0000 100.0000 2677.0000 2618.0000 566.0000 2731.0000 3000.0000 -3.1220 0.1677 0.0000 0.7629 0.6941 0.0456 0.0832 100.0000 23.8384 0.2658 1.0752 25.1794 
154 2495.0000 415.0000 100.0000 100.0000 100.0000 100.0000 100.0000 2734.0000 2930.0000 640.0000 2704.0000 3000.0000 -2.8800 0.1096 0.0000 0.7756 0.6925 0.0669 0.1201 100.0000 24.5462 0.3114 0.6995 25.5571 
155 2488.0000 100.0000 420.0000 100.0000 100.0000 100.0000 100.0000 2942.0000 2805.0000 509.0000 2733.0000 3000.0000 -3.0410 0.1265 0.0000 0.7805 0.6935 0.1070 0.1282 100.0000 24.2487 0.2535 0.7501 25.2522 
156 2498.0000 100.0000 100.0000 100.0000 390.0000 100.0000 100.0000 2711.0000 3000.0000 654.0000 2996.0000 3000.0000 -3.0770 0.1257 0.0000 0.7924 0.6924 0.1056 0.1778 100.0000 24.1530 0.2662 0.8555 25.2747 
157 2469.0000 100.0000 100.0000 100.0000 100.0000 100.0000 100.0000 3000.0000 2573.0000 520.0000 2528.0000 3000.0000 -3.2300 0.1587 0.0000 0.8048 0.6914 0.0892 0.2091 100.0000 25.2430 0.2963 0.7337 26.2729 
158 2469.0000 100.0000 100.0000 100.0000 100.0000 100.0000 100.0000 3000.0000 2585.0000 603.0000 2412.0000 3000.0000 -3.2300 0.1551 0.0000 0.8199 0.6915 0.0888 0.1126 100.0000 24.1484 0.2880 0.6681 25.1046 
159 2472.0000 100.0000 100.0000 100.0000 100.0000 100.0000 100.0000 3000.0000 2600.0000 686.0000 2362.0000 3000.0000 -3.0360 0.1569 0.0000 0.8347 0.6922 0.0910 0.1541 100.0000 24.5992 0.2441 0.6753 25.5186 
160 2468.0000 100.0000 100.0000 100.0000 100.0000 100.0000 100.0000 3000.0000 2530.0000 619.0000 2891.0000 3000.0000 -3.1530 0.1566 0.0000 0.8433 0.6911 0.1194 0.1420 100.0000 27.6642 0.3610 1.0786 29.1038 
161 2519.0000 100.0000 100.0000 100.0000 100.0000 100.0000 100.0000 3000.0000 2525.0000 930.0000 2912.0000 3000.0000 -3.1040 0.1253 0.0000 0.8554 0.6907 0.0682 0.1331 100.0000 24.1039 0.2632 0.7646 25.1317 
162 2325.0000 100.0000 100.0000 100.0000 100.0000 100.0000 100.0000 3000.0000 3000.0000 984.0000 2454.0000 3000.0000 -2.8920 0.1004 0.0000 0.8688 0.6908 0.0992 0.1554 100.0000 25.7959 0.2545 0.7980 26.8484 
163 2488.0000 100.0000 100.0000 100.0000 100.0000 100.0000 100.0000 2723.0000 2466.0000 373.0000 2694.0000 3000.0000 -2.7660 0.1575 0.0000 0.8682 0.6913 0.1094 0.1328 100.0000 23.9085 0.2907 0.6567 24.8558 
164 2565.0000 100.0000 100.0000 100.0000 447.0000 100.0000 100.0000 3000.0000 2821.0000 647.0000 2729.0000 3000.0000 -3.1010 0.1272 0.0000 0.8698 0.6911 0.1288 0.1927 100.0000 26.9354 0.2704 0.7353 27.9411 
165 2479.0000 100.0000 100.0000 100.0000 100.0000 100.0000 100.0000 3000.0000 3000.0000 663.0000 3000.0000 3000.0000 -2.8560 0.1219 0.0000 0.8807 0.6910 0.0748 0.0895 100.0000 24.7573 0.3172 0.7284 25.8029 
166 2886.0000 100.0000 100.0000 100.0000 100.0000 100.0000 100.0000 3000.0000 2728.0000 762.0000 2294.0000 3000.0000 -3.1100 0.1330 0.0000 0.8879 0.6921 0.0720 0.1561 100.0000 30.7341 0.3710 0.8093 31.9143 
167 2825.0000 100.0000 100.0000 100.0000 100.0000 100.0000 100.0000 2463.0000 2859.0000 855.0000 2409.0000 3000.0000 -3.0390 0.1569 0.0000 0.9033 0.6926 0.0902 0.1884 100.0000 24.8795 0.2574 0.7084 25.8453 
168 2521.0000 100.0000 100.0000 100.0000 100.0000 100.0000 100.0000 3000.0000 3000.0000 366.0000 2055.0000 3000.0000 -3.0600 0.1356 0.0000 0.9171 0.6931 0.1333 0.2333 100.0000 24.3325 0.2403 0.6917 25.2645 
169 2962.0000 100.0000 100.0000 100.0000 100.0000 100.0000 100.0000 3000.0000 2336.0000 1211.0000 2584.0000 3000.0000 -2.9770 0.1059 0.0000 0.9291 0.6940 0.0849 0.1946 100.0000 24.3641 0.3176 0.7235 25.4052 
170 2611.0000 100.0000 100.0000 100.0000 588.0000 100.0000 100.0000 3000.0000 2689.0000 639.0000 2351.0000 3000.0000 -2.9620 0.1662 0.0000 0.9424 0.6950 0.1130 0.2428 100.0000 24.9247 0.2593 0.7606 25.9446 
171 2633.0000 100.0000 681.0000 100.0000 100.0000 100.0000 100.0000 3000.0000 2847.0000 677.0000 2446.0000 3000.0000 -2.8240 0.0569 0.0000 0.9511 0.6960 0.0182 0.0441 100.0000 24.2008 0.2718 0.6969 25.1695 
172 2537.0000 100.0000 100.0000 100.0000 100.0000 673.0000 100.0000 2979.0000 2719.0000 699.0000 2558.0000 3000.0000 -2.9340 0.1405 0.0000 0.9533 0.6977 0.0849 0.1943 100.0000 24.1749 0.2543 0.7549 25.1841 
173 2896.0000 100.0000 100.0000 100.0000 100.0000 100.0000 100.0000 3000.0000 3000.0000 1739.0000 3000.0000 3000.0000 -1.9740 0.1782 0.0000 0.9630 0.6984 0.1102 0.2333 100.0000 24.7373 0.3294 0.7654 25.8321 
174 2595.0000 100.0000 100.0000 100.0000 100.0000 100.0000 100.0000 3000.0000 2642.0000 308.0000 2438.0000 3000.0000 -3.0480 0.1507 0.0000 0.8835 0.7257 0.1114 0.1364 100.0000 24.1320 0.2772 0.7058 25.1151 
175 2631.0000 100.0000 100.0000 100.0000 100.0000 100.0000 100.0000 3000.0000 2160.0000 476.0000 2029.0000 3000.0000 -2.5300 0.1857 0.0000 0.8907 0.7267 0.0921 0.1581 100.0000 24.7242 0.2324 0.6684 25.6249 
176 2509.0000 100.0000 100.0000 100.0000 357.0000 100.0000 100.0000 2650.0000 3000.0000 394.0000 2553.0000 3000.0000 -3.0230 0.1657 0.0000 0.8660 0.7289 0.1392 0.1549 100.0000 24.7721 0.2646 0.7317 25.7684 
177 2320.0000 100.0000 100.0000 100.0000 100.0000 100.0000 100.0000 2388.0000 3000.0000 437.0000 2429.0000 3000.0000 -2.8510 0.1438 0.0000 0.8728 0.7302 0.1573 0.2444 100.0000 25.4327 0.2847 0.6799 26.3973 
178 2581.0000 100.0000 100.0000 100.0000 100.0000 100.0000 383.0000 3000.0000 2829.0000 495.0000 2627.0000 3000.0000 -3.0820 0.1224 0.0000 0.8724 0.7329 0.3641 0.5246 100.0000 23.9224 0.2621 0.7884 24.9730 
179 2557.0000 100.0000 100.0000 100.0000 100.0000 100.0000 100.0000 3000.0000 2918.0000 410.0000 2638.0000 3000.0000 -3.1870 0.1453 0.0000 0.8798 0.7334 0.3320 0.5870 100.0000 29.7995 0.3014 0.7566 30.8575 
180 2524.0000 100.0000 100.0000 100.0000 100.0000 100.0000 100.0000 3000.0000 3000.0000 379.0000 2604.0000 3000.0000 -3.1740 0.1409 0.0000 0.8858 0.7342 0.3038 0.5177 100.0000 24.3402 0.2945 0.7841 25.4188 
181 2610.0000 100.0000 100.0000 100.0000 100.0000 100.0000 100.0000 3000.0000 2805.0000 456.0000 2692.0000 3000.0000 -3.1250 0.1487 0.0000 0.8919 0.7353 0.2481 0.3380 100.0000 24.6840 0.2722 0.7770 25.7332 
182 2013.0000 100.0000 100.0000 100.0000 2287.0000 100.0000 100.0000 3000.0000 3000.0000 100.0000 3000.0000 3000.0000 -2.1220 0.1647 0.0000 0.8994 0.7363 0.0587 0.2921 100.0000 24.8835 0.3357 0.8401 26.0593 
183 3000.0000 100.0000 100.0000 100.0000 100.0000 100.0000 100.0000 3000.0000 3000.0000 100.0000 100.0000 3000.0000 -2.1640 0.1991 0.0000 0.8975 0.7333 0.1877 0.6851 100.0000 23.3826 0.2123 0.6502 24.2451 
184 2440.0000 100.0000 100.0000 100.0000 100.0000 100.0000 100.0000 3000.0000 3000.0000 344.0000 2613.0000 3000.0000 -3.2360 0.1423 0.0000 0.8973 0.7268 0.2613 0.6226 100.0000 26.5665 0.2927 0.7966 27.6558 
185 2433.0000 100.0000 100.0000 100.0000 100.0000 100.0000 100.0000 3000.0000 3000.0000 342.0000 2611.0000 3000.0000 -3.1940 0.1432 0.0000 0.9029 0.7279 0.2686 0.4506 100.0000 23.7588 0.2482 0.7791 24.7861 
186 2161.0000 100.0000 100.0000 100.0000 100.0000 3000.0000 100.0000 3000.0000 3000.0000 100.0000 3000.0000 3000.0000 -1.1520 0.1839 0.0000 0.9087 0.7291 0.0673 0.3408 100.0000 23.1985 0.2935 0.8407 24.3326 
187 100.0000 3000.0000 3000.0000 3000.0000 3000.0000 100.0000 3000.0000 100.0000 100.0000 100.0000 100.0000 100.0000 -2.3760 0.1241 0.0000 0.9076 0.7661 0.0856 0.4185 100.0000 23.2891 0.2546 0.7263 24.2700 
188 100.0000 3000.0000 3000.0000 3000.0000 3000.0000 100.0000 3000.0000 100.0000 100.0000 3000.0000 100.0000 100.0000 -1.8390 0.1021 0.0000 0.8884 0.7538 0.0978 0.4662 100.0000 27.6962 0.3028 0.8430 28.8420 
189 100.0000 3000.0000 3000.0000 3000.0000 3000.0000 100.0000 3000.0000 100.0000 100.0000 100.0000 100.0000 3000.0000 -1.6460 0.1238 0.0000 0.8875 0.7432 0.0922 0.4035 100.0000 23.1863 0.2997 0.9467 24.4327 
190 100.0000 100.0000 3000.0000 3000.0000 3000.0000 3000.0000 3000.0000 3000.0000 100.0000 100.0000 100.0000 100.0000 -1.6360 0.1719 0.0000 0.8893 0.7365 0.2074 1.1712 100.0000 23.5606 0.2944 0.7820 24.6370 
191 100.0000 3000.0000 100.0000 3000.0000 3000.0000 100.0000 3000.0000 100.0000 3000.0000 100.0000 100.0000 100.0000 -1.6240 0.1264 0.0000 0.8900 0.7258 0.0835 0.2545 100.0000 23.2290 0.2485 0.6851 24.1626 
192 100.0000 3000.0000 3000.0000 3000.0000 3000.0000 100.0000 100.0000 100.0000 100.0000 100.0000 3000.0000 100.0000 -1.6990 0.3467 0.0000 0.8924 0.7168 0.1330 0.5860 100.0000 23.4437 0.2584 0.7305 24.4326 
193 100.0000 3000.0000 3000.0000 100.0000 100.0000 100.0000 100.0000 100.0000 3000.0000 3000.0000 3000.0000 3000.0000 -1.8440 0.1958 0.0000 0.8927 0.7062 0.1719 1.0491 100.0000 23.4202 0.3033 0.9142 24.6376 
194 3000.0000 3000.0000 3000.0000 3000.0000 100.0000 100.0000 3000.0000 100.0000 100.0000 100.0000 100.0000 100.0000 -2.3570 0.1101 0.0000 0.8876 0.6927 0.2696 1.2689 100.0000 23.2785 0.2541 0.7181 24.2507 
195 3000.0000 3000.0000 3000.0000 3000.0000 100.0000 3000.0000 3000.0000 100.0000 100.0000 100.0000 100.0000 100.0000 -1.9550 0.3160 0.0000 0.8806 0.6892 0.1449 0.5921 100.0000 26.3216 0.3504 0.9169 27.5890 
196 3000.0000 3000.0000 3000.0000 3000.0000 100.0000 100.0000 3000.0000 3000.0000 100.0000 100.0000 100.0000 100.0000 -1.4630 0.2109 0.0000 0.8788 0.6798 0.0887 0.2907 100.0000 23.4165 0.2955 0.7786 24.4907 
197 100.0000 3000.0000 3000.0000 100.0000 100.0000 100.0000 3000.0000 100.0000 100.0000 100.0000 100.0000 100.0000 -2.3110 0.1791 0.0000 0.8779 0.6780 0.1168 0.3932 100.0000 23.4557 0.2093 0.5550 24.2200 
198 2473.0000 100.0000 100.0000 100.0000 100.0000 100.0000 100.0000 3000.0000 2825.0000 391.0000 2723.0000 3000.0000 -3.1670 0.1536 0.0000 0.8740 0.6751 0.5926 0.4342 100.0000 23.5180 0.2497 0.7164 24.4842 
199 2539.0000 100.0000 100.0000 100.0000 100.0000 100.0000 400.0000 3000.0000 2892.0000 473.0000 2593.0000 3000.0000 -2.9110 0.1230 0.0000 0.8798 0.6756 0.7722 1.1865 100.0000 23.3843 0.2583 0.7557 24.3984 
200 100.0000 3000.0000 3000.0000 3000.0000 100.0000 100.0000 3000.0000 100.0000 100.0000 100.0000 100.0000 100.0000 -1.7130 0.1210 0.0000 0.8842 0.6789 0.2131 0.8584 100.0000 23.6209 0.2098 0.6524 24.4831 
201 2447.0000 100.0000 100.0000 100.0000 100.0000 100.0000 100.0000 3000.0000 2775.0000 381.0000 2786.0000 3000.0000 -3.2210 0.1564 0.0000 0.8782 0.6726 0.4207 0.3819 100.0000 23.9335 0.2493 0.7528 24.9357 
202 2421.0000 100.0000 100.0000 100.0000 100.0000 100.0000 100.0000 3000.0000 2786.0000 376.0000 2772.0000 3000.0000 -3.2900 0.1543 0.0000 0.8835 0.6730 0.4834 0.6138 100.0000 23.4167 0.2503 0.7643 24.4313 
203 3000.0000 100.0000 100.0000 100.0000 100.0000 100.0000 100.0000 3000.0000 100.0000 619.0000 3000.0000 3000.0000 -1.8900 0.1445 0.0000 0.8883 0.6733 0.2949 1.1825 100.0000 27.1308 0.2587 0.7262 28.1158 
204 100.0000 100.0000 100.0000 100.0000 3000.0000 3000.0000 3000.0000 100.0000 3000.0000 3000.0000 3000.0000 100.0000 -2.1020 0.1562 0.0000 0.8866 0.6706 0.1366 0.8075 100.0000 26.6538 0.2981 0.9199 27.8719 
205 100.0000 100.0000 100.0000 100.0000 3000.0000 3000.0000 3000.0000 3000.0000 3000.0000 3000.0000 100.0000 100.0000 -2.2530 0.1391 0.0000 0.8749 0.6590 0.1240 0.6187 100.0000 23.2226 0.2943 1.0958 24.6127 
206 100.0000 3000.0000 3000.0000 100.0000 100.0000 3000.0000 3000.0000 100.0000 100.0000 3000.0000 100.0000 100.0000 -1.1730 0.0576 0.0000 0.8657 0.6516 0.1101 0.5883 100.0000 31.7075 0.3014 0.9710 32.9799 
207 3000.0000 100.0000 100.0000 3000.0000 3000.0000 3000.0000 3000.0000 3000.0000 3000.0000 3000.0000 100.0000 100.0000 -1.5500 0.0551 0.0000 0.8747 0.6577 0.0685 0.2249 100.0000 25.4202 0.3811 1.0508 26.8521 
208 3000.0000 100.0000 100.0000 100.0000 100.0000 100.0000 100.0000 1219.0000 3000.0000 100.0000 3000.0000 3000.0000 -2.2290 0.1725 0.0000 0.8766 0.6526 0.2193 1.0733 100.0000 25.9676 0.3505 0.9201 27.2382 
209 3000.0000 3000.0000 3000.0000 100.0000 100.0000 100.0000 3000.0000 100.0000 100.0000 100.0000 100.0000 100.0000 -1.8530 0.1152 0.0000 0.8757 0.6529 0.2409 0.7964 100.0000 24.3643 0.2466 0.6280 25.2389 
210 100.0000 100.0000 100.0000 100.0000 3000.0000 100.0000 100.0000 3000.0000 3000.0000 3000.0000 100.0000 100.0000 -2.1520 0.0912 0.0000 0.8733 0.6452 0.1480 0.6143 100.0000 26.1397 0.2105 0.6234 26.9735 
211 100.0000 100.0000 100.0000 100.0000 100.0000 100.0000 100.0000 3000.0000 3000.0000 3000.0000 100.0000 3000.0000 -1.7310 0.2642 0.0000 0.8673 0.6378 0.0967 0.3372 100.0000 23.2512 0.2093 0.6597 24.1202 
212 100.0000 100.0000 100.0000 100.0000 3000.0000 3000.0000 100.0000 100.0000 3000.0000 3000.0000 100.0000 100.0000 -1.4730 0.1882 0.0000 0.8660 0.6316 0.1221 0.4122 100.0000 23.5138 0.2090 0.6706 24.3935 
213 100.0000 100.0000 100.0000 100.0000 3000.0000 100.0000 3000.0000 3000.0000 3000.0000 3000.0000 3000.0000 100.0000 -2.2350 0.2148 0.0000 0.8694 0.6285 0.1497 0.7346 100.0000 23.5292 0.2993 0.8366 24.6652 
214 100.0000 3000.0000 100.0000 100.0000 3000.0000 100.0000 3000.0000 3000.0000 3000.0000 3000.0000 3000.0000 100.0000 -1.4160 0.0504 0.0000 0.8661 0.6244 0.2655 1.1130 100.0000 23.3981 0.3407 0.8779 24.6167 
215 100.0000 100.0000 100.0000 100.0000 3000.0000 100.0000 3000.0000 3000.0000 3000.0000 100.0000 100.0000 100.0000 -1.9830 0.0868 0.0000 0.8705 0.6254 0.1600 0.5845 100.0000 24.5747 0.2090 0.6765 25.4603 
216 100.0000 100.0000 100.0000 3000.0000 3000.0000 100.0000 100.0000 3000.0000 3000.0000 3000.0000 3000.0000 100.0000 -1.8510 0.1666 0.0000 0.8683 0.6184 0.1111 0.9995 100.0000 23.6676 0.2963 0.8582 24.8221 
217 3000.0000 3000.0000 100.0000 100.0000 100.0000 100.0000 3000.0000 3000.0000 3000.0000 100.0000 100.0000 3000.0000 -1.9950 0.2277 0.0000 0.8662 0.6106 0.2484 0.9752 100.0000 26.5127 0.3414 0.8635 27.7176 
218 3000.0000 3000.0000 3000.0000 3000.0000 3000.0000 100.0000 100.0000 100.0000 100.0000 3000.0000 3000.0000 3000.0000 -1.9840 0.1999 0.0000 0.8614 0.6026 0.1566 1.1409 100.0000 23.6723 0.3878 1.0439 25.1040 
219 3000.0000 3000.0000 3000.0000 3000.0000 100.0000 100.0000 100.0000 100.0000 3000.0000 100.0000 100.0000 3000.0000 -1.7950 0.0629 0.0000 0.8562 0.5949 0.1604 0.8273 100.0000 23.7950 0.5275 0.8841 25.2066 
220 3000.0000 3000.0000 100.0000 100.0000 3000.0000 3000.0000 3000.0000 100.0000 100.0000 100.0000 3000.0000 100.0000 -1.6730 0.0987 0.0000 0.8544 0.5875 0.1611 0.9223 100.0000 23.2831 0.3425 0.8928 24.5185 
221 100.0000 100.0000 100.0000 100.0000 100.0000 100.0000 3000.0000 3000.0000 3000.0000 100.0000 3000.0000 3000.0000 -1.4760 0.2170 0.0000 0.8551 0.5807 0.1201 0.2324 100.0000 23.9375 0.2547 0.7273 24.9195 
222 3000.0000 100.0000 100.0000 100.0000 3000.0000 100.0000 100.0000 3000.0000 100.0000 3000.0000 100.0000 100.0000 -0.9710 0.1019 0.0000 0.8542 0.5816 0.1901 0.8962 100.0000 23.4340 0.2135 0.7018 24.3494 
223 100.0000 100.0000 3000.0000 3000.0000 3000.0000 3000.0000 3000.0000 100.0000 3000.0000 3000.0000 3000.0000 3000.0000 -1.4390 0.1563 0.0000 0.8664 0.5922 0.1345 0.6483 100.0000 25.0152 0.4994 1.2457 26.7604 
224 3000.0000 100.0000 3000.0000 3000.0000 3000.0000 100.0000 100.0000 100.0000 100.0000 100.0000 3000.0000 3000.0000 -1.1460 0.0526 0.0000 0.8707 0.5894 0.1735 0.9298 100.0000 24.2714 0.3499 0.9313 25.5526 
225 100.0000 100.0000 3000.0000 100.0000 100.0000 100.0000 100.0000 3000.0000 3000.0000 100.0000 3000.0000 3000.0000 -1.5850 0.1552 0.0000 0.8798 0.5929 0.1661 0.6329 100.0000 23.3658 0.2515 0.7778 24.3951 
226 3000.0000 3000.0000 3000.0000 3000.0000 100.0000 100.0000 3000.0000 100.0000 100.0000 3000.0000 100.0000 3000.0000 -1.5090 0.1096 0.0000 0.8795 0.5896 0.1893 0.6594 100.0000 24.8212 0.3456 1.0761 26.2429 
227 3000.0000 3000.0000 3000.0000 3000.0000 3000.0000 3000.0000 3000.0000 3000.0000 3000.0000 3000.0000 3000.0000 3000.0000 -1.5580 0.1499 0.0000 0.8779 0.5843 0.1636 0.9030 100.0000 23.6300 0.5619 1.3204 25.5124 
228 2515.0000 462.0000 100.0000 100.0000 100.0000 100.0000 100.0000 3000.0000 2825.0000 421.0000 2628.0000 3000.0000 -2.8670 0.1397 0.0000 0.8793 0.5812 0.7996 0.5451 100.0000 28.3759 0.3052 0.8550 29.5361 
229 3000.0000 3000.0000 100.0000 3000.0000 100.0000 100.0000 100.0000 100.0000 3000.0000 3000.0000 3000.0000 100.0000 -1.4650 0.1890 0.0000 0.8818 0.5832 0.1692 1.0807 100.0000 23.7820 0.2994 1.0831 25.1645 
230 100.0000 100.0000 100.0000 100.0000 100.0000 3000.0000 3000.0000 3000.0000 3000.0000 3000.0000 100.0000 100.0000 -1.7180 0.2249 0.0000 0.8856 0.5795 0.3319 1.1916 100.0000 23.8655 0.2557 0.8522 24.9733 
231 3000.0000 100.0000 3000.0000 3000.0000 100.0000 3000.0000 3000.0000 3000.0000 100.0000 3000.0000 3000.0000 3000.0000 -1.6370 0.2962 0.0000 0.8855 0.5744 0.1161 0.3320 100.0000 24.4371 0.4263 1.3662 26.2297 
232 100.0000 100.0000 3000.0000 100.0000 3000.0000 100.0000 3000.0000 3000.0000 3000.0000 3000.0000 100.0000 100.0000 -1.9140 0.1856 0.0000 0.8853 0.5688 0.2029 0.3862 100.0000 23.6233 0.2957 0.9055 24.8244 
233 100.0000 3000.0000 3000.0000 100.0000 3000.0000 100.0000 3000.0000 100.0000 100.0000 100.0000 100.0000 100.0000 -1.7470 0.1529 0.0000 0.8839 0.5636 0.5724 1.0295 100.0000 23.5168 0.2089 0.6502 24.3759 
234 100.0000 100.0000 100.0000 100.0000 3000.0000 3000.0000 3000.0000 3000.0000 3000.0000 3000.0000 100.0000 3000.0000 -1.6760 0.2466 0.0000 0.8814 0.5589 0.1140 0.2852 100.0000 23.9010 0.3423 1.0656 25.3089 
235 3000.0000 3000.0000 100.0000 100.0000 100.0000 3000.0000 3000.0000 3000.0000 100.0000 100.0000 100.0000 3000.0000 -1.4570 0.0951 0.0000 0.8815 0.5543 0.1608 0.5611 100.0000 23.7079 0.2950 0.9074 24.9102 
236 100.0000 100.0000 3000.0000 100.0000 3000.0000 3000.0000 100.0000 3000.0000 3000.0000 3000.0000 3000.0000 100.0000 -1.7090 0.0692 0.0000 0.8852 0.5505 0.2509 0.6893 100.0000 24.5796 0.4863 1.0237 26.0896 
237 3000.0000 3000.0000 3000.0000 100.0000 3000.0000 3000.0000 100.0000 100.0000 100.0000 3000.0000 3000.0000 3000.0000 -1.4120 0.1586 0.0000 0.8843 0.5448 0.1690 0.5541 100.0000 25.5728 0.3915 1.1951 27.1594 
238 3000.0000 100.0000 3000.0000 3000.0000 100.0000 100.0000 3000.0000 100.0000 3000.0000 3000.0000 100.0000 100.0000 -1.8400 0.1936 0.0000 0.8886 0.5419 0.2209 0.7633 100.0000 28.7039 0.3502 1.0383 30.0924 
239 3000.0000 3000.0000 100.0000 100.0000 100.0000 100.0000 100.0000 3000.0000 3000.0000 100.0000 3000.0000 3000.0000 -1.7090 0.2255 0.0000 0.8869 0.5367 0.3354 0.6158 100.0000 23.9078 0.3580 0.9055 25.1712 
240 3000.0000 100.0000 3000.0000 100.0000 100.0000 100.0000 3000.0000 3000.0000 3000.0000 100.0000 100.0000 3000.0000 -2.0230 0.0700 0.0000 0.8856 0.5362 0.1617 0.5974 100.0000 25.1261 0.2974 0.9217 26.3452 
241 3000.0000 3000.0000 100.0000 3000.0000 100.0000 100.0000 3000.0000 100.0000 100.0000 100.0000 100.0000 100.0000 -1.8530 0.1456 0.0000 0.8829 0.5325 0.5206 1.3500 100.0000 23.7442 0.2093 0.6882 24.6418 
242 100.0000 3000.0000 3000.0000 100.0000 100.0000 100.0000 100.0000 100.0000 3000.0000 100.0000 100.0000 100.0000 -1.6280 0.3657 0.0000 0.8822 0.5280 0.6773 1.5038 100.0000 23.5200 0.1693 0.6924 24.3818 
243 3000.0000 100.0000 3000.0000 3000.0000 100.0000 3000.0000 100.0000 3000.0000 3000.0000 3000.0000 100.0000 100.0000 -1.2770 0.0491 0.0000 0.8822 0.5231 0.1704 0.4391 100.0000 24.0586 0.3890 1.0566 25.5042 
244 3000.0000 100.0000 100.0000 100.0000 3000.0000 100.0000 3000.0000 3000.0000 3000.0000 100.0000 100.0000 3000.0000 -2.1440 0.0537 0.0000 0.8883 0.5222 0.1938 0.4139 100.0000 24.2120 0.2978 0.9776 25.4874 
245 100.0000 3000.0000 3000.0000 100.0000 3000.0000 100.0000 3000.0000 3000.0000 3000.0000 100.0000 100.0000 3000.0000 -1.8230 0.0354 0.0000 0.8860 0.5202 0.1168 0.2702 100.0000 23.8487 0.3398 0.8786 25.0671 
246 100.0000 100.0000 100.0000 100.0000 3000.0000 100.0000 3000.0000 100.0000 3000.0000 3000.0000 100.0000 3000.0000 -1.3620 0.1586 0.0000 0.8835 0.5152 0.2985 1.1745 100.0000 23.9477 0.2540 0.7575 24.9592 
247 3000.0000 100.0000 100.0000 3000.0000 100.0000 100.0000 3000.0000 3000.0000 3000.0000 100.0000 100.0000 3000.0000 -2.0000 0.0562 0.0000 0.8850 0.5128 0.1217 0.1973 100.0000 23.9260 0.2952 0.9586 25.1799 
248 3000.0000 3000.0000 100.0000 3000.0000 3000.0000 100.0000 3000.0000 3000.0000 3000.0000 100.0000 100.0000 3000.0000 -1.4340 0.0763 0.0000 0.8840 0.5094 0.2744 0.5851 100.0000 23.6775 0.3881 1.0594 25.1250 
249 100.0000 100.0000 100.0000 100.0000 3000.0000 3000.0000 3000.0000 3000.0000 100.0000 3000.0000 3000.0000 100.0000 -2.0960 0.1611 0.0000 0.8860 0.5074 0.1782 0.5897 100.0000 24.6693 0.2978 0.9122 25.8793 
202 2421.0000 100.0000 100.0000 100.0000 100.0000 100.0000 100.0000 3000.0000 2786.0000 376.0000 2772.0000 3000.0000 -3.2900 0.1543 0.0000 0.8835 0.6730 0.4834 0.6138 100.0000 23.4167 0.2503 0.7643 24.4313 
