0 2280.0000 912.0000 2280.0000 912.0000 2280.0000 912.0000 2280.0000 912.0000 2280.0000 912.0000 2280.0000 912.0000 2280.0000 912.0000 -1.1400 0.0404 0.0000 0.1484 0.9077 0.0000 0.0000 0.0000 0.0000 0.0000 0.0000 0.0000 
1 1657.0000 1593.0000 1657.0000 1593.0000 1657.0000 1593.0000 1657.0000 1593.0000 1657.0000 1593.0000 1657.0000 1593.0000 1657.0000 1593.0000 -1.6270 0.1919 0.0000 0.1484 0.9077 0.0000 0.0000 0.0000 0.0000 0.0000 0.0000 0.0000 
2 1017.0000 1196.0000 1017.0000 1196.0000 1017.0000 1196.0000 1017.0000 1196.0000 1017.0000 1196.0000 1017.0000 1196.0000 1017.0000 1196.0000 -1.5480 0.2937 0.0000 0.1484 0.9077 0.0000 0.0000 0.0000 0.0000 0.0000 0.0000 0.0000 
3 2841.0000 2061.0000 2841.0000 2061.0000 2841.0000 2061.0000 2841.0000 2061.0000 2841.0000 2061.0000 2841.0000 2061.0000 2841.0000 2061.0000 -1.8480 0.2175 0.0000 0.1484 0.9077 0.0000 0.0000 0.0000 0.0000 0.0000 0.0000 0.0000 
4 2586.0000 2842.0000 2586.0000 2842.0000 2586.0000 2842.0000 2586.0000 2842.0000 2586.0000 2842.0000 2586.0000 2842.0000 2586.0000 2842.0000 -1.4530 0.1133 0.0000 0.1484 0.9077 0.0000 0.0000 0.0000 0.0000 0.0000 0.0000 0.0000 
5 629.0000 1168.0000 629.0000 1168.0000 629.0000 1168.0000 629.0000 1168.0000 629.0000 1168.0000 629.0000 1168.0000 629.0000 1168.0000 -1.0020 0.0847 0.0000 0.1484 0.9077 0.0000 0.0000 0.0000 0.0000 0.0000 0.0000 0.0000 
6 940.0000 2871.0000 940.0000 2871.0000 940.0000 2871.0000 940.0000 2871.0000 940.0000 2871.0000 940.0000 2871.0000 940.0000 2871.0000 -0.9780 0.1559 0.0000 0.1484 0.9077 0.0000 0.0000 0.0000 0.0000 0.0000 0.0000 0.0000 
7 692.0000 1179.0000 692.0000 1179.0000 692.0000 1179.0000 692.0000 1179.0000 692.0000 1179.0000 692.0000 1179.0000 692.0000 1179.0000 -1.2660 0.0297 0.0000 0.1484 0.9077 0.0000 0.0000 0.0000 0.0000 0.0000 0.0000 0.0000 
8 2804.0000 2134.0000 2804.0000 2134.0000 2804.0000 2134.0000 2804.0000 2134.0000 2804.0000 2134.0000 2804.0000 2134.0000 2804.0000 2134.0000 -1.9190 0.1762 0.0000 0.1484 0.9077 0.0000 0.0000 0.0000 0.0000 0.0000 0.0000 0.0000 
9 2247.0000 1846.0000 2247.0000 1846.0000 2247.0000 1846.0000 2247.0000 1846.0000 2247.0000 1846.0000 2247.0000 1846.0000 2247.0000 1846.0000 -1.3130 0.1862 0.0000 0.1484 0.9077 0.0000 0.0000 0.0000 0.0000 0.0000 0.0000 0.0000 
10 2308.0000 996.0000 2308.0000 996.0000 2308.0000 996.0000 2308.0000 996.0000 2308.0000 996.0000 2308.0000 996.0000 2308.0000 996.0000 -0.7400 0.1413 0.0000 0.1484 0.9077 0.0000 0.0000 0.0000 0.0000 0.0000 0.0000 0.0000 
11 637.0000 2709.0000 637.0000 2709.0000 637.0000 2709.0000 637.0000 2709.0000 637.0000 2709.0000 637.0000 2709.0000 637.0000 2709.0000 -0.9420 0.1766 0.0000 0.1484 0.9077 0.0000 0.0000 0.0000 0.0000 0.0000 0.0000 0.0000 
12 2517.0000 2582.0000 2517.0000 2582.0000 2517.0000 2582.0000 2517.0000 2582.0000 2517.0000 2582.0000 2517.0000 2582.0000 2517.0000 2582.0000 -2.0570 0.0694 0.0000 0.1484 0.9077 0.0000 0.0000 0.0000 0.0000 0.0000 0.0000 0.0000 
13 2867.0000 1814.0000 2867.0000 1814.0000 2867.0000 1814.0000 2867.0000 1814.0000 2867.0000 1814.0000 2867.0000 1814.0000 2867.0000 1814.0000 -1.2380 0.0587 0.0000 0.1484 0.9077 0.0000 0.0000 0.0000 0.0000 0.0000 0.0000 0.0000 
14 930.0000 1262.0000 930.0000 1262.0000 930.0000 1262.0000 930.0000 1262.0000 930.0000 1262.0000 930.0000 1262.0000 930.0000 1262.0000 -1.6170 0.1865 0.0000 0.1484 0.9077 0.0000 0.0000 0.0000 0.0000 0.0000 0.0000 0.0000 
15 443.0000 1963.0000 443.0000 1963.0000 443.0000 1963.0000 443.0000 1963.0000 443.0000 1963.0000 443.0000 1963.0000 443.0000 1963.0000 -1.5660 0.1450 0.0000 0.1484 0.9077 0.0000 0.0000 0.0000 0.0000 0.0000 0.0000 0.0000 
16 923.0000 1562.0000 923.0000 1562.0000 923.0000 1562.0000 923.0000 1562.0000 923.0000 1562.0000 923.0000 1562.0000 923.0000 1562.0000 -1.2090 0.1072 0.0000 0.1484 0.9077 0.0000 0.0000 0.0000 0.0000 0.0000 0.0000 0.0000 
17 1511.0000 1961.0000 1511.0000 1961.0000 1511.0000 1961.0000 1511.0000 1961.0000 1511.0000 1961.0000 1511.0000 1961.0000 1511.0000 1961.0000 -1.1920 0.0816 0.0000 0.1484 0.9077 0.0000 0.0000 0.0000 0.0000 0.0000 0.0000 0.0000 
18 2319.0000 2644.0000 2319.0000 2644.0000 2319.0000 2644.0000 2319.0000 2644.0000 2319.0000 2644.0000 2319.0000 2644.0000 2319.0000 2644.0000 -1.9100 0.0597 0.0000 0.1484 0.9077 0.0000 0.0000 0.0000 0.0000 0.0000 0.0000 0.0000 
19 1162.0000 2654.0000 1162.0000 2654.0000 1162.0000 2654.0000 1162.0000 2654.0000 1162.0000 2654.0000 1162.0000 2654.0000 1162.0000 2654.0000 -1.0280 0.1234 0.0000 0.1484 0.9077 0.0000 0.0000 0.0000 0.0000 0.0000 0.0000 0.0000 
20 2736.0000 1454.0000 2736.0000 1454.0000 2736.0000 1454.0000 2736.0000 1454.0000 2736.0000 1454.0000 2736.0000 1454.0000 2736.0000 1454.0000 -1.7840 0.1672 0.0000 0.1484 0.9077 0.0000 0.0000 0.0000 0.0000 0.0000 0.0000 0.0000 
21 1384.0000 244.0000 1384.0000 244.0000 1384.0000 244.0000 1384.0000 244.0000 1384.0000 244.0000 1384.0000 244.0000 1384.0000 244.0000 -1.0900 0.0875 0.0000 0.1484 0.9077 0.0000 0.0000 0.0000 0.0000 0.0000 0.0000 0.0000 
22 1924.0000 2585.0000 1924.0000 2585.0000 1924.0000 2585.0000 1924.0000 2585.0000 1924.0000 2585.0000 1924.0000 2585.0000 1924.0000 2585.0000 -1.3930 0.1072 0.0000 0.1484 0.9077 0.0000 0.0000 0.0000 0.0000 0.0000 0.0000 0.0000 
23 1235.0000 977.0000 1235.0000 977.0000 1235.0000 977.0000 1235.0000 977.0000 1235.0000 977.0000 1235.0000 977.0000 1235.0000 977.0000 -1.3490 0.2712 0.0000 0.1484 0.9077 0.0000 0.0000 0.0000 0.0000 0.0000 0.0000 0.0000 
24 1049.0000 2136.0000 1049.0000 2136.0000 1049.0000 2136.0000 1049.0000 2136.0000 1049.0000 2136.0000 1049.0000 2136.0000 1049.0000 2136.0000 -1.6200 0.0962 0.0000 0.1484 0.9077 0.0000 0.0000 0.0000 0.0000 0.0000 0.0000 0.0000 
25 2300.0000 2495.0000 2300.0000 2495.0000 2300.0000 2495.0000 2300.0000 2495.0000 2300.0000 2495.0000 2300.0000 2495.0000 2300.0000 2495.0000 -1.7860 0.0265 0.0000 0.1484 0.9077 0.0000 0.0000 0.0000 0.0000 0.0000 0.0000 0.0000 
26 2740.0000 1669.0000 2740.0000 1669.0000 2740.0000 1669.0000 2740.0000 1669.0000 2740.0000 1669.0000 2740.0000 1669.0000 2740.0000 1669.0000 -1.7460 0.1290 0.0000 0.1484 0.9077 0.0000 0.0000 0.0000 0.0000 0.0000 0.0000 0.0000 
27 2809.0000 2025.0000 2809.0000 2025.0000 2809.0000 2025.0000 2809.0000 2025.0000 2809.0000 2025.0000 2809.0000 2025.0000 2809.0000 2025.0000 -1.7190 0.2053 0.0000 0.1484 0.9077 0.0000 0.0000 0.0000 0.0000 0.0000 0.0000 0.0000 
28 1464.0000 1637.0000 1464.0000 1637.0000 1464.0000 1637.0000 1464.0000 1637.0000 1464.0000 1637.0000 1464.0000 1637.0000 1464.0000 1637.0000 -2.3600 0.1088 0.0000 0.1484 0.9077 0.0000 0.0000 0.0000 0.0000 0.0000 0.0000 0.0000 
29 1920.0000 1592.0000 1920.0000 1592.0000 1920.0000 1592.0000 1920.0000 1592.0000 1920.0000 1592.0000 1920.0000 1592.0000 1920.0000 1592.0000 -1.4270 0.2025 0.0000 0.1484 0.9077 0.0000 0.0000 0.0000 0.0000 0.0000 0.0000 0.0000 
30 2732.0000 2649.0000 2732.0000 2649.0000 2732.0000 2649.0000 2732.0000 2649.0000 2732.0000 2649.0000 2732.0000 2649.0000 2732.0000 2649.0000 -1.3590 0.1753 0.0000 0.1484 0.9077 0.0000 0.0000 0.0000 0.0000 0.0000 0.0000 0.0000 
31 750.0000 261.0000 750.0000 261.0000 750.0000 261.0000 750.0000 261.0000 750.0000 261.0000 750.0000 261.0000 750.0000 261.0000 -1.6340 0.3142 0.0000 0.1484 0.9077 0.0000 0.0000 0.0000 0.0000 0.0000 0.0000 0.0000 
32 302.0000 1387.0000 302.0000 1387.0000 302.0000 1387.0000 302.0000 1387.0000 302.0000 1387.0000 302.0000 1387.0000 302.0000 1387.0000 -1.5420 0.1206 0.0000 0.1484 0.9077 0.0000 0.0000 0.0000 0.0000 0.0000 0.0000 0.0000 
33 742.0000 262.0000 742.0000 262.0000 742.0000 262.0000 742.0000 262.0000 742.0000 262.0000 742.0000 262.0000 742.0000 262.0000 -1.7240 0.3246 0.0000 0.1484 0.9077 0.0000 0.0000 0.0000 0.0000 0.0000 0.0000 0.0000 
34 2069.0000 776.0000 2069.0000 776.0000 2069.0000 776.0000 2069.0000 776.0000 2069.0000 776.0000 2069.0000 776.0000 2069.0000 776.0000 -1.9790 0.1369 0.0000 0.1484 0.9077 0.0000 0.0000 0.0000 0.0000 0.0000 0.0000 0.0000 
35 2536.0000 1308.0000 2536.0000 1308.0000 2536.0000 1308.0000 2536.0000 1308.0000 2536.0000 1308.0000 2536.0000 1308.0000 2536.0000 1308.0000 -1.3230 0.2004 0.0000 0.1484 0.9077 0.0000 0.0000 0.0000 0.0000 0.0000 0.0000 0.0000 
36 1488.0000 2064.0000 1488.0000 2064.0000 1488.0000 2064.0000 1488.0000 2064.0000 1488.0000 2064.0000 1488.0000 2064.0000 1488.0000 2064.0000 -1.2010 0.2230 0.0000 0.1484 0.9077 0.0000 0.0000 0.0000 0.0000 0.0000 0.0000 0.0000 
37 1430.0000 1455.0000 1430.0000 1455.0000 1430.0000 1455.0000 1430.0000 1455.0000 1430.0000 1455.0000 1430.0000 1455.0000 1430.0000 1455.0000 -1.1110 0.0974 0.0000 0.1484 0.9077 0.0000 0.0000 0.0000 0.0000 0.0000 0.0000 0.0000 
38 919.0000 377.0000 919.0000 377.0000 919.0000 377.0000 919.0000 377.0000 919.0000 377.0000 919.0000 377.0000 919.0000 377.0000 -1.0050 0.1264 0.0000 0.1484 0.9077 0.0000 0.0000 0.0000 0.0000 0.0000 0.0000 0.0000 
39 523.0000 851.0000 523.0000 851.0000 523.0000 851.0000 523.0000 851.0000 523.0000 851.0000 523.0000 851.0000 523.0000 851.0000 -0.9700 0.0747 0.0000 0.1484 0.9077 0.0000 0.0000 0.0000 0.0000 0.0000 0.0000 0.0000 
40 1783.0000 2922.0000 1783.0000 2922.0000 1783.0000 2922.0000 1783.0000 2922.0000 1783.0000 2922.0000 1783.0000 2922.0000 1783.0000 2922.0000 -1.8060 0.0910 0.0000 0.1484 0.9077 0.0000 0.0000 0.0000 0.0000 0.0000 0.0000 0.0000 
41 2390.0000 930.0000 2390.0000 930.0000 2390.0000 930.0000 2390.0000 930.0000 2390.0000 930.0000 2390.0000 930.0000 2390.0000 930.0000 -0.7520 0.1281 0.0000 0.1484 0.9077 0.0000 0.0000 0.0000 0.0000 0.0000 0.0000 0.0000 
42 421.0000 1259.0000 421.0000 1259.0000 421.0000 1259.0000 421.0000 1259.0000 421.0000 1259.0000 421.0000 1259.0000 421.0000 1259.0000 -1.3920 0.1127 0.0000 0.1484 0.9077 0.0000 0.0000 0.0000 0.0000 0.0000 0.0000 0.0000 
43 2469.0000 2152.0000 2469.0000 2152.0000 2469.0000 2152.0000 2469.0000 2152.0000 2469.0000 2152.0000 2469.0000 2152.0000 2469.0000 2152.0000 -1.8990 0.1314 0.0000 0.1484 0.9077 0.0000 0.0000 0.0000 0.0000 0.0000 0.0000 0.0000 
44 1418.0000 900.0000 1418.0000 900.0000 1418.0000 900.0000 1418.0000 900.0000 1418.0000 900.0000 1418.0000 900.0000 1418.0000 900.0000 -0.6620 0.1080 0.0000 0.1484 0.9077 0.0000 0.0000 0.0000 0.0000 0.0000 0.0000 0.0000 
45 1275.0000 2510.0000 1275.0000 2510.0000 1275.0000 2510.0000 1275.0000 2510.0000 1275.0000 2510.0000 1275.0000 2510.0000 1275.0000 2510.0000 -1.6380 0.1029 0.0000 0.1484 0.9077 0.0000 0.0000 0.0000 0.0000 0.0000 0.0000 0.0000 
46 2805.0000 1147.0000 2805.0000 1147.0000 2805.0000 1147.0000 2805.0000 1147.0000 2805.0000 1147.0000 2805.0000 1147.0000 2805.0000 1147.0000 -1.8500 0.0736 0.0000 0.1484 0.9077 0.0000 0.0000 0.0000 0.0000 0.0000 0.0000 0.0000 
47 1901.0000 1659.0000 1901.0000 1659.0000 1901.0000 1659.0000 1901.0000 1659.0000 1901.0000 1659.0000 1901.0000 1659.0000 1901.0000 1659.0000 -1.5610 0.1753 0.0000 0.1484 0.9077 0.0000 0.0000 0.0000 0.0000 0.0000 0.0000 0.0000 
48 1124.0000 2904.0000 1124.0000 2904.0000 1124.0000 2904.0000 1124.0000 2904.0000 1124.0000 2904.0000 1124.0000 2904.0000 1124.0000 2904.0000 -1.4270 0.1658 0.0000 0.1484 0.9077 0.0000 0.0000 0.0000 0.0000 0.0000 0.0000 0.0000 
49 668.0000 1026.0000 668.0000 1026.0000 668.0000 1026.0000 668.0000 1026.0000 668.0000 1026.0000 668.0000 1026.0000 668.0000 1026.0000 -1.3930 0.1074 0.0000 0.1484 0.9077 0.0000 0.0000 0.0000 0.0000 0.0000 0.0000 0.0000 
50 630.0000 1905.0000 630.0000 1905.0000 630.0000 1905.0000 630.0000 1905.0000 630.0000 1905.0000 630.0000 1905.0000 630.0000 1905.0000 -1.8350 0.1046 0.0000 0.1484 0.9077 0.0000 0.0000 0.0000 0.0000 0.0000 0.0000 0.0000 
51 1373.0000 146.0000 1373.0000 146.0000 1373.0000 146.0000 1373.0000 146.0000 1373.0000 146.0000 1373.0000 146.0000 1373.0000 146.0000 -1.0650 0.0667 0.0000 0.1484 0.9077 0.0000 0.0000 0.0000 0.0000 0.0000 0.0000 0.0000 
52 2987.0000 2302.0000 2987.0000 2302.0000 2987.0000 2302.0000 2987.0000 2302.0000 2987.0000 2302.0000 2987.0000 2302.0000 2987.0000 2302.0000 -1.0220 0.0340 0.0000 0.1484 0.9077 0.0000 0.0000 0.0000 0.0000 0.0000 0.0000 0.0000 
53 108.0000 1917.0000 108.0000 1917.0000 108.0000 1917.0000 108.0000 1917.0000 108.0000 1917.0000 108.0000 1917.0000 108.0000 1917.0000 -1.5500 0.1702 0.0000 0.1484 0.9077 0.0000 0.0000 0.0000 0.0000 0.0000 0.0000 0.0000 
54 1974.0000 390.0000 1974.0000 390.0000 1974.0000 390.0000 1974.0000 390.0000 1974.0000 390.0000 1974.0000 390.0000 1974.0000 390.0000 -1.0530 0.2386 0.0000 0.1484 0.9077 0.0000 0.0000 0.0000 0.0000 0.0000 0.0000 0.0000 
55 2889.0000 2365.0000 2889.0000 2365.0000 2889.0000 2365.0000 2889.0000 2365.0000 2889.0000 2365.0000 2889.0000 2365.0000 2889.0000 2365.0000 -0.9990 0.0507 0.0000 0.1484 0.9077 0.0000 0.0000 0.0000 0.0000 0.0000 0.0000 0.0000 
56 2393.0000 2266.0000 2393.0000 2266.0000 2393.0000 2266.0000 2393.0000 2266.0000 2393.0000 2266.0000 2393.0000 2266.0000 2393.0000 2266.0000 -1.8910 0.0995 0.0000 0.1484 0.9077 0.0000 0.0000 0.0000 0.0000 0.0000 0.0000 0.0000 
57 1298.0000 1136.0000 1298.0000 1136.0000 1298.0000 1136.0000 1298.0000 1136.0000 1298.0000 1136.0000 1298.0000 1136.0000 1298.0000 1136.0000 -0.7790 0.2769 0.0000 0.1484 0.9077 0.0000 0.0000 0.0000 0.0000 0.0000 0.0000 0.0000 
58 1369.0000 2208.0000 1369.0000 2208.0000 1369.0000 2208.0000 1369.0000 2208.0000 1369.0000 2208.0000 1369.0000 2208.0000 1369.0000 2208.0000 -1.3060 0.2056 0.0000 0.1484 0.9077 0.0000 0.0000 0.0000 0.0000 0.0000 0.0000 0.0000 
59 2169.0000 1812.0000 2169.0000 1812.0000 2169.0000 1812.0000 2169.0000 1812.0000 2169.0000 1812.0000 2169.0000 1812.0000 2169.0000 1812.0000 -1.2240 0.1663 0.0000 0.1484 0.9077 0.0000 0.0000 0.0000 0.0000 0.0000 0.0000 0.0000 
60 1465.0000 1663.0000 1465.0000 1663.0000 1465.0000 1663.0000 1465.0000 1663.0000 1465.0000 1663.0000 1465.0000 1663.0000 1465.0000 1663.0000 -2.3300 0.1416 0.0000 0.1484 0.9077 0.0009 0.0051 89.0000 26.2077 0.3538 0.9187 27.4803 
61 1464.0000 1666.0000 1464.0000 1666.0000 1464.0000 1666.0000 1464.0000 1666.0000 1464.0000 1666.0000 1464.0000 1666.0000 1464.0000 1666.0000 -2.4340 0.1469 0.0000 0.1500 0.8453 0.0010 0.0080 70.0000 20.0657 0.3561 0.9108 21.3326 
62 1450.0000 1683.0000 1450.0000 1683.0000 1450.0000 1683.0000 1450.0000 1683.0000 1450.0000 1683.0000 1450.0000 1683.0000 1450.0000 1683.0000 -2.3480 0.1514 0.0000 0.1505 0.7852 0.0003 0.0098 86.0000 24.8067 0.3581 0.8457 26.0105 
63 1464.0000 1722.0000 1467.0000 1686.0000 1492.0000 1657.0000 1463.0000 1663.0000 1456.0000 1653.0000 1463.0000 1671.0000 1487.0000 1682.0000 -2.2740 0.1623 0.0000 0.1534 0.7435 0.0004 0.0202 100.0000 28.3470 0.3597 0.8576 29.5643 
64 1470.0000 1619.0000 1467.0000 1663.0000 1436.0000 1698.0000 1472.0000 1691.0000 1480.0000 1703.0000 1472.0000 1681.0000 1442.0000 1667.0000 -2.2510 0.1592 0.0000 0.1559 0.7142 0.0009 0.0091 80.0000 22.9862 0.3610 0.9176 24.2648 
65 1477.0000 1661.0000 1422.0000 1648.0000 1468.0000 1675.0000 1411.0000 1649.0000 1455.0000 1665.0000 1411.0000 1671.0000 1475.0000 1721.0000 -2.1950 0.1358 0.0000 0.1586 0.6918 0.0017 0.0271 100.0000 28.7846 0.4049 0.8695 30.0590 
66 1415.0000 1704.0000 1478.0000 1701.0000 1439.0000 1656.0000 1489.0000 1688.0000 1435.0000 1665.0000 1489.0000 1667.0000 1428.0000 1616.0000 -2.3300 0.1308 0.0000 0.1613 0.6773 0.0009 0.0095 88.0000 25.1275 0.3620 0.8787 26.3683 
67 1390.0000 1698.0000 1510.0000 1671.0000 1425.0000 1634.0000 1466.0000 1699.0000 1495.0000 1670.0000 1466.0000 1692.0000 1475.0000 1645.0000 -2.3400 0.1439 0.0000 0.1665 0.6637 0.0027 0.0326 100.0000 32.4069 0.4670 0.9714 33.8453 
68 1442.0000 1712.0000 1491.0000 1705.0000 1398.0000 1664.0000 1427.0000 1671.0000 1462.0000 1685.0000 1526.0000 1648.0000 1474.0000 1637.0000 -2.3470 0.1671 0.0000 0.1717 0.6529 0.0040 0.0369 100.0000 28.7768 0.3614 0.8807 30.0188 
69 1403.0000 1694.0000 1488.0000 1720.0000 1416.0000 1630.0000 1495.0000 1651.0000 1466.0000 1691.0000 1507.0000 1647.0000 1432.0000 1701.0000 -2.1780 0.1355 0.0000 0.1772 0.6451 0.0017 0.0210 100.0000 30.6686 0.3624 0.8841 31.9152 
70 1453.0000 1711.0000 1481.0000 1666.0000 1445.0000 1694.0000 1427.0000 1724.0000 1452.0000 1660.0000 1471.0000 1697.0000 1483.0000 1575.0000 -2.3720 0.1689 0.0000 0.1803 0.6431 0.0009 0.0076 88.0000 25.3009 0.4032 0.8726 26.5767 
71 1468.0000 1723.0000 1508.0000 1641.0000 1419.0000 1696.0000 1441.0000 1728.0000 1425.0000 1643.0000 1472.0000 1705.0000 1469.0000 1604.0000 -2.3090 0.1680 0.0000 0.1861 0.6401 0.0010 0.0151 100.0000 29.2785 0.3639 0.9240 30.5663 
72 1424.0000 1698.0000 1444.0000 1708.0000 1473.0000 1687.0000 1419.0000 1714.0000 1483.0000 1689.0000 1468.0000 1687.0000 1488.0000 1563.0000 -2.3620 0.1702 0.0000 0.1911 0.6393 0.0017 0.0137 100.0000 30.8037 0.4259 1.0510 32.2806 
73 1407.0000 1688.0000 1484.0000 1702.0000 1469.0000 1720.0000 1425.0000 1748.0000 1453.0000 1666.0000 1456.0000 1635.0000 1500.0000 1593.0000 -2.2760 0.1796 0.0000 0.1970 0.6398 0.0021 0.0181 100.0000 31.5185 0.3598 0.8667 32.7449 
74 1461.0000 1724.0000 1436.0000 1682.0000 1442.0000 1655.0000 1429.0000 1684.0000 1481.0000 1693.0000 1482.0000 1754.0000 1457.0000 1566.0000 -2.2320 0.1596 0.0000 0.2021 0.6425 0.0025 0.0140 100.0000 29.0863 0.3650 0.9283 30.3795 
75 1411.0000 1667.0000 1448.0000 1692.0000 1447.0000 1696.0000 1427.0000 1746.0000 1440.0000 1600.0000 1532.0000 1714.0000 1498.0000 1637.0000 -2.3830 0.1458 0.0000 0.2067 0.6462 0.0360 0.0626 100.0000 29.2631 0.3594 0.9507 30.5732 
76 1445.0000 1663.0000 1443.0000 1717.0000 1419.0000 1652.0000 1446.0000 1778.0000 1418.0000 1625.0000 1494.0000 1700.0000 1525.0000 1628.0000 -2.2620 0.1595 0.0000 0.2132 0.6502 0.0176 0.0441 100.0000 28.9680 0.3577 0.9083 30.2341 
77 2312.0000 2545.0000 2533.0000 2476.0000 2433.0000 2568.0000 2334.0000 2656.0000 2449.0000 2331.0000 2614.0000 2533.0000 2554.0000 2201.0000 -2.2500 0.0429 0.0000 0.2182 0.6557 0.1139 0.7642 100.0000 29.0911 0.5522 1.2884 30.9317 
78 2268.0000 2628.0000 2600.0000 2429.0000 2356.0000 2623.0000 2450.0000 2581.0000 2376.0000 2258.0000 2708.0000 2481.0000 2452.0000 2263.0000 -1.9710 0.0903 0.0000 0.2259 0.6794 0.0985 0.2553 100.0000 28.7855 0.5534 1.2971 30.6361 
79 1377.0000 1705.0000 1478.0000 1658.0000 1473.0000 1758.0000 1405.0000 1703.0000 1464.0000 1615.0000 1530.0000 1709.0000 1447.0000 1629.0000 -2.3270 0.1447 0.0000 0.2277 0.6817 0.3118 1.4636 100.0000 28.9583 0.3608 0.9818 30.3009 
80 1407.0000 1660.0000 1540.0000 1732.0000 1470.0000 1725.0000 1387.0000 1683.0000 1422.0000 1626.0000 1483.0000 1740.0000 1463.0000 1615.0000 -2.2110 0.1477 0.0000 0.2332 0.6873 0.2614 1.4796 100.0000 30.3822 0.3643 1.0189 31.7654 
81 2354.0000 2442.0000 2451.0000 2515.0000 2509.0000 2495.0000 2202.0000 2723.0000 2520.0000 2400.0000 2501.0000 2576.0000 2655.0000 2126.0000 -1.6930 0.0167 0.0000 0.2373 0.6938 0.0746 0.2093 100.0000 32.5937 0.5568 1.2462 34.3967 
82 1403.0000 1744.0000 1406.0000 1617.0000 1439.0000 1723.0000 1454.0000 1759.0000 1485.0000 1647.0000 1524.0000 1655.0000 1470.0000 1630.0000 -2.1510 0.1648 0.0000 0.2305 0.6850 0.2845 1.6929 100.0000 30.6959 0.4043 0.8829 31.9831 
83 2277.0000 2507.0000 2527.0000 2457.0000 2299.0000 2515.0000 2395.0000 2372.0000 2478.0000 2538.0000 2766.0000 2707.0000 2463.0000 2338.0000 -1.7880 0.0561 0.0000 0.2333 0.6907 0.0512 0.2747 100.0000 28.8071 0.5532 1.3554 30.7158 
84 2429.0000 2643.0000 2536.0000 2491.0000 2514.0000 2635.0000 2486.0000 2757.0000 2356.0000 2218.0000 2413.0000 2300.0000 2464.0000 2398.0000 -1.9990 0.1304 0.0000 0.2338 0.6922 0.0119 0.0899 100.0000 32.6616 0.7020 1.3609 34.7245 
85 2107.0000 2591.0000 2310.0000 2508.0000 2539.0000 2518.0000 2587.0000 2714.0000 2327.0000 2354.0000 2668.0000 2321.0000 2609.0000 2390.0000 -2.2240 0.0968 0.0000 0.2377 0.6988 0.0115 0.1828 100.0000 30.5463 0.5529 1.2346 32.3339 
86 2151.0000 2597.0000 2393.0000 2385.0000 2349.0000 2524.0000 2664.0000 2800.0000 2331.0000 2477.0000 2597.0000 2245.0000 2651.0000 2292.0000 -2.3160 0.1020 0.0000 0.2429 0.7122 0.0061 0.1360 100.0000 29.0725 0.5863 1.3593 31.0181 
87 2093.0000 2584.0000 2460.0000 2522.0000 2374.0000 2454.0000 2706.0000 2766.0000 2225.0000 2435.0000 2588.0000 2215.0000 2675.0000 2236.0000 -2.1360 0.1275 0.0000 0.2491 0.7256 0.0015 0.0489 100.0000 30.2690 0.8577 1.5083 32.6349 
88 2152.0000 2618.0000 2277.0000 2254.0000 2384.0000 2595.0000 2619.0000 2828.0000 2415.0000 2435.0000 2650.0000 2246.0000 2618.0000 2360.0000 -2.4250 0.0696 0.0000 0.2524 0.7300 0.0002 0.0095 98.0000 28.2293 0.6324 1.2551 30.1168 
89 2140.0000 2623.0000 2259.0000 2231.0000 2381.0000 2602.0000 2627.0000 2841.0000 2418.0000 2432.0000 2659.0000 2231.0000 2621.0000 2362.0000 -2.4240 0.0725 0.0000 0.2589 0.7442 0.0003 0.0097 95.0000 27.6778 0.6439 1.2808 29.6025 
90 2131.0000 2626.0000 2251.0000 2221.0000 2379.0000 2605.0000 2633.0000 2849.0000 2417.0000 2430.0000 2664.0000 2222.0000 2623.0000 2362.0000 -2.2960 0.0735 0.0000 0.2636 0.7523 0.0012 0.0195 100.0000 28.9104 0.5458 1.3454 30.8016 
91 2225.0000 2671.0000 2255.0000 2284.0000 2352.0000 2566.0000 2596.0000 2789.0000 2425.0000 2461.0000 2647.0000 2248.0000 2639.0000 2381.0000 -2.3410 0.0462 0.0000 0.2664 0.7564 0.0014 0.0357 100.0000 29.3934 0.5408 1.3796 31.3138 
92 2136.0000 2548.0000 2320.0000 2241.0000 2411.0000 2619.0000 2648.0000 2838.0000 2427.0000 2475.0000 2614.0000 2283.0000 2578.0000 2390.0000 -2.4490 0.0885 0.0000 0.2711 0.7628 0.0005 0.0196 100.0000 28.8724 0.5492 1.2358 30.6574 
93 2124.0000 2529.0000 2322.0000 2225.0000 2416.0000 2628.0000 2664.0000 2847.0000 2430.0000 2488.0000 2606.0000 2284.0000 2567.0000 2403.0000 -2.2380 0.0948 0.0000 0.2759 0.7694 0.0004 0.0097 86.0000 25.0229 0.5917 1.2471 26.8618 
94 2103.0000 2662.0000 2272.0000 2295.0000 2390.0000 2679.0000 2616.0000 2795.0000 2482.0000 2427.0000 2628.0000 2227.0000 2621.0000 2269.0000 -2.3420 0.0438 0.0000 0.2787 0.7741 0.0053 0.0643 100.0000 29.2339 0.5453 1.3267 31.1059 
95 2131.0000 2665.0000 2307.0000 2261.0000 2397.0000 2529.0000 2576.0000 2915.0000 2441.0000 2441.0000 2712.0000 2226.0000 2543.0000 2315.0000 -2.3820 0.0751 0.0000 0.2833 0.7799 0.0287 0.1063 100.0000 31.1638 0.5852 1.2312 32.9803 
96 2170.0000 2660.0000 2277.0000 2215.0000 2444.0000 2611.0000 2578.0000 2875.0000 2329.0000 2480.0000 2721.0000 2227.0000 2584.0000 2282.0000 -2.4830 0.0600 0.0000 0.2883 0.7858 0.0057 0.0573 100.0000 32.4472 0.5481 1.5317 34.5270 
97 2174.0000 2674.0000 2260.0000 2185.0000 2462.0000 2627.0000 2575.0000 2889.0000 2290.0000 2498.0000 2745.0000 2210.0000 2582.0000 2262.0000 -2.3640 0.0614 0.0000 0.2934 0.7925 0.0008 0.0132 100.0000 29.7750 0.7175 1.3729 31.8654 
98 2104.0000 2750.0000 2311.0000 2140.0000 2467.0000 2560.0000 2575.0000 2883.0000 2334.0000 2459.0000 2675.0000 2272.0000 2627.0000 2299.0000 -2.3720 0.0142 0.0000 0.2969 0.7972 0.0228 0.0829 100.0000 36.8368 0.6469 1.4766 38.9602 
99 2197.0000 2659.0000 2198.0000 2221.0000 2404.0000 2597.0000 2665.0000 2941.0000 2333.0000 2422.0000 2739.0000 2288.0000 2553.0000 2236.0000 -2.4920 0.0906 0.0000 0.3012 0.8023 0.0022 0.0375 100.0000 29.8432 0.5409 1.2391 31.6232 
100 2197.0000 2662.0000 2176.0000 2213.0000 2396.0000 2597.0000 2684.0000 2959.0000 2328.0000 2413.0000 2749.0000 2289.0000 2548.0000 2227.0000 -2.4950 0.0957 0.0000 0.3065 0.8088 0.0019 0.0180 100.0000 32.2202 0.5416 1.3993 34.1611 
101 2196.0000 2665.0000 2164.0000 2207.0000 2392.0000 2598.0000 2694.0000 2969.0000 2326.0000 2409.0000 2755.0000 2286.0000 2546.0000 2223.0000 -2.4520 0.0973 0.0000 0.3107 0.8157 0.1000 0.1835 100.0000 29.1908 0.5398 1.2429 30.9735 
102 2184.0000 2659.0000 2171.0000 2212.0000 2371.0000 2620.0000 2674.0000 2998.0000 2314.0000 2402.0000 2774.0000 2286.0000 2570.0000 2238.0000 -2.4590 0.1075 0.0000 0.3142 0.8216 0.0819 0.1683 100.0000 28.9364 0.5895 1.2452 30.7710 
103 2200.0000 2678.0000 2150.0000 2194.0000 2417.0000 2576.0000 2718.0000 2945.0000 2341.0000 2430.0000 2746.0000 2260.0000 2519.0000 2212.0000 -2.4790 0.0862 0.0000 0.3179 0.8278 0.2509 1.2887 100.0000 29.1891 0.5436 1.3764 31.1091 
104 2189.0000 2686.0000 2137.0000 2193.0000 2412.0000 2582.0000 2725.0000 2960.0000 2340.0000 2435.0000 2757.0000 2243.0000 2518.0000 2217.0000 -2.4490 0.0866 0.0000 0.3218 0.8341 0.0002 0.0099 100.0000 29.2495 0.5880 1.2579 31.0954 
105 2209.0000 2632.0000 2171.0000 2153.0000 2399.0000 2577.0000 2694.0000 2951.0000 2328.0000 2370.0000 2769.0000 2264.0000 2566.0000 2202.0000 -2.5070 0.1112 0.0000 0.3251 0.8404 0.0002 0.0095 87.0000 28.8670 0.5394 1.3815 30.7880 
106 2206.0000 2623.0000 2161.0000 2127.0000 2393.0000 2574.0000 2701.0000 2960.0000 2325.0000 2350.0000 2785.0000 2248.0000 2577.0000 2193.0000 -2.5090 0.1223 0.0000 0.3292 0.8469 0.0002 0.0086 91.0000 26.2725 0.5469 1.2633 28.0828 
107 2203.0000 2622.0000 2155.0000 2117.0000 2390.0000 2575.0000 2705.0000 2967.0000 2323.0000 2344.0000 2792.0000 2240.0000 2580.0000 2191.0000 -2.3890 0.1287 0.0000 0.3333 0.8535 0.0003 0.0092 100.0000 29.0151 0.5486 1.4053 30.9689 
108 2228.0000 2690.0000 2158.0000 2144.0000 2395.0000 2593.0000 2726.0000 2945.0000 2318.0000 2410.0000 2706.0000 2345.0000 2556.0000 2193.0000 -2.4660 0.0731 0.0000 0.3356 0.8589 0.0006 0.0174 100.0000 29.1268 0.5510 1.3809 31.0588 
109 2144.0000 2679.0000 2093.0000 2174.0000 2445.0000 2598.0000 2715.0000 2963.0000 2312.0000 2388.0000 2782.0000 2336.0000 2568.0000 2237.0000 -2.5330 0.0668 0.0000 0.3392 0.8650 0.0007 0.0231 100.0000 36.2764 0.6508 1.4935 38.4208 
110 2106.0000 2700.0000 2046.0000 2161.0000 2454.0000 2611.0000 2735.0000 2989.0000 2300.0000 2385.0000 2803.0000 2344.0000 2577.0000 2244.0000 -2.4510 0.0545 0.0000 0.3436 0.8717 0.0010 0.0193 100.0000 36.3311 0.6500 1.4640 38.4451 
111 2225.0000 2679.0000 2066.0000 2150.0000 2438.0000 2523.0000 2715.0000 2991.0000 2271.0000 2396.0000 2793.0000 2326.0000 2543.0000 2318.0000 -2.5460 0.0818 0.0000 0.3470 0.8772 0.0020 0.0374 100.0000 32.1183 0.5464 1.2833 33.9480 
112 2237.0000 2689.0000 2043.0000 2134.0000 2431.0000 2508.0000 2726.0000 3000.0000 2254.0000 2400.0000 2806.0000 2316.0000 2538.0000 2340.0000 -2.5810 0.0801 0.0000 0.3516 0.8842 0.0109 0.0630 100.0000 29.0738 0.5491 1.2684 30.8912 
113 2257.0000 2709.0000 1999.0000 2104.0000 2419.0000 2484.0000 2750.0000 3000.0000 2223.0000 2408.0000 2833.0000 2296.0000 2531.0000 2374.0000 -2.5290 0.0837 0.0000 0.3558 0.8918 0.0098 0.0558 100.0000 29.0877 0.6403 1.2754 31.0034 
114 2243.0000 2728.0000 2010.0000 2093.0000 2472.0000 2480.0000 2748.0000 3000.0000 2266.0000 2358.0000 2825.0000 2298.0000 2467.0000 2371.0000 -2.5210 0.0739 0.0000 0.3595 0.8977 0.0013 0.0358 100.0000 29.0366 0.5950 1.2814 30.9129 
115 2274.0000 2680.0000 1957.0000 2116.0000 2414.0000 2528.0000 2749.0000 3000.0000 2202.0000 2445.0000 2819.0000 2283.0000 2594.0000 2354.0000 -2.5170 0.0787 0.0000 0.3630 0.9033 0.0071 0.0574 100.0000 29.1543 0.7620 1.3780 31.2942 
116 2198.0000 2725.0000 2045.0000 2091.0000 2350.0000 2450.0000 2764.0000 3000.0000 2240.0000 2425.0000 2877.0000 2341.0000 2535.0000 2356.0000 -2.6410 0.1002 0.0000 0.3664 0.9085 0.0032 0.0416 100.0000 32.5044 0.6562 1.5343 34.6949 
117 2160.0000 2762.0000 2033.0000 2045.0000 2283.0000 2408.0000 2805.0000 3000.0000 2227.0000 2444.0000 2941.0000 2352.0000 2534.0000 2361.0000 -2.3900 0.1164 0.0000 0.3709 0.9148 0.0003 0.0100 100.0000 31.9006 0.5825 1.2623 33.7454 
118 2260.0000 2600.0000 2061.0000 2075.0000 2455.0000 2582.0000 2752.0000 3000.0000 2096.0000 2332.0000 2870.0000 2373.0000 2498.0000 2426.0000 -2.4520 0.1450 0.0000 0.3721 0.9146 0.0109 0.1004 100.0000 32.8078 0.6481 1.4804 34.9363 
119 2226.0000 2638.0000 1940.0000 2094.0000 2539.0000 2336.0000 2769.0000 3000.0000 2287.0000 2484.0000 2785.0000 2304.0000 2535.0000 2298.0000 -2.5010 0.0742 0.0000 0.3754 0.9177 0.0072 0.0669 100.0000 32.5338 0.5447 1.2766 34.3551 
120 2276.0000 2841.0000 1921.0000 2119.0000 2429.0000 2417.0000 2743.0000 3000.0000 2264.0000 2279.0000 2743.0000 2296.0000 2642.0000 2345.0000 -2.3110 0.0493 0.0000 0.3793 0.9214 0.0063 0.0634 100.0000 29.0628 0.6167 1.4695 31.1491 
121 2219.0000 2584.0000 1994.0000 2115.0000 2453.0000 2526.0000 2743.0000 3000.0000 2280.0000 2567.0000 2931.0000 2272.0000 2399.0000 2334.0000 -2.5700 0.1305 0.0000 0.3801 0.9239 0.1893 1.0750 100.0000 28.9432 0.5435 1.2488 30.7355 
122 2192.0000 2625.0000 2020.0000 2064.0000 2482.0000 2543.0000 2853.0000 3000.0000 2221.0000 2600.0000 2857.0000 2243.0000 2386.0000 2325.0000 -2.3990 0.1172 0.0000 0.3845 0.9296 0.0056 0.0495 100.0000 28.8948 0.6361 1.2931 30.8240 
123 2238.0000 2563.0000 1985.0000 2152.0000 2412.0000 2478.0000 2618.0000 3000.0000 2322.0000 2458.0000 2976.0000 2332.0000 2490.0000 2346.0000 -2.6710 0.1256 0.0000 0.3860 0.9324 0.0462 0.1076 100.0000 29.2395 0.5456 1.2815 31.0666 
124 2241.0000 2538.0000 1951.0000 2151.0000 2404.0000 2479.0000 2587.0000 3000.0000 2340.0000 2454.0000 3000.0000 2329.0000 2488.0000 2351.0000 -2.6730 0.1258 0.0000 0.3895 0.9393 0.2140 0.7909 100.0000 29.1574 0.5897 1.2718 31.0189 
125 2241.0000 2531.0000 1940.0000 2148.0000 2400.0000 2481.0000 2580.0000 3000.0000 2345.0000 2453.0000 3000.0000 2327.0000 2487.0000 2353.0000 -2.5310 0.1292 0.0000 0.3927 0.9458 0.0535 0.0612 100.0000 29.1892 0.5388 1.4018 31.1298 
126 2273.0000 2569.0000 2009.0000 2229.0000 2421.0000 2421.0000 2612.0000 3000.0000 2265.0000 2466.0000 3000.0000 2331.0000 2464.0000 2309.0000 -2.6710 0.1532 0.0000 0.3952 0.9488 0.0065 0.0477 100.0000 29.1231 0.5466 1.2726 30.9423 
127 2277.0000 2566.0000 2003.0000 2238.0000 2417.0000 2418.0000 2612.0000 3000.0000 2261.0000 2465.0000 3000.0000 2323.0000 2459.0000 2306.0000 -2.5680 0.1595 0.0000 0.3984 0.9540 0.0072 0.0377 100.0000 28.7092 0.5438 1.3251 30.5781 
128 2270.0000 2604.0000 2008.0000 2098.0000 2458.0000 2462.0000 2558.0000 3000.0000 2300.0000 2494.0000 3000.0000 2392.0000 2478.0000 2301.0000 -2.5590 0.1031 0.0000 0.4012 0.9587 0.0094 0.0594 100.0000 29.2947 0.5505 1.2786 31.1237 
129 2195.0000 2496.0000 1966.0000 2240.0000 2402.0000 2443.0000 2674.0000 3000.0000 2326.0000 2420.0000 3000.0000 2271.0000 2493.0000 2385.0000 -2.5940 0.1683 0.0000 0.4043 0.9633 0.1353 0.3191 100.0000 29.0832 0.5454 1.4340 31.0626 
130 2321.0000 2550.0000 1913.0000 2235.0000 2339.0000 2510.0000 2676.0000 3000.0000 2349.0000 2445.0000 3000.0000 2328.0000 2434.0000 2319.0000 -2.5850 0.1604 0.0000 0.4075 0.9679 0.0244 0.1016 100.0000 29.0344 0.6654 1.3698 31.0697 
131 2231.0000 2531.0000 1939.0000 2207.0000 2379.0000 2485.0000 2585.0000 3000.0000 2244.0000 2520.0000 3000.0000 2233.0000 2570.0000 2347.0000 -2.5790 0.1432 0.0000 0.4108 0.9725 0.0091 0.0630 100.0000 29.4031 0.5430 1.2954 31.2416 
132 2203.0000 2604.0000 1970.0000 2198.0000 2445.0000 2459.0000 2577.0000 3000.0000 2337.0000 2401.0000 3000.0000 2232.0000 2384.0000 2373.0000 -2.6000 0.1389 0.0000 0.4139 0.9769 0.0204 0.0843 100.0000 29.0502 0.5408 1.2798 30.8708 
133 2122.0000 2535.0000 1905.0000 2224.0000 2449.0000 2465.0000 2636.0000 3000.0000 2297.0000 2420.0000 3000.0000 2375.0000 2437.0000 2302.0000 -2.6350 0.1388 0.0000 0.4171 0.9814 0.0554 0.1393 100.0000 29.5988 0.5862 1.2887 31.4737 
134 2158.0000 2461.0000 1951.0000 2156.0000 2430.0000 2413.0000 2651.0000 3000.0000 2310.0000 2376.0000 3000.0000 2340.0000 2428.0000 2284.0000 -2.5170 0.1530 0.0000 0.4205 0.9858 0.0198 0.0775 100.0000 29.1373 0.5592 1.2320 30.9285 
135 2185.0000 2646.0000 1901.0000 2273.0000 2443.0000 2527.0000 2601.0000 3000.0000 2314.0000 2498.0000 3000.0000 2338.0000 2463.0000 2379.0000 -2.7610 0.1198 0.0000 0.4227 0.9910 0.0145 0.0591 100.0000 28.7808 0.5960 1.6483 31.0251 
136 2146.0000 2701.0000 1766.0000 2330.0000 2472.0000 2580.0000 2569.0000 3000.0000 2327.0000 2549.0000 3000.0000 2337.0000 2440.0000 2406.0000 -2.6430 0.1022 0.0000 0.4258 0.9966 0.0358 0.1124 100.0000 29.1879 0.5455 1.3178 31.0512 
137 2242.0000 2664.0000 1732.0000 2331.0000 2539.0000 2647.0000 2551.0000 3000.0000 2267.0000 2490.0000 3000.0000 2268.0000 2415.0000 2297.0000 -2.6990 0.0695 0.0000 0.4294 1.0009 0.1641 0.5237 100.0000 29.1291 0.5464 1.2666 30.9421 
138 2186.0000 2615.0000 1679.0000 2251.0000 2541.0000 2699.0000 2548.0000 3000.0000 2372.0000 2485.0000 3000.0000 2261.0000 2454.0000 2411.0000 -2.4760 0.0296 0.0000 0.4338 1.0067 0.0055 0.0708 100.0000 29.3338 0.6983 1.3039 31.3359 
139 2211.0000 2742.0000 1840.0000 2401.0000 2444.0000 2495.0000 2586.0000 3000.0000 2202.0000 2545.0000 3000.0000 2331.0000 2387.0000 2262.0000 -2.6190 0.1636 0.0000 0.4345 1.0080 0.1476 0.4653 100.0000 29.4861 0.6493 1.4857 31.6211 
140 2181.0000 2749.0000 1804.0000 2364.0000 2426.0000 2439.0000 2587.0000 3000.0000 2413.0000 2603.0000 3000.0000 2235.0000 2411.0000 2232.0000 -2.4020 0.1424 0.0000 0.4376 1.0115 0.1318 1.2191 100.0000 29.0023 0.5498 1.3198 30.8720 
141 2214.0000 2614.0000 1868.0000 2347.0000 2488.0000 2604.0000 2570.0000 3000.0000 2115.0000 2468.0000 3000.0000 2422.0000 2439.0000 2413.0000 -2.5030 0.1208 0.0000 0.4380 1.0151 0.1349 1.3243 100.0000 29.1526 0.5423 1.2963 30.9911 
142 2269.0000 2733.0000 1877.0000 2199.0000 2332.0000 2690.0000 2494.0000 3000.0000 2236.0000 2415.0000 3000.0000 2298.0000 2320.0000 2318.0000 -2.4720 0.1214 0.0000 0.4404 1.0174 0.0963 0.4365 100.0000 33.8435 0.5899 1.2829 35.7163 
143 2236.0000 2520.0000 1703.0000 2340.0000 2551.0000 2564.0000 2745.0000 3000.0000 2202.0000 2527.0000 3000.0000 2423.0000 2576.0000 2216.0000 -2.3870 0.0813 0.0000 0.4425 1.0210 0.0731 1.4451 100.0000 33.2611 0.6428 1.4690 35.3729 
144 100.0000 3000.0000 3000.0000 100.0000 100.0000 3000.0000 100.0000 3000.0000 3000.0000 3000.0000 3000.0000 100.0000 3000.0000 100.0000 -2.1300 0.1882 0.0000 0.4436 1.0238 0.0083 1.3490 100.0000 32.6824 0.5243 1.2005 34.4072 
145 100.0000 3000.0000 3000.0000 100.0000 100.0000 3000.0000 100.0000 3000.0000 1074.0000 3000.0000 3000.0000 100.0000 3000.0000 100.0000 -1.6270 0.2227 0.0000 0.4377 0.9974 0.0065 0.3202 100.0000 29.1890 0.4016 0.9400 30.5307 
146 2135.0000 2687.0000 1941.0000 2277.0000 2613.0000 2446.0000 2532.0000 3000.0000 2254.0000 2478.0000 3000.0000 2234.0000 2414.0000 2531.0000 -2.6800 0.1091 0.0000 0.4338 0.9800 0.0799 1.3737 100.0000 29.2989 0.5433 1.3538 31.1959 
147 2195.0000 2674.0000 1915.0000 2316.0000 2570.0000 2440.0000 2612.0000 3000.0000 2333.0000 2439.0000 3000.0000 2313.0000 2316.0000 2574.0000 -2.6710 0.1697 0.0000 0.4375 0.9852 0.0952 1.4768 100.0000 29.4871 0.5465 1.3724 31.4061 
148 100.0000 3000.0000 100.0000 100.0000 3000.0000 3000.0000 3000.0000 3000.0000 100.0000 100.0000 3000.0000 3000.0000 100.0000 100.0000 -1.7920 0.0960 0.0000 0.4406 0.9905 0.0075 1.2235 100.0000 30.2560 0.3497 0.9255 31.5312 
149 2219.0000 2639.0000 1890.0000 2344.0000 2535.0000 2443.0000 2568.0000 3000.0000 2218.0000 2483.0000 3000.0000 2120.0000 2397.0000 2593.0000 -2.7230 0.1476 0.0000 0.4352 0.9660 0.0944 1.4170 100.0000 29.9464 0.5435 1.3827 31.8725 
150 2235.0000 2639.0000 1848.0000 2280.0000 2556.0000 2383.0000 2516.0000 3000.0000 2209.0000 2533.0000 3000.0000 2163.0000 2383.0000 2633.0000 -2.7640 0.1340 0.0000 0.4388 0.9712 0.0821 0.2016 100.0000 31.7967 0.6338 1.7176 34.1482 
151 2234.0000 2638.0000 1834.0000 2276.0000 2568.0000 2371.0000 2510.0000 3000.0000 2201.0000 2537.0000 3000.0000 2150.0000 2375.0000 2651.0000 -2.6820 0.1323 0.0000 0.4421 0.9772 0.0811 0.1696 100.0000 30.2640 0.5447 1.2596 32.0683 
152 2276.0000 2640.0000 1869.0000 2318.0000 2637.0000 2418.0000 2526.0000 3000.0000 2196.0000 2476.0000 3000.0000 2099.0000 2340.0000 2559.0000 -2.6750 0.1325 0.0000 0.4445 0.9810 0.0281 0.0926 100.0000 33.5644 0.6854 1.4749 35.7246 
153 2126.0000 2639.0000 1872.0000 2310.0000 2483.0000 2412.0000 2554.0000 3000.0000 2231.0000 2517.0000 3000.0000 2158.0000 2425.0000 2677.0000 -2.6960 0.1420 0.0000 0.4471 0.9849 0.1386 1.6693 100.0000 31.4241 0.6315 1.3331 33.3887 
154 2292.0000 2662.0000 1895.0000 2284.0000 2492.0000 2420.0000 2521.0000 3000.0000 2262.0000 2550.0000 3000.0000 2203.0000 2425.0000 2657.0000 -2.6860 0.1352 0.0000 0.4498 0.9889 0.0253 0.0942 100.0000 29.4128 0.8066 1.4474 31.6669 
155 100.0000 3000.0000 100.0000 100.0000 3000.0000 100.0000 100.0000 3000.0000 100.0000 100.0000 3000.0000 3000.0000 3000.0000 3000.0000 -2.0320 0.1866 0.0000 0.4525 0.9932 0.0095 1.3458 100.0000 29.1221 0.3856 0.9372 30.4450 
156 100.0000 3000.0000 3000.0000 3000.0000 100.0000 100.0000 3000.0000 3000.0000 3000.0000 100.0000 3000.0000 3000.0000 100.0000 100.0000 -1.7230 0.1703 0.0000 0.4467 0.9680 0.0088 1.0748 100.0000 29.1930 0.3896 1.0095 30.5921 
157 2097.0000 2670.0000 1855.0000 2233.0000 2605.0000 2382.0000 2478.0000 3000.0000 2183.0000 2539.0000 3000.0000 2170.0000 2421.0000 2617.0000 -2.6950 0.0966 0.0000 0.4424 0.9485 0.0551 0.1164 100.0000 29.3783 0.5417 1.2636 31.1835 
158 2146.0000 2637.0000 1774.0000 2332.0000 2556.0000 2357.0000 2604.0000 3000.0000 2217.0000 2458.0000 3000.0000 2147.0000 2324.0000 2685.0000 -2.6750 0.1595 0.0000 0.4451 0.9520 0.0208 0.0786 100.0000 29.6716 0.5474 1.3522 31.5712 
159 2141.0000 2578.0000 1922.0000 2304.0000 2560.0000 2467.0000 2533.0000 3000.0000 2222.0000 2597.0000 3000.0000 2122.0000 2339.0000 2623.0000 -2.5820 0.1496 0.0000 0.4478 0.9556 0.0490 0.1391 100.0000 29.2375 0.5378 1.2906 31.0660 
160 100.0000 100.0000 100.0000 3000.0000 3000.0000 100.0000 100.0000 3000.0000 3000.0000 3000.0000 3000.0000 100.0000 3000.0000 3000.0000 -1.6790 0.1600 0.0000 0.4496 0.9597 0.0113 1.5375 100.0000 29.2952 0.4519 0.9557 30.7029 
161 2229.0000 2708.0000 1815.0000 2296.0000 2552.0000 2347.0000 2482.0000 3000.0000 2226.0000 2406.0000 3000.0000 2205.0000 2462.0000 2614.0000 -2.5850 0.0937 0.0000 0.4459 0.9429 0.1885 0.6062 100.0000 29.7123 0.6934 1.5594 31.9652 
162 2256.0000 2711.0000 1791.0000 2213.0000 2598.0000 2364.0000 2585.0000 3000.0000 2208.0000 2591.0000 3000.0000 2248.0000 2281.0000 2651.0000 -2.7070 0.1551 0.0000 0.4481 0.9470 0.1264 1.4837 100.0000 29.6793 0.5881 1.2622 31.5296 
163 2229.0000 2808.0000 1793.0000 2269.0000 2614.0000 2431.0000 2620.0000 3000.0000 2162.0000 2581.0000 3000.0000 2123.0000 2329.0000 2682.0000 -2.5310 0.1223 0.0000 0.4510 0.9509 0.1344 1.5033 100.0000 29.4837 0.5469 1.3114 31.3421 
164 100.0000 3000.0000 100.0000 3000.0000 3000.0000 100.0000 3000.0000 3000.0000 100.0000 3000.0000 3000.0000 3000.0000 3000.0000 3000.0000 -1.5410 0.1862 0.0000 0.4526 0.9543 0.0152 1.7353 100.0000 29.1690 0.5285 1.1739 30.8713 
165 2229.0000 2540.0000 1834.0000 2234.0000 2550.0000 2327.0000 2516.0000 3000.0000 2275.0000 2525.0000 3000.0000 2291.0000 2315.0000 2624.0000 -2.5240 0.1574 0.0000 0.4507 0.9449 0.1214 1.5681 100.0000 29.3069 0.5419 1.3392 31.1881 
166 3000.0000 3000.0000 100.0000 3000.0000 100.0000 3000.0000 100.0000 3000.0000 3000.0000 100.0000 3000.0000 100.0000 3000.0000 100.0000 -1.9120 0.0946 0.0000 0.4525 0.9487 0.0130 1.4890 100.0000 29.3625 0.3930 1.1894 30.9449 
167 2166.0000 2666.0000 1931.0000 2364.0000 2481.0000 2477.0000 2627.0000 3000.0000 2225.0000 2414.0000 3000.0000 2106.0000 2433.0000 2553.0000 -2.5340 0.1601 0.0000 0.4477 0.9283 0.1440 0.7085 100.0000 29.4586 0.5390 1.3344 31.3320 
168 3000.0000 3000.0000 100.0000 100.0000 3000.0000 3000.0000 3000.0000 3000.0000 100.0000 3000.0000 3000.0000 100.0000 100.0000 100.0000 -1.6840 0.0717 0.0000 0.4493 0.9339 0.0105 1.2629 100.0000 29.4211 0.4403 0.9747 30.8360 
169 2220.0000 2699.0000 1895.0000 2178.0000 2656.0000 2435.0000 2425.0000 3000.0000 2207.0000 2586.0000 3000.0000 2212.0000 2454.0000 2518.0000 -2.6420 0.0560 0.0000 0.4462 0.9196 0.0909 1.4136 100.0000 33.9403 0.6379 1.5054 36.0836 
170 3000.0000 3000.0000 100.0000 3000.0000 100.0000 100.0000 100.0000 3000.0000 3000.0000 100.0000 100.0000 3000.0000 3000.0000 100.0000 -1.3480 0.1013 0.0000 0.4486 0.9238 0.0118 1.2195 100.0000 29.1574 0.3904 0.9104 30.4582 
171 100.0000 3000.0000 3000.0000 3000.0000 3000.0000 100.0000 100.0000 3000.0000 100.0000 100.0000 100.0000 100.0000 3000.0000 3000.0000 -1.9210 0.1145 0.0000 0.4504 0.9281 0.0094 1.0983 100.0000 29.3410 0.3513 0.9327 30.6250 
172 100.0000 3000.0000 100.0000 3000.0000 100.0000 3000.0000 3000.0000 100.0000 3000.0000 3000.0000 100.0000 100.0000 3000.0000 100.0000 -1.7730 0.1949 0.0000 0.4460 0.9099 0.0159 1.7957 100.0000 29.1757 0.3460 0.8634 30.3851 
173 3000.0000 3000.0000 3000.0000 100.0000 100.0000 3000.0000 100.0000 3000.0000 100.0000 100.0000 3000.0000 3000.0000 100.0000 3000.0000 -2.0250 0.3090 0.0000 0.4425 0.8947 0.0143 1.5615 100.0000 29.3512 0.4417 1.1307 30.9236 
174 3000.0000 100.0000 3000.0000 3000.0000 3000.0000 3000.0000 100.0000 3000.0000 100.0000 100.0000 3000.0000 3000.0000 100.0000 100.0000 -1.7900 0.1520 0.0000 0.4384 0.8787 0.0058 0.7094 100.0000 29.2396 0.4433 1.0074 30.6903 
175 100.0000 100.0000 100.0000 3000.0000 100.0000 3000.0000 3000.0000 3000.0000 100.0000 100.0000 3000.0000 100.0000 3000.0000 3000.0000 -1.8370 0.0772 0.0000 0.4351 0.8648 0.0158 1.4900 100.0000 29.1019 0.3472 0.9209 30.3700 
176 100.0000 100.0000 3000.0000 3000.0000 100.0000 3000.0000 100.0000 100.0000 3000.0000 3000.0000 100.0000 3000.0000 100.0000 100.0000 -1.4080 0.1571 0.0000 0.4317 0.8511 0.0132 1.4936 100.0000 29.5404 0.3035 0.7795 30.6234 
177 100.0000 100.0000 100.0000 100.0000 100.0000 3000.0000 100.0000 3000.0000 3000.0000 100.0000 3000.0000 3000.0000 3000.0000 3000.0000 -1.5390 0.1661 0.0000 0.4323 0.8515 0.0123 1.6321 100.0000 29.2785 0.3494 0.9111 30.5391 
178 2093.0000 2714.0000 1858.0000 2240.0000 2708.0000 2390.0000 2487.0000 3000.0000 2197.0000 2460.0000 3000.0000 2233.0000 2269.0000 2487.0000 -2.3770 0.1421 0.0000 0.4311 0.8457 0.1113 0.2888 100.0000 32.9696 0.5386 1.3167 34.8249 
179 100.0000 100.0000 3000.0000 3000.0000 100.0000 100.0000 3000.0000 3000.0000 100.0000 3000.0000 3000.0000 100.0000 100.0000 3000.0000 -1.8170 0.0173 0.0000 0.4309 0.8517 0.0125 1.5128 100.0000 29.7305 0.3485 0.9094 30.9884 
180 3000.0000 100.0000 100.0000 3000.0000 3000.0000 100.0000 3000.0000 3000.0000 3000.0000 3000.0000 100.0000 3000.0000 100.0000 100.0000 -1.4460 0.2418 0.0000 0.4278 0.8392 0.0128 1.3917 100.0000 29.1411 0.3922 0.9936 30.5269 
181 100.0000 3000.0000 3000.0000 100.0000 3000.0000 3000.0000 100.0000 100.0000 100.0000 100.0000 3000.0000 100.0000 100.0000 3000.0000 -1.6710 0.1012 0.0000 0.4278 0.8376 0.0098 1.0715 100.0000 29.3711 0.3110 0.8002 30.4824 
182 3000.0000 100.0000 3000.0000 3000.0000 3000.0000 100.0000 3000.0000 3000.0000 100.0000 100.0000 100.0000 3000.0000 100.0000 3000.0000 -2.0210 0.1675 0.0000 0.4255 0.8282 0.0181 1.8157 100.0000 29.7517 0.5046 1.0772 31.3335 
183 100.0000 3000.0000 3000.0000 100.0000 3000.0000 100.0000 100.0000 3000.0000 100.0000 3000.0000 100.0000 3000.0000 3000.0000 100.0000 -1.4250 0.0926 0.0000 0.4223 0.8166 0.0125 1.5387 100.0000 31.3970 0.4159 1.0893 32.9022 
184 2290.0000 2627.0000 1832.0000 2267.0000 2472.0000 2443.0000 2562.0000 3000.0000 2249.0000 2622.0000 3000.0000 2201.0000 2519.0000 2651.0000 -2.6630 0.1191 0.0000 0.4225 0.8158 0.1973 1.1350 100.0000 29.4021 0.5456 1.3256 31.2733 
185 100.0000 3000.0000 100.0000 100.0000 100.0000 100.0000 3000.0000 3000.0000 3000.0000 3000.0000 3000.0000 100.0000 3000.0000 3000.0000 -1.7330 0.1883 0.0000 0.4251 0.8199 0.0124 1.5421 100.0000 29.2470 0.3935 0.9819 30.6224 
186 3000.0000 3000.0000 3000.0000 3000.0000 100.0000 100.0000 100.0000 100.0000 100.0000 3000.0000 3000.0000 3000.0000 100.0000 100.0000 -1.7090 0.2344 0.0000 0.4226 0.8101 0.0157 1.4356 100.0000 30.2150 0.4355 0.9522 31.6026 
187 2398.0000 2589.0000 1793.0000 2265.0000 2466.0000 2440.0000 2524.0000 3000.0000 2218.0000 2581.0000 3000.0000 2093.0000 2441.0000 2635.0000 -2.5120 0.1463 0.0000 0.4203 0.8011 0.1336 1.8120 100.0000 29.7450 0.5506 1.4993 31.7948 
188 3000.0000 100.0000 100.0000 3000.0000 100.0000 3000.0000 3000.0000 3000.0000 100.0000 100.0000 3000.0000 100.0000 100.0000 100.0000 -1.4330 0.2010 0.0000 0.4216 0.8049 0.0169 1.7101 100.0000 32.5713 0.3005 0.8453 33.7171 
189 3000.0000 100.0000 3000.0000 100.0000 100.0000 3000.0000 3000.0000 3000.0000 100.0000 100.0000 100.0000 3000.0000 100.0000 3000.0000 -2.2230 0.3149 0.0000 0.4218 0.8039 0.0129 1.2553 100.0000 29.3783 0.4097 1.1245 30.9125 
190 3000.0000 3000.0000 100.0000 3000.0000 3000.0000 100.0000 100.0000 100.0000 100.0000 100.0000 3000.0000 3000.0000 100.0000 3000.0000 -1.8370 0.2422 0.0000 0.4196 0.7971 0.0147 1.4042 100.0000 29.5062 0.3569 1.0214 30.8845 
191 3000.0000 100.0000 3000.0000 100.0000 100.0000 3000.0000 3000.0000 3000.0000 100.0000 100.0000 1652.0000 3000.0000 100.0000 3000.0000 -1.2820 0.0681 0.0000 0.4170 0.7875 0.0255 1.7463 100.0000 29.6011 0.4194 0.9769 30.9974 
192 3000.0000 100.0000 100.0000 3000.0000 100.0000 100.0000 100.0000 3000.0000 3000.0000 3000.0000 3000.0000 100.0000 100.0000 3000.0000 -1.8600 0.1007 0.0000 0.4163 0.7938 0.0159 1.7169 100.0000 32.7669 0.4091 1.0156 34.1916 
193 100.0000 3000.0000 3000.0000 3000.0000 3000.0000 100.0000 100.0000 100.0000 3000.0000 100.0000 100.0000 100.0000 100.0000 3000.0000 -1.7920 0.0900 0.0000 0.4137 0.7843 0.0143 1.3876 100.0000 33.8868 0.3028 0.8115 35.0011 
194 3000.0000 3000.0000 3000.0000 100.0000 100.0000 3000.0000 100.0000 100.0000 3000.0000 3000.0000 100.0000 100.0000 100.0000 3000.0000 -1.5190 0.1475 0.0000 0.4113 0.7755 0.0150 1.4069 100.0000 29.5413 0.4054 0.9176 30.8643 
195 3000.0000 3000.0000 100.0000 3000.0000 100.0000 100.0000 3000.0000 100.0000 3000.0000 100.0000 100.0000 3000.0000 100.0000 3000.0000 -1.6460 0.3433 0.0000 0.4104 0.7717 0.0136 1.4851 100.0000 29.2013 0.3574 0.9376 30.4963 
196 100.0000 100.0000 100.0000 100.0000 100.0000 3000.0000 3000.0000 3000.0000 100.0000 3000.0000 3000.0000 3000.0000 3000.0000 100.0000 -1.4940 0.1315 0.0000 0.4087 0.7652 0.0145 1.6466 100.0000 29.6520 0.3480 0.9097 30.9097 
197 3000.0000 100.0000 100.0000 100.0000 3000.0000 100.0000 100.0000 3000.0000 3000.0000 3000.0000 3000.0000 3000.0000 3000.0000 3000.0000 -1.7420 0.2180 0.0000 0.4082 0.7622 0.0154 1.8948 100.0000 34.5573 0.6527 1.3760 36.5860 
198 100.0000 3000.0000 3000.0000 100.0000 100.0000 3000.0000 3000.0000 3000.0000 3000.0000 3000.0000 100.0000 100.0000 100.0000 100.0000 -1.1960 0.0607 0.0000 0.4061 0.7546 0.0093 1.0435 100.0000 33.6013 0.4064 0.9817 34.9894 
199 3000.0000 3000.0000 100.0000 100.0000 3000.0000 3000.0000 3000.0000 100.0000 100.0000 100.0000 100.0000 100.0000 3000.0000 3000.0000 -1.8610 0.0751 0.0000 0.4088 0.7622 0.0098 1.1386 100.0000 30.2279 0.5568 0.9594 31.7442 
150 2235.0000 2639.0000 1848.0000 2280.0000 2556.0000 2383.0000 2516.0000 3000.0000 2209.0000 2533.0000 3000.0000 2163.0000 2383.0000 2633.0000 -2.7640 0.1340 0.0000 0.4388 0.9712 0.0821 0.2016 100.0000 31.7967 0.6338 1.7176 34.1482 
