0 2280.0000 912.0000 2280.0000 912.0000 2280.0000 912.0000 2280.0000 912.0000 2280.0000 912.0000 2280.0000 912.0000 2280.0000 912.0000 -1.1400 0.0404 0.0000 0.1290 0.8990 0.0000 0.0000 0.0000 0.0000 0.0000 0.0000 0.0000 
1 1657.0000 1593.0000 1657.0000 1593.0000 1657.0000 1593.0000 1657.0000 1593.0000 1657.0000 1593.0000 1657.0000 1593.0000 1657.0000 1593.0000 -1.6270 0.1919 0.0000 0.1290 0.8990 0.0000 0.0000 0.0000 0.0000 0.0000 0.0000 0.0000 
2 1017.0000 1196.0000 1017.0000 1196.0000 1017.0000 1196.0000 1017.0000 1196.0000 1017.0000 1196.0000 1017.0000 1196.0000 1017.0000 1196.0000 -1.5480 0.2937 0.0000 0.1290 0.8990 0.0000 0.0000 0.0000 0.0000 0.0000 0.0000 0.0000 
3 2841.0000 2061.0000 2841.0000 2061.0000 2841.0000 2061.0000 2841.0000 2061.0000 2841.0000 2061.0000 2841.0000 2061.0000 2841.0000 2061.0000 -1.8480 0.2175 0.0000 0.1290 0.8990 0.0000 0.0000 0.0000 0.0000 0.0000 0.0000 0.0000 
4 2586.0000 2842.0000 2586.0000 2842.0000 2586.0000 2842.0000 2586.0000 2842.0000 2586.0000 2842.0000 2586.0000 2842.0000 2586.0000 2842.0000 -1.4530 0.1133 0.0000 0.1290 0.8990 0.0000 0.0000 0.0000 0.0000 0.0000 0.0000 0.0000 
5 629.0000 1168.0000 629.0000 1168.0000 629.0000 1168.0000 629.0000 1168.0000 629.0000 1168.0000 629.0000 1168.0000 629.0000 1168.0000 -1.0020 0.0847 0.0000 0.1290 0.8990 0.0000 0.0000 0.0000 0.0000 0.0000 0.0000 0.0000 
6 940.0000 2871.0000 940.0000 2871.0000 940.0000 2871.0000 940.0000 2871.0000 940.0000 2871.0000 940.0000 2871.0000 940.0000 2871.0000 -0.9780 0.1559 0.0000 0.1290 0.8990 0.0000 0.0000 0.0000 0.0000 0.0000 0.0000 0.0000 
7 692.0000 1179.0000 692.0000 1179.0000 692.0000 1179.0000 692.0000 1179.0000 692.0000 1179.0000 692.0000 1179.0000 692.0000 1179.0000 -1.2660 0.0297 0.0000 0.1290 0.8990 0.0000 0.0000 0.0000 0.0000 0.0000 0.0000 0.0000 
8 2804.0000 2134.0000 2804.0000 2134.0000 2804.0000 2134.0000 2804.0000 2134.0000 2804.0000 2134.0000 2804.0000 2134.0000 2804.0000 2134.0000 -1.9190 0.1762 0.0000 0.1290 0.8990 0.0000 0.0000 0.0000 0.0000 0.0000 0.0000 0.0000 
9 2247.0000 1846.0000 2247.0000 1846.0000 2247.0000 1846.0000 2247.0000 1846.0000 2247.0000 1846.0000 2247.0000 1846.0000 2247.0000 1846.0000 -1.3130 0.1862 0.0000 0.1290 0.8990 0.0000 0.0000 0.0000 0.0000 0.0000 0.0000 0.0000 
10 2308.0000 996.0000 2308.0000 996.0000 2308.0000 996.0000 2308.0000 996.0000 2308.0000 996.0000 2308.0000 996.0000 2308.0000 996.0000 -0.7400 0.1413 0.0000 0.1290 0.8990 0.0000 0.0000 0.0000 0.0000 0.0000 0.0000 0.0000 
11 637.0000 2709.0000 637.0000 2709.0000 637.0000 2709.0000 637.0000 2709.0000 637.0000 2709.0000 637.0000 2709.0000 637.0000 2709.0000 -0.9420 0.1766 0.0000 0.1290 0.8990 0.0000 0.0000 0.0000 0.0000 0.0000 0.0000 0.0000 
12 2517.0000 2582.0000 2517.0000 2582.0000 2517.0000 2582.0000 2517.0000 2582.0000 2517.0000 2582.0000 2517.0000 2582.0000 2517.0000 2582.0000 -2.0570 0.0694 0.0000 0.1290 0.8990 0.0000 0.0000 0.0000 0.0000 0.0000 0.0000 0.0000 
13 2867.0000 1814.0000 2867.0000 1814.0000 2867.0000 1814.0000 2867.0000 1814.0000 2867.0000 1814.0000 2867.0000 1814.0000 2867.0000 1814.0000 -1.2380 0.0587 0.0000 0.1290 0.8990 0.0000 0.0000 0.0000 0.0000 0.0000 0.0000 0.0000 
14 930.0000 1262.0000 930.0000 1262.0000 930.0000 1262.0000 930.0000 1262.0000 930.0000 1262.0000 930.0000 1262.0000 930.0000 1262.0000 -1.6170 0.1865 0.0000 0.1290 0.8990 0.0000 0.0000 0.0000 0.0000 0.0000 0.0000 0.0000 
15 443.0000 1963.0000 443.0000 1963.0000 443.0000 1963.0000 443.0000 1963.0000 443.0000 1963.0000 443.0000 1963.0000 443.0000 1963.0000 -1.5660 0.1450 0.0000 0.1290 0.8990 0.0000 0.0000 0.0000 0.0000 0.0000 0.0000 0.0000 
16 923.0000 1562.0000 923.0000 1562.0000 923.0000 1562.0000 923.0000 1562.0000 923.0000 1562.0000 923.0000 1562.0000 923.0000 1562.0000 -1.2090 0.1072 0.0000 0.1290 0.8990 0.0000 0.0000 0.0000 0.0000 0.0000 0.0000 0.0000 
17 1511.0000 1961.0000 1511.0000 1961.0000 1511.0000 1961.0000 1511.0000 1961.0000 1511.0000 1961.0000 1511.0000 1961.0000 1511.0000 1961.0000 -1.1920 0.0816 0.0000 0.1290 0.8990 0.0000 0.0000 0.0000 0.0000 0.0000 0.0000 0.0000 
18 2319.0000 2644.0000 2319.0000 2644.0000 2319.0000 2644.0000 2319.0000 2644.0000 2319.0000 2644.0000 2319.0000 2644.0000 2319.0000 2644.0000 -1.9100 0.0597 0.0000 0.1290 0.8990 0.0000 0.0000 0.0000 0.0000 0.0000 0.0000 0.0000 
19 1162.0000 2654.0000 1162.0000 2654.0000 1162.0000 2654.0000 1162.0000 2654.0000 1162.0000 2654.0000 1162.0000 2654.0000 1162.0000 2654.0000 -1.0280 0.1234 0.0000 0.1290 0.8990 0.0000 0.0000 0.0000 0.0000 0.0000 0.0000 0.0000 
20 2736.0000 1454.0000 2736.0000 1454.0000 2736.0000 1454.0000 2736.0000 1454.0000 2736.0000 1454.0000 2736.0000 1454.0000 2736.0000 1454.0000 -1.7840 0.1672 0.0000 0.1290 0.8990 0.0000 0.0000 0.0000 0.0000 0.0000 0.0000 0.0000 
21 1384.0000 244.0000 1384.0000 244.0000 1384.0000 244.0000 1384.0000 244.0000 1384.0000 244.0000 1384.0000 244.0000 1384.0000 244.0000 -1.0900 0.0875 0.0000 0.1290 0.8990 0.0000 0.0000 0.0000 0.0000 0.0000 0.0000 0.0000 
22 1924.0000 2585.0000 1924.0000 2585.0000 1924.0000 2585.0000 1924.0000 2585.0000 1924.0000 2585.0000 1924.0000 2585.0000 1924.0000 2585.0000 -1.3930 0.1072 0.0000 0.1290 0.8990 0.0000 0.0000 0.0000 0.0000 0.0000 0.0000 0.0000 
23 1235.0000 977.0000 1235.0000 977.0000 1235.0000 977.0000 1235.0000 977.0000 1235.0000 977.0000 1235.0000 977.0000 1235.0000 977.0000 -1.3490 0.2712 0.0000 0.1290 0.8990 0.0000 0.0000 0.0000 0.0000 0.0000 0.0000 0.0000 
24 1049.0000 2136.0000 1049.0000 2136.0000 1049.0000 2136.0000 1049.0000 2136.0000 1049.0000 2136.0000 1049.0000 2136.0000 1049.0000 2136.0000 -1.6200 0.0962 0.0000 0.1290 0.8990 0.0000 0.0000 0.0000 0.0000 0.0000 0.0000 0.0000 
25 2300.0000 2495.0000 2300.0000 2495.0000 2300.0000 2495.0000 2300.0000 2495.0000 2300.0000 2495.0000 2300.0000 2495.0000 2300.0000 2495.0000 -1.7860 0.0265 0.0000 0.1290 0.8990 0.0000 0.0000 0.0000 0.0000 0.0000 0.0000 0.0000 
26 2740.0000 1669.0000 2740.0000 1669.0000 2740.0000 1669.0000 2740.0000 1669.0000 2740.0000 1669.0000 2740.0000 1669.0000 2740.0000 1669.0000 -1.7460 0.1290 0.0000 0.1290 0.8990 0.0000 0.0000 0.0000 0.0000 0.0000 0.0000 0.0000 
27 2809.0000 2025.0000 2809.0000 2025.0000 2809.0000 2025.0000 2809.0000 2025.0000 2809.0000 2025.0000 2809.0000 2025.0000 2809.0000 2025.0000 -1.7190 0.2053 0.0000 0.1290 0.8990 0.0000 0.0000 0.0000 0.0000 0.0000 0.0000 0.0000 
28 1464.0000 1637.0000 1464.0000 1637.0000 1464.0000 1637.0000 1464.0000 1637.0000 1464.0000 1637.0000 1464.0000 1637.0000 1464.0000 1637.0000 -2.3600 0.1088 0.0000 0.1290 0.8990 0.0000 0.0000 0.0000 0.0000 0.0000 0.0000 0.0000 
29 1920.0000 1592.0000 1920.0000 1592.0000 1920.0000 1592.0000 1920.0000 1592.0000 1920.0000 1592.0000 1920.0000 1592.0000 1920.0000 1592.0000 -1.4270 0.2025 0.0000 0.1290 0.8990 0.0000 0.0000 0.0000 0.0000 0.0000 0.0000 0.0000 
30 2732.0000 2649.0000 2732.0000 2649.0000 2732.0000 2649.0000 2732.0000 2649.0000 2732.0000 2649.0000 2732.0000 2649.0000 2732.0000 2649.0000 -1.3590 0.1753 0.0000 0.1290 0.8990 0.0000 0.0000 0.0000 0.0000 0.0000 0.0000 0.0000 
31 750.0000 261.0000 750.0000 261.0000 750.0000 261.0000 750.0000 261.0000 750.0000 261.0000 750.0000 261.0000 750.0000 261.0000 -1.6340 0.3142 0.0000 0.1290 0.8990 0.0000 0.0000 0.0000 0.0000 0.0000 0.0000 0.0000 
32 302.0000 1387.0000 302.0000 1387.0000 302.0000 1387.0000 302.0000 1387.0000 302.0000 1387.0000 302.0000 1387.0000 302.0000 1387.0000 -1.5420 0.1206 0.0000 0.1290 0.8990 0.0000 0.0000 0.0000 0.0000 0.0000 0.0000 0.0000 
33 742.0000 262.0000 742.0000 262.0000 742.0000 262.0000 742.0000 262.0000 742.0000 262.0000 742.0000 262.0000 742.0000 262.0000 -1.7240 0.3246 0.0000 0.1290 0.8990 0.0000 0.0000 0.0000 0.0000 0.0000 0.0000 0.0000 
34 2069.0000 776.0000 2069.0000 776.0000 2069.0000 776.0000 2069.0000 776.0000 2069.0000 776.0000 2069.0000 776.0000 2069.0000 776.0000 -1.9790 0.1369 0.0000 0.1290 0.8990 0.0000 0.0000 0.0000 0.0000 0.0000 0.0000 0.0000 
35 2536.0000 1308.0000 2536.0000 1308.0000 2536.0000 1308.0000 2536.0000 1308.0000 2536.0000 1308.0000 2536.0000 1308.0000 2536.0000 1308.0000 -1.3230 0.2004 0.0000 0.1290 0.8990 0.0000 0.0000 0.0000 0.0000 0.0000 0.0000 0.0000 
36 1488.0000 2064.0000 1488.0000 2064.0000 1488.0000 2064.0000 1488.0000 2064.0000 1488.0000 2064.0000 1488.0000 2064.0000 1488.0000 2064.0000 -1.2010 0.2230 0.0000 0.1290 0.8990 0.0000 0.0000 0.0000 0.0000 0.0000 0.0000 0.0000 
37 1430.0000 1455.0000 1430.0000 1455.0000 1430.0000 1455.0000 1430.0000 1455.0000 1430.0000 1455.0000 1430.0000 1455.0000 1430.0000 1455.0000 -1.1110 0.0974 0.0000 0.1290 0.8990 0.0000 0.0000 0.0000 0.0000 0.0000 0.0000 0.0000 
38 919.0000 377.0000 919.0000 377.0000 919.0000 377.0000 919.0000 377.0000 919.0000 377.0000 919.0000 377.0000 919.0000 377.0000 -1.0050 0.1264 0.0000 0.1290 0.8990 0.0000 0.0000 0.0000 0.0000 0.0000 0.0000 0.0000 
39 523.0000 851.0000 523.0000 851.0000 523.0000 851.0000 523.0000 851.0000 523.0000 851.0000 523.0000 851.0000 523.0000 851.0000 -0.9700 0.0747 0.0000 0.1290 0.8990 0.0000 0.0000 0.0000 0.0000 0.0000 0.0000 0.0000 
40 1783.0000 2922.0000 1783.0000 2922.0000 1783.0000 2922.0000 1783.0000 2922.0000 1783.0000 2922.0000 1783.0000 2922.0000 1783.0000 2922.0000 -1.8060 0.0910 0.0000 0.1290 0.8990 0.0000 0.0000 0.0000 0.0000 0.0000 0.0000 0.0000 
41 2390.0000 930.0000 2390.0000 930.0000 2390.0000 930.0000 2390.0000 930.0000 2390.0000 930.0000 2390.0000 930.0000 2390.0000 930.0000 -0.7520 0.1281 0.0000 0.1290 0.8990 0.0000 0.0000 0.0000 0.0000 0.0000 0.0000 0.0000 
42 421.0000 1259.0000 421.0000 1259.0000 421.0000 1259.0000 421.0000 1259.0000 421.0000 1259.0000 421.0000 1259.0000 421.0000 1259.0000 -1.3920 0.1127 0.0000 0.1290 0.8990 0.0000 0.0000 0.0000 0.0000 0.0000 0.0000 0.0000 
43 2469.0000 2152.0000 2469.0000 2152.0000 2469.0000 2152.0000 2469.0000 2152.0000 2469.0000 2152.0000 2469.0000 2152.0000 2469.0000 2152.0000 -1.8990 0.1314 0.0000 0.1290 0.8990 0.0000 0.0000 0.0000 0.0000 0.0000 0.0000 0.0000 
44 1418.0000 900.0000 1418.0000 900.0000 1418.0000 900.0000 1418.0000 900.0000 1418.0000 900.0000 1418.0000 900.0000 1418.0000 900.0000 -0.6620 0.1080 0.0000 0.1290 0.8990 0.0000 0.0000 0.0000 0.0000 0.0000 0.0000 0.0000 
45 1275.0000 2510.0000 1275.0000 2510.0000 1275.0000 2510.0000 1275.0000 2510.0000 1275.0000 2510.0000 1275.0000 2510.0000 1275.0000 2510.0000 -1.6380 0.1029 0.0000 0.1290 0.8990 0.0000 0.0000 0.0000 0.0000 0.0000 0.0000 0.0000 
46 2805.0000 1147.0000 2805.0000 1147.0000 2805.0000 1147.0000 2805.0000 1147.0000 2805.0000 1147.0000 2805.0000 1147.0000 2805.0000 1147.0000 -1.8500 0.0736 0.0000 0.1290 0.8990 0.0000 0.0000 0.0000 0.0000 0.0000 0.0000 0.0000 
47 1901.0000 1659.0000 1901.0000 1659.0000 1901.0000 1659.0000 1901.0000 1659.0000 1901.0000 1659.0000 1901.0000 1659.0000 1901.0000 1659.0000 -1.5610 0.1753 0.0000 0.1290 0.8990 0.0000 0.0000 0.0000 0.0000 0.0000 0.0000 0.0000 
48 1124.0000 2904.0000 1124.0000 2904.0000 1124.0000 2904.0000 1124.0000 2904.0000 1124.0000 2904.0000 1124.0000 2904.0000 1124.0000 2904.0000 -1.4270 0.1658 0.0000 0.1290 0.8990 0.0000 0.0000 0.0000 0.0000 0.0000 0.0000 0.0000 
49 668.0000 1026.0000 668.0000 1026.0000 668.0000 1026.0000 668.0000 1026.0000 668.0000 1026.0000 668.0000 1026.0000 668.0000 1026.0000 -1.3930 0.1074 0.0000 0.1290 0.8990 0.0000 0.0000 0.0000 0.0000 0.0000 0.0000 0.0000 
50 1466.0000 1658.0000 1466.0000 1658.0000 1466.0000 1658.0000 1466.0000 1658.0000 1466.0000 1658.0000 1466.0000 1658.0000 1466.0000 1658.0000 -2.3480 0.1348 0.0000 0.1290 0.8990 0.0009 0.0051 75.0000 25.7049 0.3545 0.9275 26.9869 
51 1466.0000 1661.0000 1466.0000 1661.0000 1466.0000 1661.0000 1466.0000 1661.0000 1466.0000 1661.0000 1466.0000 1661.0000 1466.0000 1661.0000 -2.3100 0.1416 0.0000 0.1309 0.8278 0.0008 0.0052 78.0000 22.3451 0.3548 1.0238 23.7237 
52 1465.0000 1646.0000 1469.0000 1662.0000 1455.0000 1673.0000 1469.0000 1656.0000 1461.0000 1661.0000 1453.0000 1663.0000 1469.0000 1670.0000 -2.3440 0.1403 0.0000 0.1319 0.7722 0.0001 0.0099 88.0000 25.2977 0.3562 0.8482 26.5021 
53 1468.0000 1662.0000 1455.0000 1665.0000 1458.0000 1665.0000 1453.0000 1669.0000 1456.0000 1655.0000 1463.0000 1672.0000 1460.0000 1666.0000 -2.2620 0.1375 0.0000 0.1340 0.7291 0.0008 0.0095 68.0000 21.2385 0.3561 0.8426 22.4372 
54 1451.0000 1654.0000 1486.0000 1659.0000 1467.0000 1668.0000 1491.0000 1645.0000 1477.0000 1683.0000 1453.0000 1643.0000 1474.0000 1663.0000 -2.1160 0.1475 0.0000 0.1358 0.7013 0.0008 0.0068 80.0000 22.8266 0.3574 0.9093 24.0933 
55 1496.0000 1650.0000 1441.0000 1658.0000 1459.0000 1654.0000 1433.0000 1675.0000 1448.0000 1616.0000 1481.0000 1685.0000 1461.0000 1659.0000 -2.4050 0.1237 0.0000 0.1367 0.6875 0.0009 0.0059 80.0000 22.5752 0.3559 0.9361 23.8672 
56 1510.0000 1652.0000 1431.0000 1663.0000 1458.0000 1656.0000 1419.0000 1687.0000 1442.0000 1603.0000 1489.0000 1702.0000 1460.0000 1664.0000 -2.3660 0.1274 0.0000 0.1410 0.6684 0.0010 0.0064 74.0000 20.6220 0.3532 0.8375 21.8127 
57 1507.0000 1661.0000 1427.0000 1662.0000 1455.0000 1661.0000 1419.0000 1700.0000 1434.0000 1603.0000 1495.0000 1702.0000 1450.0000 1664.0000 -2.2590 0.1258 0.0000 0.1463 0.6552 0.0006 0.0095 80.0000 22.6152 0.3538 0.9082 23.8771 
58 1510.0000 1639.0000 1432.0000 1686.0000 1463.0000 1644.0000 1402.0000 1649.0000 1467.0000 1621.0000 1453.0000 1720.0000 1489.0000 1677.0000 -2.2760 0.1361 0.0000 0.1504 0.6475 0.0010 0.0102 100.0000 29.4735 0.3567 0.8819 30.7122 
59 1486.0000 1634.0000 1454.0000 1643.0000 1432.0000 1680.0000 1407.0000 1706.0000 1405.0000 1641.0000 1510.0000 1685.0000 1501.0000 1670.0000 -2.4890 0.1494 0.0000 0.1573 0.6450 0.0018 0.0298 100.0000 29.0711 0.3543 1.1034 30.5288 
60 1480.0000 1625.0000 1458.0000 1634.0000 1411.0000 1698.0000 1383.0000 1730.0000 1372.0000 1655.0000 1529.0000 1689.0000 1525.0000 1678.0000 -2.3760 0.1634 0.0000 0.1649 0.6422 0.0009 0.0069 91.0000 28.9380 0.4615 0.9216 30.3210 
61 1466.0000 1590.0000 1404.0000 1667.0000 1427.0000 1674.0000 1427.0000 1746.0000 1372.0000 1650.0000 1543.0000 1686.0000 1507.0000 1715.0000 -2.3570 0.1417 0.0000 0.1727 0.6433 0.0028 0.0334 100.0000 28.3234 0.3566 0.8398 29.5198 
62 1516.0000 1649.0000 1453.0000 1667.0000 1423.0000 1757.0000 1383.0000 1703.0000 1337.0000 1643.0000 1512.0000 1684.0000 1496.0000 1646.0000 -2.3510 0.1691 0.0000 0.1812 0.6470 0.0058 0.0378 100.0000 28.6310 0.3496 1.1907 30.1713 
63 1471.0000 1655.0000 1482.0000 1594.0000 1374.0000 1690.0000 1370.0000 1769.0000 1409.0000 1632.0000 1502.0000 1727.0000 1492.0000 1701.0000 -2.3740 0.1548 0.0000 0.1896 0.6523 0.0020 0.0200 100.0000 28.2053 0.3979 0.8585 29.4617 
64 1453.0000 1696.0000 1434.0000 1646.0000 1432.0000 1648.0000 1329.0000 1745.0000 1383.0000 1682.0000 1554.0000 1702.0000 1513.0000 1657.0000 -2.3410 0.1650 0.0000 0.1985 0.6589 0.0011 0.0177 100.0000 28.3359 0.3587 0.8591 29.5537 
65 1530.0000 1640.0000 1403.0000 1601.0000 1428.0000 1701.0000 1391.0000 1800.0000 1379.0000 1662.0000 1445.0000 1693.0000 1535.0000 1680.0000 -2.3260 0.1823 0.0000 0.2064 0.6659 0.0043 0.0356 100.0000 28.4884 0.3563 0.9048 29.7495 
66 1419.0000 1632.0000 1498.0000 1680.0000 1440.0000 1707.0000 1376.0000 1762.0000 1351.0000 1567.0000 1498.0000 1734.0000 1517.0000 1703.0000 -2.2930 0.1335 0.0000 0.2140 0.6735 0.0033 0.0256 100.0000 28.5203 0.3556 0.8534 29.7292 
67 1526.0000 1605.0000 1430.0000 1636.0000 1337.0000 1716.0000 1370.0000 1711.0000 1412.0000 1688.0000 1566.0000 1739.0000 1446.0000 1698.0000 -2.3420 0.1625 0.0000 0.2207 0.6815 0.0552 0.0479 100.0000 28.5006 0.3580 0.9435 29.8021 
68 1518.0000 1715.0000 1411.0000 1622.0000 1356.0000 1692.0000 1394.0000 1691.0000 1360.0000 1625.0000 1542.0000 1675.0000 1518.0000 1769.0000 -2.2460 0.1635 0.0000 0.2281 0.6902 0.0630 0.0860 100.0000 28.4034 0.3552 0.8919 29.6505 
69 1478.0000 1604.0000 1427.0000 1693.0000 1364.0000 1710.0000 1389.0000 1802.0000 1428.0000 1665.0000 1530.0000 1736.0000 1491.0000 1576.0000 -2.3560 0.1727 0.0000 0.2337 0.6985 0.2124 1.5983 100.0000 35.0731 0.3580 0.9244 36.3555 
70 1484.0000 1586.0000 1443.0000 1604.0000 1471.0000 1704.0000 1376.0000 1759.0000 1359.0000 1708.0000 1531.0000 1796.0000 1433.0000 1637.0000 -2.3530 0.1508 0.0000 0.2408 0.7077 0.2111 0.7213 100.0000 28.6420 0.3529 0.8631 29.8580 
71 1510.0000 1573.0000 1464.0000 1677.0000 1445.0000 1719.0000 1296.0000 1803.0000 1425.0000 1681.0000 1524.0000 1664.0000 1427.0000 1679.0000 -2.4260 0.1694 0.0000 0.2475 0.7166 0.1789 1.5458 100.0000 28.9051 0.3561 1.0100 30.2712 
72 1465.0000 1581.0000 1405.0000 1639.0000 1458.0000 1782.0000 1294.0000 1781.0000 1460.0000 1660.0000 1542.0000 1690.0000 1457.0000 1671.0000 -2.3840 0.1705 0.0000 0.2546 0.7257 0.1929 1.2633 100.0000 31.7029 0.3573 0.8986 32.9588 
73 1537.0000 1550.0000 1482.0000 1711.0000 1421.0000 1676.0000 1278.0000 1790.0000 1392.0000 1707.0000 1496.0000 1700.0000 1458.0000 1678.0000 -2.3470 0.1815 0.0000 0.2607 0.7344 0.1302 0.1965 100.0000 29.8631 0.3591 0.8514 31.0736 
74 2726.0000 2055.0000 2543.0000 2248.0000 2514.0000 2451.0000 2204.0000 2654.0000 2446.0000 2279.0000 2839.0000 2424.0000 2608.0000 2265.0000 -1.4270 0.1746 0.0000 0.2660 0.7433 0.0421 1.2441 100.0000 28.6702 0.5941 1.3217 30.5860 
75 1502.0000 1622.0000 1445.0000 1647.0000 1439.0000 1728.0000 1359.0000 1850.0000 1396.0000 1647.0000 1566.0000 1659.0000 1371.0000 1656.0000 -2.4370 0.1433 0.0000 0.2611 0.7344 0.2007 0.5966 100.0000 28.3281 0.3574 0.8305 29.5161 
76 1534.0000 1647.0000 1475.0000 1630.0000 1437.0000 1759.0000 1316.0000 1840.0000 1405.0000 1629.0000 1556.0000 1680.0000 1375.0000 1626.0000 -2.4700 0.1632 0.0000 0.2673 0.7439 0.1675 0.2333 100.0000 28.7646 0.3561 0.9097 30.0303 
77 1548.0000 1635.0000 1436.0000 1649.0000 1451.0000 1749.0000 1312.0000 1856.0000 1394.0000 1610.0000 1579.0000 1689.0000 1375.0000 1630.0000 -2.4520 0.1549 0.0000 0.2729 0.7543 0.0069 0.0359 100.0000 28.6884 0.3528 0.8523 29.8935 
78 1529.0000 1615.0000 1478.0000 1624.0000 1416.0000 1782.0000 1333.0000 1856.0000 1402.0000 1617.0000 1534.0000 1685.0000 1355.0000 1646.0000 -2.4180 0.1448 0.0000 0.2782 0.7645 0.0716 0.0587 100.0000 28.7773 0.3540 0.8589 29.9903 
79 1519.0000 1657.0000 1419.0000 1665.0000 1465.0000 1739.0000 1299.0000 1844.0000 1375.0000 1656.0000 1593.0000 1658.0000 1378.0000 1611.0000 -2.3030 0.1564 0.0000 0.2829 0.7744 0.1005 0.1068 100.0000 36.1282 0.3588 0.9055 37.3925 
80 3000.0000 100.0000 3000.0000 3000.0000 100.0000 3000.0000 100.0000 3000.0000 100.0000 100.0000 3000.0000 3000.0000 100.0000 100.0000 -2.1630 0.3652 0.0000 0.2865 0.7839 0.0002 0.3625 100.0000 28.3865 0.3487 0.9161 29.6514 
81 2980.0000 102.0000 2900.0000 2672.0000 174.0000 2892.0000 137.0000 2990.0000 131.0000 336.0000 3000.0000 2937.0000 148.0000 530.0000 -1.8560 0.2635 0.0000 0.2871 0.7876 0.0053 0.1396 100.0000 29.3218 0.3513 0.8472 30.5203 
82 3000.0000 100.0000 3000.0000 3000.0000 100.0000 3000.0000 100.0000 3000.0000 100.0000 100.0000 2334.0000 3000.0000 100.0000 100.0000 -2.0000 0.2334 0.0000 0.2858 0.7813 0.0234 0.1957 100.0000 28.9862 0.3829 0.8113 30.1805 
83 3000.0000 779.0000 3000.0000 3000.0000 100.0000 3000.0000 100.0000 3000.0000 100.0000 100.0000 3000.0000 3000.0000 100.0000 100.0000 -2.0710 0.2861 0.0000 0.2869 0.7796 0.0266 0.2017 100.0000 28.4152 0.3622 0.8846 29.6619 
84 3000.0000 293.0000 3000.0000 3000.0000 100.0000 3000.0000 100.0000 2327.0000 100.0000 100.0000 3000.0000 3000.0000 100.0000 100.0000 -2.4190 0.2473 0.0000 0.2890 0.7803 0.0213 0.1659 100.0000 30.0046 0.3412 0.9169 31.2627 
85 3000.0000 298.0000 3000.0000 3000.0000 100.0000 3000.0000 100.0000 2143.0000 100.0000 100.0000 3000.0000 3000.0000 100.0000 100.0000 -2.4110 0.1949 0.0000 0.2952 0.7996 0.0718 0.1223 100.0000 29.5802 0.3845 0.8184 30.7831 
86 2804.0000 287.0000 3000.0000 3000.0000 100.0000 3000.0000 100.0000 2229.0000 100.0000 100.0000 3000.0000 3000.0000 100.0000 100.0000 -2.3730 0.1974 0.0000 0.3004 0.8096 0.0385 0.0942 100.0000 28.5965 0.3367 0.8406 29.7738 
87 3000.0000 100.0000 3000.0000 3000.0000 100.0000 3000.0000 100.0000 2197.0000 100.0000 100.0000 3000.0000 3000.0000 100.0000 100.0000 -2.3580 0.1940 0.0000 0.3046 0.8147 0.0857 0.1593 100.0000 29.9755 0.3315 0.8248 31.1318 
88 3000.0000 492.0000 3000.0000 3000.0000 100.0000 3000.0000 100.0000 2164.0000 100.0000 100.0000 3000.0000 3000.0000 100.0000 100.0000 -2.5070 0.2105 0.0000 0.3089 0.8202 0.0868 0.1652 100.0000 28.6092 0.3828 0.8477 29.8398 
89 3000.0000 543.0000 3000.0000 3000.0000 100.0000 3000.0000 100.0000 2125.0000 100.0000 100.0000 3000.0000 3000.0000 100.0000 100.0000 -2.5090 0.2016 0.0000 0.3145 0.8296 0.0635 0.1015 100.0000 28.4878 0.3371 0.8346 29.6595 
90 3000.0000 558.0000 3000.0000 3000.0000 100.0000 3000.0000 100.0000 2107.0000 100.0000 100.0000 3000.0000 3000.0000 100.0000 100.0000 -2.3330 0.1964 0.0000 0.3187 0.8372 0.0634 0.1068 100.0000 28.4708 0.3441 0.8919 29.7068 
91 3000.0000 458.0000 3000.0000 3000.0000 100.0000 3000.0000 100.0000 2198.0000 100.0000 100.0000 3000.0000 2818.0000 100.0000 100.0000 -2.4360 0.2107 0.0000 0.3204 0.8408 0.0606 0.1174 100.0000 29.9899 0.3349 0.8438 31.1687 
92 3000.0000 458.0000 3000.0000 3000.0000 100.0000 3000.0000 287.0000 2191.0000 100.0000 100.0000 3000.0000 2975.0000 100.0000 100.0000 -2.4180 0.2074 0.0000 0.3246 0.8449 0.0569 0.1131 100.0000 32.6445 0.4018 0.9743 34.0205 
93 3000.0000 458.0000 3000.0000 3000.0000 100.0000 3000.0000 100.0000 2181.0000 294.0000 100.0000 3000.0000 2973.0000 100.0000 100.0000 -2.4540 0.1908 0.0000 0.3286 0.8488 0.0477 0.1250 100.0000 34.7716 0.3407 1.1151 36.2274 
94 3000.0000 458.0000 3000.0000 3000.0000 100.0000 3000.0000 100.0000 2169.0000 204.0000 100.0000 3000.0000 2970.0000 276.0000 100.0000 -2.5290 0.2080 0.0000 0.3327 0.8525 0.0487 0.1180 100.0000 28.4705 0.4232 0.8438 29.7374 
95 3000.0000 460.0000 3000.0000 3000.0000 100.0000 3000.0000 100.0000 2151.0000 218.0000 100.0000 3000.0000 2968.0000 338.0000 100.0000 -2.3490 0.2047 0.0000 0.3369 0.8567 0.0612 0.1205 100.0000 28.8379 0.3471 0.8470 30.0319 
96 3000.0000 463.0000 3000.0000 3000.0000 309.0000 3000.0000 100.0000 2165.0000 226.0000 100.0000 3000.0000 2973.0000 100.0000 100.0000 -2.3940 0.1933 0.0000 0.3390 0.8604 0.0459 0.1253 100.0000 28.6706 0.3474 0.9924 30.0105 
97 3000.0000 463.0000 3000.0000 3000.0000 100.0000 2774.0000 100.0000 2157.0000 204.0000 100.0000 3000.0000 2971.0000 107.0000 100.0000 -2.4060 0.2111 0.0000 0.3425 0.8637 0.0621 0.1647 100.0000 32.6644 0.3395 0.8824 33.8863 
98 3000.0000 463.0000 2767.0000 3000.0000 100.0000 3000.0000 100.0000 2150.0000 199.0000 100.0000 3000.0000 2970.0000 110.0000 100.0000 -2.3840 0.1955 0.0000 0.3461 0.8666 0.0722 0.1772 100.0000 28.6717 0.3385 0.8470 29.8572 
99 3000.0000 431.0000 3000.0000 3000.0000 100.0000 3000.0000 100.0000 1995.0000 270.0000 100.0000 3000.0000 2784.0000 100.0000 100.0000 -2.3070 0.1557 0.0000 0.3494 0.8695 0.0527 0.1296 100.0000 28.6533 0.3341 0.9680 29.9554 
100 3000.0000 498.0000 3000.0000 3000.0000 100.0000 3000.0000 100.0000 2224.0000 100.0000 100.0000 2798.0000 3000.0000 177.0000 100.0000 -2.3440 0.2261 0.0000 0.3512 0.8733 0.0760 0.1974 100.0000 35.4621 0.3438 0.9062 36.7121 
101 3000.0000 456.0000 3000.0000 3000.0000 100.0000 2847.0000 315.0000 2193.0000 100.0000 100.0000 3000.0000 3000.0000 279.0000 100.0000 -2.3780 0.2237 0.0000 0.3545 0.8791 0.0838 0.3164 100.0000 28.9704 0.3471 1.0081 30.3256 
102 3000.0000 475.0000 3000.0000 3000.0000 100.0000 3000.0000 100.0000 2199.0000 145.0000 343.0000 3000.0000 3000.0000 124.0000 100.0000 -2.3660 0.2092 0.0000 0.3576 0.8840 0.0566 0.1537 100.0000 30.2636 0.3501 0.8888 31.5025 
103 3000.0000 478.0000 3000.0000 2748.0000 100.0000 3000.0000 100.0000 2181.0000 136.0000 100.0000 3000.0000 3000.0000 126.0000 100.0000 -2.3760 0.1696 0.0000 0.3607 0.8872 0.0495 0.1641 100.0000 28.4797 0.3401 0.9300 29.7498 
104 2807.0000 560.0000 3000.0000 3000.0000 100.0000 3000.0000 186.0000 2238.0000 319.0000 100.0000 3000.0000 3000.0000 100.0000 100.0000 -2.4300 0.1983 0.0000 0.3638 0.8901 0.0425 0.1823 100.0000 35.1161 0.4611 1.0268 36.6039 
105 2708.0000 607.0000 3000.0000 3000.0000 100.0000 3000.0000 100.0000 2120.0000 100.0000 100.0000 3000.0000 3000.0000 207.0000 100.0000 -2.4490 0.1870 0.0000 0.3672 0.8946 0.0492 0.1534 100.0000 28.7674 0.3375 0.9013 30.0062 
106 2707.0000 600.0000 3000.0000 3000.0000 100.0000 3000.0000 309.0000 2006.0000 100.0000 100.0000 3000.0000 3000.0000 100.0000 100.0000 -2.2610 0.1462 0.0000 0.3710 0.8998 0.0445 0.1458 100.0000 29.8789 0.3433 0.8585 31.0808 
107 2874.0000 566.0000 3000.0000 3000.0000 100.0000 3000.0000 100.0000 2328.0000 184.0000 100.0000 3000.0000 3000.0000 279.0000 100.0000 -2.4880 0.2498 0.0000 0.3719 0.9042 0.0383 0.1510 100.0000 28.7771 0.4131 0.9870 30.1772 
108 2979.0000 673.0000 3000.0000 3000.0000 100.0000 3000.0000 100.0000 2291.0000 282.0000 100.0000 3000.0000 3000.0000 255.0000 100.0000 -2.3870 0.2242 0.0000 0.3748 0.9111 0.0639 0.1644 100.0000 36.1635 0.4178 1.0536 37.6349 
109 2787.0000 466.0000 3000.0000 3000.0000 100.0000 3000.0000 100.0000 2295.0000 100.0000 100.0000 3000.0000 3000.0000 374.0000 100.0000 -2.3510 0.2392 0.0000 0.3775 0.9178 0.0602 0.1736 100.0000 30.8716 0.4905 1.1269 32.4889 
110 2985.0000 415.0000 3000.0000 3000.0000 100.0000 3000.0000 100.0000 2323.0000 431.0000 100.0000 3000.0000 3000.0000 100.0000 100.0000 -2.2740 0.2001 0.0000 0.3799 0.9244 0.0494 0.2128 100.0000 30.0671 0.3545 0.8916 31.3132 
111 2944.0000 607.0000 3000.0000 3000.0000 344.0000 3000.0000 100.0000 2222.0000 100.0000 100.0000 3000.0000 3000.0000 227.0000 100.0000 -2.4280 0.2256 0.0000 0.3815 0.9309 0.0558 0.2243 100.0000 28.8195 0.3467 0.8982 30.0644 
112 2892.0000 641.0000 3000.0000 3000.0000 100.0000 2784.0000 100.0000 2254.0000 100.0000 100.0000 3000.0000 3000.0000 134.0000 100.0000 -2.5520 0.2405 0.0000 0.3844 0.9362 0.0446 0.1656 100.0000 28.8474 0.3402 0.8597 30.0473 
113 2878.0000 705.0000 3000.0000 3000.0000 100.0000 2692.0000 100.0000 2239.0000 100.0000 100.0000 3000.0000 3000.0000 135.0000 100.0000 -2.5420 0.2381 0.0000 0.3871 0.9427 0.0874 0.2350 100.0000 29.8722 0.3413 0.8431 31.0566 
114 2878.0000 726.0000 3000.0000 3000.0000 100.0000 2665.0000 100.0000 2229.0000 100.0000 100.0000 3000.0000 3000.0000 139.0000 100.0000 -2.4490 0.2380 0.0000 0.3899 0.9500 0.1039 0.3106 100.0000 28.8566 0.3442 0.9067 30.1075 
115 3000.0000 792.0000 3000.0000 3000.0000 100.0000 2712.0000 100.0000 2175.0000 100.0000 100.0000 3000.0000 3000.0000 224.0000 100.0000 -2.5560 0.2325 0.0000 0.3919 0.9557 0.0838 0.2234 100.0000 28.6551 0.3468 0.8794 29.8813 
116 3000.0000 828.0000 3000.0000 3000.0000 100.0000 2682.0000 100.0000 2152.0000 100.0000 100.0000 3000.0000 3000.0000 244.0000 100.0000 -2.4570 0.2286 0.0000 0.3956 0.9630 0.1214 0.9688 100.0000 30.6617 0.3471 0.8847 31.8935 
117 3000.0000 790.0000 3000.0000 3000.0000 100.0000 2783.0000 100.0000 2239.0000 100.0000 100.0000 3000.0000 3000.0000 100.0000 100.0000 -2.4520 0.2346 0.0000 0.3976 0.9686 0.1253 0.5766 100.0000 31.5459 0.4107 0.8435 32.8002 
118 2886.0000 659.0000 3000.0000 3000.0000 100.0000 2595.0000 100.0000 2185.0000 100.0000 100.0000 3000.0000 3000.0000 305.0000 100.0000 -2.5340 0.2347 0.0000 0.4001 0.9756 0.0795 0.2262 100.0000 32.8428 0.3515 0.9918 34.1861 
119 2889.0000 671.0000 3000.0000 3000.0000 222.0000 2587.0000 100.0000 2176.0000 100.0000 100.0000 3000.0000 3000.0000 280.0000 100.0000 -2.4100 0.2311 0.0000 0.4032 0.9819 0.0565 0.1353 100.0000 30.0071 0.4079 0.9472 31.3622 
120 2894.0000 714.0000 3000.0000 3000.0000 100.0000 2724.0000 100.0000 2234.0000 100.0000 100.0000 3000.0000 2816.0000 240.0000 100.0000 -2.4190 0.2370 0.0000 0.4050 0.9878 0.0562 0.1979 100.0000 29.8478 0.3892 0.8573 31.0944 
121 3000.0000 710.0000 3000.0000 3000.0000 100.0000 2491.0000 100.0000 2073.0000 100.0000 100.0000 3000.0000 3000.0000 100.0000 100.0000 -2.4670 0.2272 0.0000 0.4075 0.9938 0.0570 0.1916 100.0000 32.0330 0.3465 0.8630 33.2425 
122 3000.0000 844.0000 3000.0000 3000.0000 100.0000 2629.0000 100.0000 2006.0000 100.0000 100.0000 3000.0000 3000.0000 404.0000 100.0000 -2.5470 0.2055 0.0000 0.4107 0.9994 0.0459 0.1627 100.0000 32.3051 0.3436 0.9442 33.5929 
123 3000.0000 894.0000 3000.0000 3000.0000 100.0000 2594.0000 100.0000 1983.0000 100.0000 100.0000 3000.0000 3000.0000 431.0000 100.0000 -2.6070 0.2018 0.0000 0.4145 1.0060 0.0759 0.2103 100.0000 30.1839 0.3863 0.9171 31.4872 
124 3000.0000 1004.0000 3000.0000 3000.0000 100.0000 2523.0000 100.0000 1906.0000 100.0000 100.0000 3000.0000 3000.0000 517.0000 100.0000 -2.5480 0.1931 0.0000 0.4175 1.0143 0.0532 0.1404 100.0000 32.8062 0.4068 0.9549 34.1679 
125 3000.0000 1102.0000 3000.0000 3000.0000 100.0000 2551.0000 100.0000 1875.0000 100.0000 100.0000 3000.0000 3000.0000 430.0000 100.0000 -2.5250 0.1842 0.0000 0.4203 1.0187 0.0610 0.1949 100.0000 29.4835 0.3464 0.9551 30.7849 
126 3000.0000 873.0000 3000.0000 3000.0000 100.0000 2474.0000 100.0000 1917.0000 100.0000 100.0000 3000.0000 3000.0000 622.0000 100.0000 -2.5440 0.1973 0.0000 0.4227 1.0231 0.0605 0.1798 100.0000 34.1170 0.4210 0.8992 35.4373 
127 3000.0000 1002.0000 3000.0000 3000.0000 100.0000 2648.0000 100.0000 2005.0000 100.0000 100.0000 3000.0000 3000.0000 643.0000 100.0000 -2.5740 0.2117 0.0000 0.4255 1.0276 0.0507 0.1560 100.0000 29.7995 0.3483 0.9473 31.0952 
128 3000.0000 955.0000 3000.0000 3000.0000 100.0000 2699.0000 100.0000 1867.0000 100.0000 100.0000 3000.0000 3000.0000 641.0000 100.0000 -2.5470 0.1859 0.0000 0.4285 1.0325 0.0553 0.1507 100.0000 32.9232 0.5551 1.0986 34.5769 
129 3000.0000 1047.0000 3000.0000 3000.0000 100.0000 2509.0000 100.0000 2068.0000 100.0000 100.0000 3000.0000 3000.0000 641.0000 100.0000 -2.5700 0.2222 0.0000 0.4311 1.0374 0.0625 0.1827 100.0000 30.4750 0.3964 0.9615 31.8329 
130 3000.0000 1104.0000 3000.0000 3000.0000 100.0000 2475.0000 100.0000 1982.0000 100.0000 100.0000 3000.0000 3000.0000 735.0000 100.0000 -2.6950 0.2113 0.0000 0.4338 1.0422 0.0374 0.1156 100.0000 30.7849 0.3659 0.9321 32.0829 
131 3000.0000 1240.0000 3000.0000 3000.0000 100.0000 2366.0000 100.0000 1951.0000 100.0000 100.0000 3000.0000 3000.0000 903.0000 100.0000 -2.4510 0.2020 0.0000 0.4374 1.0504 0.0366 0.1043 100.0000 29.0419 0.3517 0.9214 30.3149 
132 3000.0000 1053.0000 2638.0000 3000.0000 100.0000 2517.0000 100.0000 2003.0000 100.0000 100.0000 3000.0000 3000.0000 654.0000 100.0000 -2.5250 0.2116 0.0000 0.4380 1.0465 0.0557 0.2203 100.0000 29.8725 0.4773 0.9869 31.3367 
133 3000.0000 1065.0000 3000.0000 3000.0000 100.0000 2526.0000 100.0000 1977.0000 100.0000 100.0000 3000.0000 3000.0000 651.0000 460.0000 -2.4870 0.1813 0.0000 0.4406 1.0451 0.0364 0.1865 100.0000 28.9089 0.3517 0.9860 30.2466 
134 3000.0000 1070.0000 3000.0000 3000.0000 100.0000 2503.0000 100.0000 1981.0000 100.0000 470.0000 3000.0000 3000.0000 662.0000 100.0000 -2.4070 0.1657 0.0000 0.4428 1.0429 0.0360 0.1848 100.0000 30.5284 0.3657 0.9959 31.8900 
135 3000.0000 1065.0000 3000.0000 2618.0000 100.0000 2514.0000 100.0000 1966.0000 100.0000 100.0000 3000.0000 3000.0000 660.0000 100.0000 -2.4040 0.2041 0.0000 0.4446 1.0435 0.0576 0.3034 100.0000 31.1703 0.3412 0.8486 32.3600 
136 2604.0000 1100.0000 3000.0000 3000.0000 100.0000 2496.0000 100.0000 1993.0000 100.0000 100.0000 3000.0000 3000.0000 656.0000 100.0000 -2.5470 0.2116 0.0000 0.4464 1.0437 0.0846 0.5497 100.0000 30.7707 0.4051 1.0198 32.1956 
137 2778.0000 955.0000 3000.0000 3000.0000 100.0000 2065.0000 100.0000 1908.0000 100.0000 100.0000 3000.0000 3000.0000 593.0000 100.0000 -2.3360 0.1908 0.0000 0.4494 1.0441 0.0627 0.3890 100.0000 30.3750 0.3335 0.9982 31.7067 
138 2878.0000 1335.0000 3000.0000 3000.0000 100.0000 2841.0000 100.0000 2008.0000 100.0000 100.0000 3000.0000 3000.0000 730.0000 100.0000 -2.4210 0.1674 0.0000 0.4501 1.0451 0.0879 0.3557 100.0000 29.3685 0.4196 0.9341 30.7222 
139 3000.0000 806.0000 3000.0000 3000.0000 100.0000 2632.0000 100.0000 2001.0000 100.0000 100.0000 3000.0000 3000.0000 1035.0000 100.0000 -2.3150 0.1977 0.0000 0.4516 1.0459 0.0563 0.2562 100.0000 29.2750 0.3905 1.0436 30.7091 
140 3000.0000 1413.0000 2826.0000 3000.0000 100.0000 2420.0000 100.0000 2095.0000 100.0000 100.0000 3000.0000 3000.0000 387.0000 100.0000 -2.5050 0.2147 0.0000 0.4519 1.0476 0.0579 1.2898 100.0000 29.6357 0.3490 0.9364 30.9211 
141 100.0000 100.0000 3000.0000 100.0000 100.0000 3000.0000 100.0000 3000.0000 3000.0000 100.0000 3000.0000 3000.0000 100.0000 3000.0000 -1.4430 0.0685 0.0000 0.4548 1.0498 0.0138 1.6647 100.0000 29.1240 0.3491 0.8581 30.3312 
142 3000.0000 1298.0000 2657.0000 3000.0000 100.0000 2566.0000 100.0000 1572.0000 100.0000 100.0000 3000.0000 3000.0000 473.0000 100.0000 -2.3460 0.1085 0.0000 0.4552 1.0481 0.0666 0.3654 100.0000 29.6678 0.3353 0.8819 30.8850 
143 3000.0000 1178.0000 3000.0000 3000.0000 100.0000 2430.0000 100.0000 2311.0000 100.0000 100.0000 3000.0000 3000.0000 582.0000 100.0000 -2.3480 0.2337 0.0000 0.4561 1.0484 0.0652 1.2051 100.0000 30.5794 0.5062 1.1279 32.2135 
144 2375.0000 1434.0000 3000.0000 3000.0000 100.0000 2557.0000 100.0000 1929.0000 100.0000 100.0000 3000.0000 3000.0000 236.0000 100.0000 -2.4900 0.1734 0.0000 0.4571 1.0536 0.0540 0.6299 100.0000 30.8466 0.3378 0.8377 32.0222 
145 2820.0000 1179.0000 3000.0000 3000.0000 508.0000 2562.0000 100.0000 1902.0000 100.0000 100.0000 3000.0000 3000.0000 511.0000 100.0000 -2.4980 0.1808 0.0000 0.4597 1.0550 0.0451 0.3403 100.0000 31.4380 0.4807 1.0640 32.9827 
146 3000.0000 3000.0000 100.0000 100.0000 3000.0000 100.0000 100.0000 3000.0000 100.0000 3000.0000 100.0000 3000.0000 3000.0000 100.0000 -2.0010 0.1106 0.0000 0.4622 1.0548 0.0129 1.6710 100.0000 30.7734 0.3993 0.9131 32.0858 
147 2304.0000 1878.0000 3000.0000 3000.0000 379.0000 2393.0000 100.0000 1833.0000 100.0000 100.0000 3000.0000 3000.0000 638.0000 100.0000 -2.5660 0.1903 0.0000 0.4567 1.0295 0.0395 0.3043 100.0000 29.2789 0.3492 0.8692 30.4973 
148 3000.0000 100.0000 100.0000 100.0000 100.0000 100.0000 100.0000 3000.0000 100.0000 3000.0000 3000.0000 3000.0000 3000.0000 3000.0000 -1.6500 0.0543 0.0000 0.4594 1.0321 0.0117 1.1963 100.0000 29.3229 0.3510 0.8922 30.5661 
149 2320.0000 2193.0000 3000.0000 3000.0000 100.0000 2305.0000 100.0000 1824.0000 100.0000 100.0000 3000.0000 3000.0000 483.0000 100.0000 -2.4470 0.1921 0.0000 0.4567 1.0180 0.0118 0.1386 100.0000 30.6544 0.4581 0.9054 32.0179 
150 1969.0000 1705.0000 3000.0000 3000.0000 547.0000 2556.0000 100.0000 1790.0000 100.0000 100.0000 3000.0000 3000.0000 688.0000 100.0000 -2.1640 0.1649 0.0000 0.4584 1.0168 0.0115 0.1281 100.0000 29.9582 0.3503 0.9063 31.2148 
151 2794.0000 1914.0000 3000.0000 3000.0000 385.0000 2253.0000 100.0000 1856.0000 100.0000 100.0000 3000.0000 3000.0000 474.0000 100.0000 -2.1280 0.1898 0.0000 0.4569 1.0175 0.0355 0.1484 100.0000 30.6168 0.3684 1.0717 32.0569 
152 2351.0000 1604.0000 2576.0000 3000.0000 100.0000 2457.0000 100.0000 2091.0000 100.0000 100.0000 3000.0000 3000.0000 633.0000 100.0000 -2.4550 0.2283 0.0000 0.4543 1.0207 0.0640 0.4690 100.0000 29.7418 0.3637 0.9634 31.0689 
153 2743.0000 1158.0000 2944.0000 3000.0000 100.0000 2565.0000 100.0000 1939.0000 458.0000 100.0000 3000.0000 3000.0000 535.0000 100.0000 -2.5550 0.1404 0.0000 0.4567 1.0213 0.0325 0.2088 100.0000 29.7183 0.4161 0.9168 31.0513 
154 2364.0000 1648.0000 3000.0000 3000.0000 100.0000 2476.0000 100.0000 1951.0000 617.0000 100.0000 3000.0000 3000.0000 632.0000 100.0000 -2.3640 0.0790 0.0000 0.4592 1.0219 0.0681 1.0618 100.0000 32.2213 0.4201 0.9572 33.5986 
155 100.0000 3000.0000 3000.0000 3000.0000 3000.0000 3000.0000 3000.0000 3000.0000 3000.0000 100.0000 100.0000 100.0000 100.0000 100.0000 -1.8430 0.1688 0.0000 0.4608 1.0221 0.0138 1.5695 100.0000 31.3633 0.3915 0.9595 32.7142 
156 3000.0000 100.0000 100.0000 3000.0000 3000.0000 3000.0000 100.0000 3000.0000 100.0000 100.0000 100.0000 100.0000 3000.0000 100.0000 -1.5780 0.0755 0.0000 0.4566 1.0024 0.0155 1.6219 100.0000 30.5603 0.3630 0.8332 31.7566 
157 100.0000 3000.0000 3000.0000 100.0000 3000.0000 100.0000 100.0000 3000.0000 100.0000 3000.0000 3000.0000 100.0000 100.0000 100.0000 -1.6640 0.1755 0.0000 0.4554 0.9946 0.0178 1.7614 100.0000 29.7702 0.3063 0.8555 30.9319 
158 2021.0000 2310.0000 2978.0000 3000.0000 100.0000 2221.0000 100.0000 2243.0000 100.0000 100.0000 3000.0000 3000.0000 950.0000 100.0000 -2.2500 0.2207 0.0000 0.4530 0.9825 0.0220 0.2241 100.0000 29.7814 0.5175 0.9725 31.2714 
159 3000.0000 3000.0000 100.0000 100.0000 100.0000 3000.0000 100.0000 100.0000 100.0000 100.0000 3000.0000 100.0000 3000.0000 3000.0000 -1.3720 0.2122 0.0000 0.4536 0.9793 0.0126 1.2857 100.0000 32.7692 0.3068 0.8254 33.9015 
160 3000.0000 100.0000 100.0000 100.0000 3000.0000 3000.0000 3000.0000 3000.0000 3000.0000 100.0000 100.0000 3000.0000 100.0000 3000.0000 -1.5950 0.1944 0.0000 0.4563 0.9860 0.0174 1.3566 100.0000 29.7996 0.3948 1.0588 31.2532 
161 3000.0000 3000.0000 100.0000 3000.0000 3000.0000 100.0000 3000.0000 100.0000 100.0000 3000.0000 3000.0000 3000.0000 100.0000 100.0000 -1.7400 0.0833 0.0000 0.4548 0.9773 0.0160 1.4061 100.0000 31.0687 0.4452 1.0183 32.5322 
162 2233.0000 2017.0000 2589.0000 3000.0000 100.0000 2824.0000 100.0000 1934.0000 100.0000 100.0000 3000.0000 3000.0000 100.0000 100.0000 -2.5480 0.1608 0.0000 0.4517 0.9631 0.0383 1.6232 100.0000 30.3843 0.4801 1.0284 31.8928 
163 2256.0000 1937.0000 2660.0000 3000.0000 100.0000 2740.0000 100.0000 1911.0000 100.0000 100.0000 3000.0000 2534.0000 171.0000 100.0000 -2.3690 0.1693 0.0000 0.4544 0.9661 0.0417 0.2315 100.0000 30.9538 0.3832 1.0454 32.3824 
164 2030.0000 2140.0000 2291.0000 3000.0000 100.0000 2476.0000 100.0000 1764.0000 100.0000 100.0000 3000.0000 3000.0000 100.0000 100.0000 -2.4170 0.1317 0.0000 0.4560 0.9662 0.0980 1.4016 100.0000 32.5302 0.3287 0.8414 33.7003 
165 100.0000 100.0000 100.0000 3000.0000 100.0000 100.0000 3000.0000 100.0000 3000.0000 3000.0000 3000.0000 3000.0000 100.0000 3000.0000 -1.9390 0.1085 0.0000 0.4579 0.9662 0.0125 1.5737 100.0000 33.6645 0.3495 0.9078 34.9218 
166 2143.0000 2413.0000 2912.0000 3000.0000 100.0000 3000.0000 100.0000 1780.0000 100.0000 100.0000 3000.0000 3000.0000 100.0000 100.0000 -2.3240 0.1456 0.0000 0.4539 0.9496 0.0743 1.4874 100.0000 30.1252 0.3827 0.9844 31.4923 
167 3000.0000 100.0000 3000.0000 100.0000 100.0000 3000.0000 3000.0000 3000.0000 100.0000 3000.0000 100.0000 3000.0000 3000.0000 100.0000 -1.2840 0.0299 0.0000 0.4549 0.9488 0.0164 1.4743 100.0000 33.7142 0.4570 1.0743 35.2455 
168 2489.0000 1410.0000 2416.0000 3000.0000 100.0000 2765.0000 100.0000 2068.0000 100.0000 100.0000 3000.0000 3000.0000 100.0000 100.0000 -2.5040 0.1911 0.0000 0.4596 0.9619 0.0913 0.5892 100.0000 29.8578 0.4046 1.0274 31.2898 
169 2357.0000 1695.0000 2616.0000 3000.0000 100.0000 2678.0000 100.0000 1957.0000 100.0000 100.0000 3000.0000 3000.0000 197.0000 584.0000 -2.2830 0.1432 0.0000 0.4632 0.9660 0.0375 0.2119 100.0000 29.8735 0.4101 1.0425 31.3261 
170 100.0000 100.0000 100.0000 3000.0000 100.0000 3000.0000 3000.0000 3000.0000 3000.0000 100.0000 3000.0000 3000.0000 3000.0000 100.0000 -1.8400 0.1072 0.0000 0.4646 0.9689 0.0178 1.4840 100.0000 30.2376 0.4674 1.0204 31.7254 
171 3000.0000 3000.0000 3000.0000 3000.0000 100.0000 100.0000 100.0000 100.0000 3000.0000 3000.0000 100.0000 3000.0000 100.0000 100.0000 -2.0650 0.0948 0.0000 0.4611 0.9540 0.0137 1.3084 100.0000 30.2026 0.4281 1.1844 31.8151 
172 2738.0000 1142.0000 2851.0000 3000.0000 100.0000 2600.0000 100.0000 1958.0000 110.0000 100.0000 2665.0000 3000.0000 483.0000 100.0000 -2.2680 0.1763 0.0000 0.4571 0.9391 0.0738 0.4607 100.0000 35.1960 0.4014 1.0003 36.5977 
173 3000.0000 3000.0000 3000.0000 100.0000 3000.0000 100.0000 100.0000 3000.0000 3000.0000 100.0000 100.0000 3000.0000 100.0000 3000.0000 -1.4080 0.1229 0.0000 0.4580 0.9475 0.0074 0.9481 100.0000 29.5458 0.3948 0.9995 30.9401 
174 2405.0000 2047.0000 2040.0000 3000.0000 100.0000 2972.0000 100.0000 2248.0000 100.0000 100.0000 3000.0000 3000.0000 100.0000 100.0000 -2.4340 0.2445 0.0000 0.4601 0.9509 0.0648 1.5310 100.0000 29.2395 0.3463 0.9428 30.5286 
175 3000.0000 100.0000 100.0000 3000.0000 100.0000 3000.0000 100.0000 3000.0000 3000.0000 3000.0000 3000.0000 100.0000 100.0000 100.0000 -1.4390 0.0698 0.0000 0.4625 0.9520 0.0131 0.9931 100.0000 29.0237 0.3452 1.1327 30.5016 
176 2220.0000 1925.0000 2506.0000 2491.0000 100.0000 2661.0000 100.0000 2152.0000 100.0000 100.0000 3000.0000 3000.0000 100.0000 100.0000 -2.1890 0.1030 0.0000 0.4639 0.9532 0.0854 0.7302 100.0000 29.1281 0.3305 1.1509 30.6094 
177 100.0000 3000.0000 100.0000 100.0000 3000.0000 3000.0000 100.0000 100.0000 3000.0000 100.0000 3000.0000 3000.0000 100.0000 100.0000 -1.7220 0.0278 0.0000 0.4650 0.9570 0.0179 1.6561 100.0000 28.8325 0.3382 0.9454 30.1161 
178 100.0000 100.0000 100.0000 3000.0000 3000.0000 100.0000 100.0000 3000.0000 100.0000 100.0000 3000.0000 3000.0000 3000.0000 3000.0000 -1.7160 0.2271 0.0000 0.4625 0.9459 0.0175 1.3913 100.0000 29.2725 0.3459 0.8755 30.4939 
179 2399.0000 1972.0000 2230.0000 3000.0000 100.0000 3000.0000 100.0000 1680.0000 100.0000 100.0000 3000.0000 3000.0000 527.0000 100.0000 -2.1530 0.0981 0.0000 0.4601 0.9353 0.0693 1.5479 100.0000 30.0428 0.3442 0.8613 31.2483 
180 100.0000 3000.0000 3000.0000 3000.0000 100.0000 100.0000 3000.0000 100.0000 100.0000 3000.0000 3000.0000 3000.0000 3000.0000 100.0000 -1.5300 0.1264 0.0000 0.4600 0.9387 0.0203 1.5712 100.0000 34.8761 0.4024 1.1020 36.3806 
181 3000.0000 3000.0000 100.0000 3000.0000 100.0000 100.0000 3000.0000 3000.0000 100.0000 100.0000 3000.0000 100.0000 100.0000 3000.0000 -2.2110 0.3541 0.0000 0.4599 0.9349 0.0160 1.2210 100.0000 31.0887 0.3590 0.9135 32.3611 
182 3000.0000 3000.0000 100.0000 3000.0000 1830.0000 100.0000 3000.0000 3000.0000 100.0000 100.0000 3000.0000 100.0000 100.0000 3000.0000 -1.3740 0.1491 0.0000 0.4567 0.9248 0.0154 0.5759 100.0000 28.8806 0.4096 1.0536 30.3438 
183 2044.0000 1886.0000 2821.0000 3000.0000 100.0000 2351.0000 100.0000 2259.0000 100.0000 100.0000 3000.0000 3000.0000 100.0000 100.0000 -2.3300 0.2759 0.0000 0.4571 0.9301 0.0565 1.5932 100.0000 29.0948 0.3790 0.9140 30.3877 
184 3000.0000 3000.0000 3000.0000 3000.0000 100.0000 100.0000 100.0000 100.0000 3000.0000 3000.0000 100.0000 100.0000 100.0000 3000.0000 -1.9530 0.0976 0.0000 0.4592 0.9327 0.0153 1.1279 100.0000 29.1417 0.3558 0.9345 30.4320 
185 100.0000 100.0000 100.0000 100.0000 3000.0000 3000.0000 100.0000 100.0000 3000.0000 3000.0000 3000.0000 100.0000 3000.0000 3000.0000 -1.1490 0.1482 0.0000 0.4556 0.9200 0.0218 1.6357 100.0000 32.6303 0.4101 0.9396 33.9801 
186 2221.0000 2883.0000 2003.0000 3000.0000 100.0000 2553.0000 100.0000 2410.0000 100.0000 100.0000 3000.0000 3000.0000 100.0000 100.0000 -2.2490 0.2571 0.0000 0.4631 0.9391 0.0573 1.0780 100.0000 29.4296 0.3901 0.9841 30.8038 
187 3000.0000 100.0000 100.0000 3000.0000 100.0000 100.0000 3000.0000 100.0000 3000.0000 100.0000 100.0000 3000.0000 3000.0000 3000.0000 -1.4580 0.2402 0.0000 0.4643 0.9380 0.0225 1.4604 100.0000 29.8175 0.3501 0.9765 31.1441 
188 100.0000 100.0000 3000.0000 3000.0000 100.0000 3000.0000 3000.0000 100.0000 100.0000 3000.0000 100.0000 100.0000 3000.0000 3000.0000 -1.9710 0.3100 0.0000 0.4653 0.9371 0.0201 1.4558 100.0000 30.2783 0.3826 0.9588 31.6197 
189 3000.0000 3000.0000 3000.0000 100.0000 100.0000 100.0000 100.0000 3000.0000 3000.0000 3000.0000 100.0000 100.0000 3000.0000 100.0000 -1.7070 0.0791 0.0000 0.4616 0.9248 0.0259 1.8117 100.0000 30.9603 0.3954 1.0414 32.3972 
190 100.0000 3000.0000 3000.0000 100.0000 3000.0000 3000.0000 3000.0000 100.0000 100.0000 3000.0000 100.0000 3000.0000 3000.0000 3000.0000 -1.7050 0.0904 0.0000 0.4594 0.9156 0.0187 1.4321 100.0000 30.8345 0.4510 1.0860 32.3715 
191 1998.0000 1911.0000 3000.0000 3000.0000 100.0000 2162.0000 100.0000 1289.0000 100.0000 100.0000 3000.0000 3000.0000 100.0000 100.0000 -2.4460 0.0979 0.0000 0.4573 0.9067 0.0363 0.3272 100.0000 29.2897 0.3269 0.9779 30.5946 
192 1896.0000 2393.0000 2906.0000 3000.0000 100.0000 2126.0000 100.0000 1388.0000 719.0000 100.0000 3000.0000 3000.0000 100.0000 100.0000 -1.6080 0.1371 0.0000 0.4603 0.9097 0.0197 0.1748 100.0000 32.3681 0.3462 1.0151 33.7295 
193 100.0000 100.0000 3000.0000 3000.0000 100.0000 100.0000 100.0000 3000.0000 100.0000 3000.0000 100.0000 100.0000 3000.0000 3000.0000 -1.5120 0.1824 0.0000 0.4533 0.9216 0.0167 1.2737 100.0000 28.9629 0.3062 0.8365 30.1055 
194 100.0000 3000.0000 100.0000 100.0000 3000.0000 3000.0000 3000.0000 3000.0000 100.0000 100.0000 3000.0000 3000.0000 100.0000 100.0000 -1.8040 0.0960 0.0000 0.4533 0.9183 0.0185 1.5642 100.0000 28.8888 0.3509 0.9472 30.1869 
195 2552.0000 1231.0000 1967.0000 3000.0000 100.0000 2320.0000 100.0000 2123.0000 100.0000 100.0000 3000.0000 3000.0000 100.0000 100.0000 -2.3540 0.0778 0.0000 0.4505 0.9079 0.0574 1.3039 100.0000 29.2083 0.3180 0.8385 30.3648 
196 100.0000 100.0000 3000.0000 3000.0000 3000.0000 3000.0000 3000.0000 100.0000 100.0000 100.0000 3000.0000 100.0000 100.0000 3000.0000 -1.5380 0.0812 0.0000 0.4532 0.9106 0.0223 1.4361 100.0000 29.2086 0.3504 0.9425 30.5016 
197 100.0000 100.0000 3000.0000 3000.0000 3000.0000 100.0000 100.0000 3000.0000 3000.0000 3000.0000 100.0000 3000.0000 100.0000 100.0000 -1.9360 0.1053 0.0000 0.4528 0.9064 0.0172 1.0062 100.0000 29.6407 0.4069 1.0620 31.1096 
198 3000.0000 100.0000 100.0000 3000.0000 3000.0000 100.0000 3000.0000 3000.0000 3000.0000 3000.0000 100.0000 3000.0000 100.0000 100.0000 -1.4610 0.2418 0.0000 0.4496 0.8958 0.0167 1.2281 100.0000 33.4673 0.3917 0.9789 34.8378 
199 3000.0000 100.0000 100.0000 100.0000 100.0000 3000.0000 3000.0000 3000.0000 100.0000 3000.0000 3000.0000 100.0000 100.0000 3000.0000 -1.6070 0.2459 0.0000 0.4504 0.8947 0.0194 1.4640 100.0000 29.5016 0.3535 1.0283 30.8833 
200 100.0000 3000.0000 3000.0000 100.0000 100.0000 100.0000 3000.0000 100.0000 3000.0000 3000.0000 3000.0000 100.0000 100.0000 3000.0000 -1.8210 0.1638 0.0000 0.4494 0.8888 0.0239 1.4524 100.0000 30.1276 0.3481 1.0581 31.5339 
201 2629.0000 1775.0000 1432.0000 3000.0000 100.0000 2990.0000 100.0000 2757.0000 100.0000 100.0000 3000.0000 2856.0000 100.0000 100.0000 -2.2110 0.2911 0.0000 0.4466 0.8793 0.0367 1.2034 100.0000 29.9732 0.3398 0.9908 31.3038 
202 100.0000 3000.0000 100.0000 100.0000 100.0000 100.0000 3000.0000 3000.0000 3000.0000 100.0000 3000.0000 100.0000 3000.0000 3000.0000 -1.3200 0.1057 0.0000 0.4479 0.8795 0.0173 1.3735 100.0000 30.5802 0.3928 0.9443 31.9173 
203 100.0000 3000.0000 3000.0000 3000.0000 3000.0000 3000.0000 100.0000 3000.0000 3000.0000 100.0000 100.0000 100.0000 3000.0000 3000.0000 -2.1940 0.1435 0.0000 0.4510 0.8840 0.0181 1.2819 100.0000 34.0269 0.4383 1.3964 35.8616 
204 100.0000 3000.0000 3000.0000 3000.0000 3000.0000 3000.0000 100.0000 3000.0000 3000.0000 100.0000 100.0000 100.0000 3000.0000 1288.0000 -1.5460 0.1491 0.0000 0.4483 0.8775 0.0157 0.3819 100.0000 31.0001 0.5010 1.2549 32.7560 
205 3000.0000 3000.0000 3000.0000 3000.0000 100.0000 3000.0000 3000.0000 100.0000 3000.0000 100.0000 100.0000 100.0000 3000.0000 3000.0000 -1.5690 0.0457 0.0000 0.4469 0.8746 0.0162 1.2406 100.0000 32.9036 0.4572 1.1830 34.5438 
206 3000.0000 3000.0000 100.0000 100.0000 3000.0000 3000.0000 100.0000 100.0000 3000.0000 3000.0000 100.0000 3000.0000 3000.0000 100.0000 -1.5150 0.2710 0.0000 0.4462 0.8698 0.0238 1.3655 100.0000 30.1541 0.4105 1.0761 31.6406 
207 2407.0000 1547.0000 3000.0000 3000.0000 100.0000 2469.0000 561.0000 1790.0000 100.0000 100.0000 3000.0000 3000.0000 448.0000 100.0000 -2.5130 0.1484 0.0000 0.4461 0.8665 0.0718 1.0283 100.0000 31.6490 0.3535 1.0592 33.0617 
208 3000.0000 3000.0000 3000.0000 3000.0000 100.0000 100.0000 3000.0000 3000.0000 100.0000 100.0000 100.0000 100.0000 100.0000 100.0000 -1.9200 0.3199 0.0000 0.4496 0.8699 0.0270 1.4851 100.0000 30.0693 0.4123 0.8578 31.3394 
209 3000.0000 3000.0000 3000.0000 100.0000 100.0000 3000.0000 3000.0000 100.0000 100.0000 100.0000 100.0000 3000.0000 100.0000 100.0000 -1.9730 0.1008 0.0000 0.4466 0.8611 0.0194 1.4590 100.0000 30.0325 0.3643 0.9333 31.3302 
210 3000.0000 100.0000 3000.0000 3000.0000 3000.0000 3000.0000 100.0000 100.0000 100.0000 3000.0000 100.0000 100.0000 100.0000 100.0000 -1.5670 0.2527 0.0000 0.4436 0.8527 0.0214 1.4039 100.0000 32.4716 0.3567 0.9438 33.7722 
211 100.0000 100.0000 100.0000 100.0000 3000.0000 100.0000 3000.0000 3000.0000 3000.0000 3000.0000 100.0000 3000.0000 3000.0000 3000.0000 -1.9160 0.0939 0.0000 0.4430 0.8485 0.0253 1.6943 100.0000 32.2270 0.4693 1.0950 33.7912 
212 100.0000 3000.0000 3000.0000 3000.0000 3000.0000 100.0000 3000.0000 100.0000 100.0000 100.0000 100.0000 3000.0000 3000.0000 3000.0000 -1.6150 0.1962 0.0000 0.4402 0.8404 0.0236 1.4028 100.0000 29.5653 0.3969 1.0629 31.0251 
213 2397.0000 1745.0000 2568.0000 3000.0000 100.0000 2637.0000 664.0000 1999.0000 100.0000 100.0000 3000.0000 3000.0000 100.0000 100.0000 -2.5430 0.1594 0.0000 0.4392 0.8354 0.0835 0.9829 100.0000 29.4018 0.3441 0.9343 30.6802 
214 2248.0000 1514.0000 2659.0000 3000.0000 100.0000 2411.0000 488.0000 1668.0000 100.0000 100.0000 3000.0000 3000.0000 100.0000 100.0000 -2.3410 0.1163 0.0000 0.4429 0.8397 0.0963 1.3873 100.0000 31.2455 0.3713 0.9630 32.5798 
215 3000.0000 100.0000 3000.0000 3000.0000 100.0000 100.0000 100.0000 100.0000 100.0000 3000.0000 3000.0000 3000.0000 100.0000 100.0000 -1.3640 0.0478 0.0000 0.4455 0.8445 0.0265 1.4492 100.0000 32.0711 0.3483 0.9454 33.3649 
216 2492.0000 1844.0000 2885.0000 3000.0000 100.0000 2845.0000 621.0000 2192.0000 100.0000 100.0000 3000.0000 3000.0000 281.0000 100.0000 -2.1340 0.1943 0.0000 0.4476 0.8466 0.0631 0.1976 100.0000 32.4332 0.4310 1.0058 33.8700 
217 100.0000 3000.0000 3000.0000 100.0000 100.0000 3000.0000 3000.0000 3000.0000 3000.0000 3000.0000 3000.0000 100.0000 100.0000 100.0000 -1.3100 0.1276 0.0000 0.4457 0.8506 0.0224 1.3552 100.0000 29.4254 0.4362 0.9773 30.8390 
218 3000.0000 100.0000 3000.0000 100.0000 3000.0000 3000.0000 100.0000 3000.0000 100.0000 100.0000 100.0000 100.0000 100.0000 3000.0000 -1.6650 0.1064 0.0000 0.4490 0.8548 0.0147 0.9590 100.0000 29.5140 0.2986 0.8209 30.6335 
219 100.0000 3000.0000 100.0000 3000.0000 100.0000 100.0000 100.0000 3000.0000 3000.0000 3000.0000 3000.0000 3000.0000 3000.0000 100.0000 -2.2890 0.0752 0.0000 0.4476 0.8487 0.0198 1.2023 100.0000 29.6789 0.3901 1.0909 31.1600 
220 100.0000 100.0000 100.0000 3000.0000 3000.0000 3000.0000 3000.0000 3000.0000 100.0000 3000.0000 3000.0000 100.0000 100.0000 100.0000 -1.4950 0.0824 0.0000 0.4457 0.8462 0.0239 1.3209 100.0000 29.6452 0.3766 0.8885 30.9102 
221 3000.0000 100.0000 3000.0000 100.0000 3000.0000 100.0000 100.0000 100.0000 3000.0000 3000.0000 100.0000 3000.0000 100.0000 3000.0000 -1.7460 0.0362 0.0000 0.4462 0.8441 0.0190 1.3406 100.0000 32.1155 0.4283 1.0044 33.5482 
222 100.0000 3000.0000 100.0000 3000.0000 100.0000 100.0000 100.0000 3000.0000 3000.0000 1746.0000 3000.0000 3000.0000 3000.0000 100.0000 -1.5860 0.1147 0.0000 0.4442 0.8374 0.0196 0.3366 100.0000 30.7270 0.3725 1.0741 32.1737 
223 100.0000 100.0000 100.0000 100.0000 3000.0000 3000.0000 100.0000 3000.0000 100.0000 100.0000 100.0000 3000.0000 3000.0000 100.0000 -1.6620 0.0442 0.0000 0.4410 0.8355 0.0243 1.5576 100.0000 30.3483 0.2614 0.7457 31.3554 
224 2320.0000 1852.0000 1975.0000 3000.0000 100.0000 2469.0000 728.0000 2134.0000 100.0000 100.0000 3000.0000 3000.0000 100.0000 100.0000 -2.3030 0.1843 0.0000 0.4397 0.8298 0.0734 0.7251 100.0000 29.7310 0.3371 0.8925 30.9606 
225 100.0000 3000.0000 3000.0000 100.0000 3000.0000 100.0000 100.0000 100.0000 3000.0000 3000.0000 100.0000 100.0000 3000.0000 3000.0000 -1.2180 0.0824 0.0000 0.4430 0.8337 0.0276 1.8267 100.0000 29.9892 0.4141 0.9773 31.3807 
226 3000.0000 3000.0000 3000.0000 100.0000 100.0000 100.0000 3000.0000 100.0000 100.0000 100.0000 100.0000 3000.0000 100.0000 3000.0000 -1.5140 0.1186 0.0000 0.4484 0.8413 0.0268 1.4910 100.0000 30.2906 0.3079 0.9861 31.5847 
227 3000.0000 3000.0000 800.0000 3000.0000 100.0000 3000.0000 100.0000 2157.0000 100.0000 100.0000 3000.0000 3000.0000 100.0000 100.0000 -2.4750 0.2115 0.0000 0.4485 0.8383 0.0320 1.1935 100.0000 30.0252 0.3465 0.9856 31.3573 
228 3000.0000 3000.0000 156.0000 3000.0000 100.0000 3000.0000 100.0000 2467.0000 100.0000 100.0000 3000.0000 3000.0000 100.0000 100.0000 -2.2870 0.2760 0.0000 0.4508 0.8436 0.1314 0.4832 100.0000 30.0425 0.3420 1.1179 31.5023 
229 3000.0000 2567.0000 1009.0000 3000.0000 100.0000 2606.0000 100.0000 1839.0000 100.0000 100.0000 3000.0000 3000.0000 100.0000 100.0000 -2.3990 0.1571 0.0000 0.4528 0.8450 0.0457 0.2431 100.0000 31.1493 0.3303 0.9749 32.4545 
230 3000.0000 3000.0000 1076.0000 3000.0000 100.0000 3000.0000 741.0000 2041.0000 100.0000 100.0000 3000.0000 3000.0000 100.0000 100.0000 -2.1070 0.1405 0.0000 0.4568 0.8490 0.0411 0.2569 100.0000 29.4136 0.3656 1.1101 30.8893 
231 2280.0000 2634.0000 676.0000 3000.0000 100.0000 2976.0000 100.0000 1950.0000 100.0000 100.0000 3000.0000 3000.0000 100.0000 100.0000 -1.9280 0.0284 0.0000 0.4569 0.8504 0.0550 0.3233 100.0000 29.9480 0.3615 1.0705 31.3801 
232 3000.0000 2964.0000 1065.0000 3000.0000 100.0000 2350.0000 100.0000 2608.0000 100.0000 100.0000 3000.0000 3000.0000 100.0000 100.0000 -2.3480 0.2670 0.0000 0.4545 0.8523 0.0924 1.7357 100.0000 29.6443 0.3504 1.1629 31.1576 
233 3000.0000 3000.0000 1028.0000 3000.0000 100.0000 2797.0000 100.0000 2514.0000 100.0000 100.0000 3000.0000 3000.0000 894.0000 100.0000 -2.0770 0.1805 0.0000 0.4582 0.8556 0.0958 1.3536 100.0000 29.6246 0.3672 1.1120 31.1038 
234 3000.0000 3000.0000 100.0000 3000.0000 100.0000 100.0000 3000.0000 100.0000 3000.0000 100.0000 3000.0000 3000.0000 100.0000 100.0000 -1.0940 0.2525 0.0000 0.4589 0.8567 0.0307 1.5763 100.0000 29.4076 0.3569 0.9615 30.7260 
235 3000.0000 100.0000 3000.0000 3000.0000 100.0000 3000.0000 100.0000 100.0000 100.0000 100.0000 3000.0000 3000.0000 3000.0000 3000.0000 -1.6160 0.0960 0.0000 0.4686 0.8711 0.0310 1.1463 100.0000 29.3702 0.3956 1.1108 30.8766 
236 100.0000 100.0000 3000.0000 3000.0000 100.0000 3000.0000 100.0000 100.0000 3000.0000 100.0000 100.0000 3000.0000 3000.0000 100.0000 -1.6990 0.2819 0.0000 0.4676 0.8662 0.0275 1.4689 100.0000 29.3852 0.3071 0.8588 30.5511 
237 3000.0000 2052.0000 1966.0000 3000.0000 100.0000 2492.0000 100.0000 2141.0000 100.0000 100.0000 3000.0000 3000.0000 100.0000 100.0000 -2.4190 0.2352 0.0000 0.4658 0.8600 0.0866 1.0506 100.0000 29.8330 0.3355 1.0256 31.1941 
238 3000.0000 2515.0000 1478.0000 3000.0000 100.0000 2514.0000 100.0000 2197.0000 100.0000 100.0000 3000.0000 2237.0000 100.0000 100.0000 -1.7420 0.1707 0.0000 0.4717 0.8663 0.0772 0.8111 100.0000 31.9789 0.3319 0.9916 33.3024 
239 100.0000 100.0000 100.0000 3000.0000 3000.0000 100.0000 100.0000 3000.0000 3000.0000 3000.0000 3000.0000 100.0000 100.0000 3000.0000 -1.7300 0.0226 0.0000 0.4656 0.8697 0.0194 0.9751 100.0000 33.4651 0.4145 1.1048 34.9845 
240 100.0000 3000.0000 3000.0000 100.0000 3000.0000 3000.0000 100.0000 3000.0000 100.0000 100.0000 3000.0000 100.0000 3000.0000 3000.0000 -1.4280 0.0555 0.0000 0.4635 0.8631 0.0197 0.7754 100.0000 29.2959 0.4001 1.0869 30.7829 
241 3000.0000 100.0000 3000.0000 3000.0000 100.0000 3000.0000 3000.0000 3000.0000 3000.0000 100.0000 100.0000 100.0000 100.0000 3000.0000 -2.1240 0.2063 0.0000 0.4656 0.8631 0.0334 1.6166 100.0000 29.5947 0.3924 1.0826 31.0697 
242 838.0000 100.0000 3000.0000 3000.0000 100.0000 3000.0000 3000.0000 3000.0000 3000.0000 100.0000 100.0000 100.0000 100.0000 3000.0000 -1.2290 0.1947 0.0000 0.4622 0.8573 0.0171 0.3858 100.0000 29.5770 0.3573 1.0269 30.9611 
243 3000.0000 3000.0000 100.0000 100.0000 3000.0000 100.0000 3000.0000 3000.0000 100.0000 100.0000 100.0000 3000.0000 3000.0000 100.0000 -2.1150 0.3457 0.0000 0.4651 0.8622 0.0280 1.3050 100.0000 29.3319 0.3903 0.9848 30.7070 
244 3000.0000 3000.0000 100.0000 100.0000 3000.0000 100.0000 832.0000 3000.0000 100.0000 100.0000 100.0000 3000.0000 3000.0000 100.0000 -1.3450 0.2338 0.0000 0.4619 0.8566 0.0271 0.7291 100.0000 29.3349 0.3176 0.8924 30.5449 
245 100.0000 3000.0000 100.0000 3000.0000 3000.0000 100.0000 3000.0000 3000.0000 100.0000 3000.0000 100.0000 100.0000 3000.0000 100.0000 -1.5270 0.0484 0.0000 0.4625 0.8570 0.0231 1.2027 100.0000 29.7525 0.3450 1.0444 31.1419 
246 3000.0000 3000.0000 3000.0000 100.0000 100.0000 3000.0000 100.0000 100.0000 3000.0000 3000.0000 100.0000 100.0000 100.0000 3000.0000 -1.6640 0.1475 0.0000 0.4625 0.8537 0.0405 1.7536 100.0000 30.0732 0.4655 1.1875 31.7262 
247 100.0000 3000.0000 100.0000 1374.0000 100.0000 100.0000 100.0000 3000.0000 3000.0000 3000.0000 3000.0000 3000.0000 3000.0000 100.0000 -1.6040 0.1255 0.0000 0.4610 0.8483 0.0297 0.6876 100.0000 31.7011 0.3681 1.1667 33.2358 
248 100.0000 100.0000 3000.0000 3000.0000 3000.0000 100.0000 100.0000 3000.0000 100.0000 3000.0000 3000.0000 3000.0000 100.0000 3000.0000 -1.5390 0.0638 0.0000 0.4592 0.8445 0.0316 1.5124 100.0000 31.2480 0.4445 1.2017 32.8943 
249 100.0000 100.0000 100.0000 3000.0000 3000.0000 3000.0000 3000.0000 100.0000 3000.0000 3000.0000 100.0000 3000.0000 3000.0000 100.0000 -1.6970 0.0107 0.0000 0.4594 0.8414 0.0336 1.4060 100.0000 30.9185 0.4609 1.1113 32.4906 
130 3000.0000 1104.0000 3000.0000 3000.0000 100.0000 2475.0000 100.0000 1982.0000 100.0000 100.0000 3000.0000 3000.0000 735.0000 100.0000 -2.6950 0.2113 0.0000 0.4338 1.0422 0.0374 0.1156 100.0000 30.7849 0.3659 0.9321 32.0829 
