0 2280.0000 912.0000 2280.0000 912.0000 2280.0000 912.0000 2280.0000 912.0000 2280.0000 912.0000 2280.0000 912.0000 2280.0000 912.0000 2280.0000 912.0000 -1.6030 0.0797 0.0000 0.1563 0.9148 0.0000 0.0000 0.0000 0.0000 0.0000 0.0000 0.0000 
1 1593.0000 553.0000 1593.0000 553.0000 1593.0000 553.0000 1593.0000 553.0000 1593.0000 553.0000 1593.0000 553.0000 1593.0000 553.0000 1593.0000 553.0000 -1.5630 0.1605 0.0000 0.1563 0.9148 0.0000 0.0000 0.0000 0.0000 0.0000 0.0000 0.0000 
2 1017.0000 1196.0000 1017.0000 1196.0000 1017.0000 1196.0000 1017.0000 1196.0000 1017.0000 1196.0000 1017.0000 1196.0000 1017.0000 1196.0000 1017.0000 1196.0000 -0.7620 0.1436 0.0000 0.1563 0.9148 0.0000 0.0000 0.0000 0.0000 0.0000 0.0000 0.0000 
3 2629.0000 1021.0000 2629.0000 1021.0000 2629.0000 1021.0000 2629.0000 1021.0000 2629.0000 1021.0000 2629.0000 1021.0000 2629.0000 1021.0000 2629.0000 1021.0000 -1.4010 0.0605 0.0000 0.1563 0.9148 0.0000 0.0000 0.0000 0.0000 0.0000 0.0000 0.0000 
4 2227.0000 416.0000 2227.0000 416.0000 2227.0000 416.0000 2227.0000 416.0000 2227.0000 416.0000 2227.0000 416.0000 2227.0000 416.0000 2227.0000 416.0000 -1.6430 0.1070 0.0000 0.1563 0.9148 0.0000 0.0000 0.0000 0.0000 0.0000 0.0000 0.0000 
5 1261.0000 908.0000 1261.0000 908.0000 1261.0000 908.0000 1261.0000 908.0000 1261.0000 908.0000 1261.0000 908.0000 1261.0000 908.0000 1261.0000 908.0000 -0.4600 0.1217 0.0000 0.1563 0.9148 0.0000 0.0000 0.0000 0.0000 0.0000 0.0000 0.0000 
6 1161.0000 191.0000 1161.0000 191.0000 1161.0000 191.0000 1161.0000 191.0000 1161.0000 191.0000 1161.0000 191.0000 1161.0000 191.0000 1161.0000 191.0000 -1.2540 0.0124 0.0000 0.1563 0.9148 0.0000 0.0000 0.0000 0.0000 0.0000 0.0000 0.0000 
7 2914.0000 1099.0000 2914.0000 1099.0000 2914.0000 1099.0000 2914.0000 1099.0000 2914.0000 1099.0000 2914.0000 1099.0000 2914.0000 1099.0000 2914.0000 1099.0000 -1.5090 0.1078 0.0000 0.1563 0.9148 0.0000 0.0000 0.0000 0.0000 0.0000 0.0000 0.0000 
8 768.0000 1813.0000 768.0000 1813.0000 768.0000 1813.0000 768.0000 1813.0000 768.0000 1813.0000 768.0000 1813.0000 768.0000 1813.0000 768.0000 1813.0000 -1.7740 0.1155 0.0000 0.1563 0.9148 0.0000 0.0000 0.0000 0.0000 0.0000 0.0000 0.0000 
9 1808.0000 856.0000 1808.0000 856.0000 1808.0000 856.0000 1808.0000 856.0000 1808.0000 856.0000 1808.0000 856.0000 1808.0000 856.0000 1808.0000 856.0000 -1.2940 0.1953 0.0000 0.1563 0.9148 0.0000 0.0000 0.0000 0.0000 0.0000 0.0000 0.0000 
10 1882.0000 1268.0000 1882.0000 1268.0000 1882.0000 1268.0000 1882.0000 1268.0000 1882.0000 1268.0000 1882.0000 1268.0000 1882.0000 1268.0000 1882.0000 1268.0000 -1.3920 0.1381 0.0000 0.1563 0.9148 0.0000 0.0000 0.0000 0.0000 0.0000 0.0000 0.0000 
11 2044.0000 1710.0000 2044.0000 1710.0000 2044.0000 1710.0000 2044.0000 1710.0000 2044.0000 1710.0000 2044.0000 1710.0000 2044.0000 1710.0000 2044.0000 1710.0000 -1.6360 0.0290 0.0000 0.1563 0.9148 0.0000 0.0000 0.0000 0.0000 0.0000 0.0000 0.0000 
12 1909.0000 1795.0000 1909.0000 1795.0000 1909.0000 1795.0000 1909.0000 1795.0000 1909.0000 1795.0000 1909.0000 1795.0000 1909.0000 1795.0000 1909.0000 1795.0000 -1.9000 0.0842 0.0000 0.1563 0.9148 0.0000 0.0000 0.0000 0.0000 0.0000 0.0000 0.0000 
13 1182.0000 2665.0000 1182.0000 2665.0000 1182.0000 2665.0000 1182.0000 2665.0000 1182.0000 2665.0000 1182.0000 2665.0000 1182.0000 2665.0000 1182.0000 2665.0000 -1.3400 0.0684 0.0000 0.1563 0.9148 0.0000 0.0000 0.0000 0.0000 0.0000 0.0000 0.0000 
14 596.0000 1273.0000 596.0000 1273.0000 596.0000 1273.0000 596.0000 1273.0000 596.0000 1273.0000 596.0000 1273.0000 596.0000 1273.0000 596.0000 1273.0000 -1.6720 0.1137 0.0000 0.1563 0.9148 0.0000 0.0000 0.0000 0.0000 0.0000 0.0000 0.0000 
15 149.0000 1950.0000 149.0000 1950.0000 149.0000 1950.0000 149.0000 1950.0000 149.0000 1950.0000 149.0000 1950.0000 149.0000 1950.0000 149.0000 1950.0000 -1.6160 0.1446 0.0000 0.1563 0.9148 0.0000 0.0000 0.0000 0.0000 0.0000 0.0000 0.0000 
16 1105.0000 2279.0000 1105.0000 2279.0000 1105.0000 2279.0000 1105.0000 2279.0000 1105.0000 2279.0000 1105.0000 2279.0000 1105.0000 2279.0000 1105.0000 2279.0000 -0.8470 0.3054 0.0000 0.1563 0.9148 0.0000 0.0000 0.0000 0.0000 0.0000 0.0000 0.0000 
17 2381.0000 597.0000 2381.0000 597.0000 2381.0000 597.0000 2381.0000 597.0000 2381.0000 597.0000 2381.0000 597.0000 2381.0000 597.0000 2381.0000 597.0000 -1.9620 0.1375 0.0000 0.1563 0.9148 0.0000 0.0000 0.0000 0.0000 0.0000 0.0000 0.0000 
18 2700.0000 603.0000 2700.0000 603.0000 2700.0000 603.0000 2700.0000 603.0000 2700.0000 603.0000 2700.0000 603.0000 2700.0000 603.0000 2700.0000 603.0000 -1.7670 0.1171 0.0000 0.1563 0.9148 0.0000 0.0000 0.0000 0.0000 0.0000 0.0000 0.0000 
19 117.0000 1767.0000 117.0000 1767.0000 117.0000 1767.0000 117.0000 1767.0000 117.0000 1767.0000 117.0000 1767.0000 117.0000 1767.0000 117.0000 1767.0000 -1.8250 0.0461 0.0000 0.1563 0.9148 0.0000 0.0000 0.0000 0.0000 0.0000 0.0000 0.0000 
20 1261.0000 2484.0000 1261.0000 2484.0000 1261.0000 2484.0000 1261.0000 2484.0000 1261.0000 2484.0000 1261.0000 2484.0000 1261.0000 2484.0000 1261.0000 2484.0000 -1.2450 0.0726 0.0000 0.1563 0.9148 0.0000 0.0000 0.0000 0.0000 0.0000 0.0000 0.0000 
21 1746.0000 1279.0000 1746.0000 1279.0000 1746.0000 1279.0000 1746.0000 1279.0000 1746.0000 1279.0000 1746.0000 1279.0000 1746.0000 1279.0000 1746.0000 1279.0000 -1.9090 0.1456 0.0000 0.1563 0.9148 0.0000 0.0000 0.0000 0.0000 0.0000 0.0000 0.0000 
22 1383.0000 2122.0000 1383.0000 2122.0000 1383.0000 2122.0000 1383.0000 2122.0000 1383.0000 2122.0000 1383.0000 2122.0000 1383.0000 2122.0000 1383.0000 2122.0000 -0.9680 0.1393 0.0000 0.1563 0.9148 0.0000 0.0000 0.0000 0.0000 0.0000 0.0000 0.0000 
23 1868.0000 1274.0000 1868.0000 1274.0000 1868.0000 1274.0000 1868.0000 1274.0000 1868.0000 1274.0000 1868.0000 1274.0000 1868.0000 1274.0000 1868.0000 1274.0000 -1.3710 0.1481 0.0000 0.1563 0.9148 0.0000 0.0000 0.0000 0.0000 0.0000 0.0000 0.0000 
24 2373.0000 625.0000 2373.0000 625.0000 2373.0000 625.0000 2373.0000 625.0000 2373.0000 625.0000 2373.0000 625.0000 2373.0000 625.0000 2373.0000 625.0000 -1.9270 0.1359 0.0000 0.1563 0.9148 0.0000 0.0000 0.0000 0.0000 0.0000 0.0000 0.0000 
25 466.0000 575.0000 466.0000 575.0000 466.0000 575.0000 466.0000 575.0000 466.0000 575.0000 466.0000 575.0000 466.0000 575.0000 466.0000 575.0000 -1.1890 0.1868 0.0000 0.1563 0.9148 0.0000 0.0000 0.0000 0.0000 0.0000 0.0000 0.0000 
26 2942.0000 1894.0000 2942.0000 1894.0000 2942.0000 1894.0000 2942.0000 1894.0000 2942.0000 1894.0000 2942.0000 1894.0000 2942.0000 1894.0000 2942.0000 1894.0000 -1.3800 0.2228 0.0000 0.1563 0.9148 0.0000 0.0000 0.0000 0.0000 0.0000 0.0000 0.0000 
27 1572.0000 749.0000 1572.0000 749.0000 1572.0000 749.0000 1572.0000 749.0000 1572.0000 749.0000 1572.0000 749.0000 1572.0000 749.0000 1572.0000 749.0000 -1.0870 0.1044 0.0000 0.1563 0.9148 0.0000 0.0000 0.0000 0.0000 0.0000 0.0000 0.0000 
28 2301.0000 1864.0000 2301.0000 1864.0000 2301.0000 1864.0000 2301.0000 1864.0000 2301.0000 1864.0000 2301.0000 1864.0000 2301.0000 1864.0000 2301.0000 1864.0000 -1.1750 0.1310 0.0000 0.1563 0.9148 0.0000 0.0000 0.0000 0.0000 0.0000 0.0000 0.0000 
29 537.0000 1956.0000 537.0000 1956.0000 537.0000 1956.0000 537.0000 1956.0000 537.0000 1956.0000 537.0000 1956.0000 537.0000 1956.0000 537.0000 1956.0000 -1.0730 0.1678 0.0000 0.1563 0.9148 0.0000 0.0000 0.0000 0.0000 0.0000 0.0000 0.0000 
30 1503.0000 1871.0000 1503.0000 1871.0000 1503.0000 1871.0000 1503.0000 1871.0000 1503.0000 1871.0000 1503.0000 1871.0000 1503.0000 1871.0000 1503.0000 1871.0000 -1.5400 0.2459 0.0000 0.1563 0.9148 0.0000 0.0000 0.0000 0.0000 0.0000 0.0000 0.0000 
31 1897.0000 1596.0000 1897.0000 1596.0000 1897.0000 1596.0000 1897.0000 1596.0000 1897.0000 1596.0000 1897.0000 1596.0000 1897.0000 1596.0000 1897.0000 1596.0000 -2.1350 0.2151 0.0000 0.1563 0.9148 0.0000 0.0000 0.0000 0.0000 0.0000 0.0000 0.0000 
32 163.0000 404.0000 163.0000 404.0000 163.0000 404.0000 163.0000 404.0000 163.0000 404.0000 163.0000 404.0000 163.0000 404.0000 163.0000 404.0000 -1.6300 0.0140 0.0000 0.1563 0.9148 0.0000 0.0000 0.0000 0.0000 0.0000 0.0000 0.0000 
33 922.0000 148.0000 922.0000 148.0000 922.0000 148.0000 922.0000 148.0000 922.0000 148.0000 922.0000 148.0000 922.0000 148.0000 922.0000 148.0000 -1.2570 0.1329 0.0000 0.1563 0.9148 0.0000 0.0000 0.0000 0.0000 0.0000 0.0000 0.0000 
34 1636.0000 2335.0000 1636.0000 2335.0000 1636.0000 2335.0000 1636.0000 2335.0000 1636.0000 2335.0000 1636.0000 2335.0000 1636.0000 2335.0000 1636.0000 2335.0000 -1.6200 0.0823 0.0000 0.1563 0.9148 0.0000 0.0000 0.0000 0.0000 0.0000 0.0000 0.0000 
35 2804.0000 325.0000 2804.0000 325.0000 2804.0000 325.0000 2804.0000 325.0000 2804.0000 325.0000 2804.0000 325.0000 2804.0000 325.0000 2804.0000 325.0000 -1.9250 0.0938 0.0000 0.1563 0.9148 0.0000 0.0000 0.0000 0.0000 0.0000 0.0000 0.0000 
36 701.0000 441.0000 701.0000 441.0000 701.0000 441.0000 701.0000 441.0000 701.0000 441.0000 701.0000 441.0000 701.0000 441.0000 701.0000 441.0000 -1.2410 0.1072 0.0000 0.1563 0.9148 0.0000 0.0000 0.0000 0.0000 0.0000 0.0000 0.0000 
37 1341.0000 593.0000 1341.0000 593.0000 1341.0000 593.0000 1341.0000 593.0000 1341.0000 593.0000 1341.0000 593.0000 1341.0000 593.0000 1341.0000 593.0000 -1.2770 0.1874 0.0000 0.1563 0.9148 0.0000 0.0000 0.0000 0.0000 0.0000 0.0000 0.0000 
38 917.0000 833.0000 917.0000 833.0000 917.0000 833.0000 917.0000 833.0000 917.0000 833.0000 917.0000 833.0000 917.0000 833.0000 917.0000 833.0000 -1.4140 0.2319 0.0000 0.1563 0.9148 0.0000 0.0000 0.0000 0.0000 0.0000 0.0000 0.0000 
39 216.0000 2006.0000 216.0000 2006.0000 216.0000 2006.0000 216.0000 2006.0000 216.0000 2006.0000 216.0000 2006.0000 216.0000 2006.0000 216.0000 2006.0000 -2.0540 0.1511 0.0000 0.1563 0.9148 0.0000 0.0000 0.0000 0.0000 0.0000 0.0000 0.0000 
40 217.0000 2150.0000 217.0000 2150.0000 217.0000 2150.0000 217.0000 2150.0000 217.0000 2150.0000 217.0000 2150.0000 217.0000 2150.0000 217.0000 2150.0000 -1.9370 0.1233 0.0000 0.1563 0.9148 0.0000 0.0000 0.0000 0.0000 0.0000 0.0000 0.0000 
41 298.0000 2730.0000 298.0000 2730.0000 298.0000 2730.0000 298.0000 2730.0000 298.0000 2730.0000 298.0000 2730.0000 298.0000 2730.0000 298.0000 2730.0000 -1.9390 0.1056 0.0000 0.1563 0.9148 0.0000 0.0000 0.0000 0.0000 0.0000 0.0000 0.0000 
42 1477.0000 694.0000 1477.0000 694.0000 1477.0000 694.0000 1477.0000 694.0000 1477.0000 694.0000 1477.0000 694.0000 1477.0000 694.0000 1477.0000 694.0000 -1.3070 0.1568 0.0000 0.1563 0.9148 0.0000 0.0000 0.0000 0.0000 0.0000 0.0000 0.0000 
43 2469.0000 2152.0000 2469.0000 2152.0000 2469.0000 2152.0000 2469.0000 2152.0000 2469.0000 2152.0000 2469.0000 2152.0000 2469.0000 2152.0000 2469.0000 2152.0000 -2.0150 0.0619 0.0000 0.1563 0.9148 0.0000 0.0000 0.0000 0.0000 0.0000 0.0000 0.0000 
44 1329.0000 776.0000 1329.0000 776.0000 1329.0000 776.0000 1329.0000 776.0000 1329.0000 776.0000 1329.0000 776.0000 1329.0000 776.0000 1329.0000 776.0000 -1.3400 0.2048 0.0000 0.1563 0.9148 0.0000 0.0000 0.0000 0.0000 0.0000 0.0000 0.0000 
45 751.0000 2517.0000 751.0000 2517.0000 751.0000 2517.0000 751.0000 2517.0000 751.0000 2517.0000 751.0000 2517.0000 751.0000 2517.0000 751.0000 2517.0000 -2.1830 0.1735 0.0000 0.1563 0.9148 0.0000 0.0000 0.0000 0.0000 0.0000 0.0000 0.0000 
46 665.0000 1339.0000 665.0000 1339.0000 665.0000 1339.0000 665.0000 1339.0000 665.0000 1339.0000 665.0000 1339.0000 665.0000 1339.0000 665.0000 1339.0000 -1.7870 0.1710 0.0000 0.1563 0.9148 0.0000 0.0000 0.0000 0.0000 0.0000 0.0000 0.0000 
47 2966.0000 1436.0000 2966.0000 1436.0000 2966.0000 1436.0000 2966.0000 1436.0000 2966.0000 1436.0000 2966.0000 1436.0000 2966.0000 1436.0000 2966.0000 1436.0000 -1.9640 0.0908 0.0000 0.1563 0.9148 0.0000 0.0000 0.0000 0.0000 0.0000 0.0000 0.0000 
48 2081.0000 2199.0000 2081.0000 2199.0000 2081.0000 2199.0000 2081.0000 2199.0000 2081.0000 2199.0000 2081.0000 2199.0000 2081.0000 2199.0000 2081.0000 2199.0000 -1.3100 0.2254 0.0000 0.1563 0.9148 0.0000 0.0000 0.0000 0.0000 0.0000 0.0000 0.0000 
49 2503.0000 2347.0000 2503.0000 2347.0000 2503.0000 2347.0000 2503.0000 2347.0000 2503.0000 2347.0000 2503.0000 2347.0000 2503.0000 2347.0000 2503.0000 2347.0000 -1.5250 0.2265 0.0000 0.1563 0.9148 0.0000 0.0000 0.0000 0.0000 0.0000 0.0000 0.0000 
50 1865.0000 1624.0000 1865.0000 1624.0000 1865.0000 1624.0000 1865.0000 1624.0000 1865.0000 1624.0000 1865.0000 1624.0000 1865.0000 1624.0000 1865.0000 1624.0000 -2.1390 0.1818 0.0000 0.1563 0.9148 0.0006 0.0092 78.0000 28.6109 0.5034 1.1926 30.3069 
51 1847.0000 1607.0000 1847.0000 1607.0000 1847.0000 1607.0000 1847.0000 1607.0000 1847.0000 1607.0000 1847.0000 1607.0000 1847.0000 1607.0000 1847.0000 1607.0000 -2.0070 0.1220 0.0000 0.1639 0.8858 0.0000 0.0107 100.0000 38.3349 0.5390 1.1046 39.9785 
52 1893.0000 1646.0000 1893.0000 1646.0000 1893.0000 1646.0000 1893.0000 1646.0000 1893.0000 1646.0000 1893.0000 1646.0000 1893.0000 1646.0000 1893.0000 1646.0000 -2.0940 0.2094 0.0000 0.1641 0.8679 0.0001 0.0096 93.0000 34.4337 0.4477 1.0788 35.9601 
53 1842.0000 1658.0000 1894.0000 1561.0000 1860.0000 1610.0000 1943.0000 1641.0000 1890.0000 1659.0000 1873.0000 1671.0000 1912.0000 1606.0000 1879.0000 1620.0000 -2.2050 0.2255 0.0000 0.1700 0.8506 0.0008 0.0462 100.0000 41.1685 0.5505 1.1747 42.8936 
54 1825.0000 1669.0000 1893.0000 1543.0000 1849.0000 1607.0000 1957.0000 1647.0000 1888.0000 1670.0000 1866.0000 1686.0000 1916.0000 1601.0000 1873.0000 1620.0000 -2.0660 0.2271 0.0000 0.1751 0.8284 0.0006 0.0094 77.0000 33.1267 0.4568 1.0799 34.6634 
55 1893.0000 1656.0000 1887.0000 1574.0000 1840.0000 1577.0000 1890.0000 1632.0000 1862.0000 1690.0000 1838.0000 1654.0000 1944.0000 1662.0000 1931.0000 1584.0000 -1.9040 0.2073 0.0000 0.1785 0.8170 0.0011 0.0415 100.0000 41.9357 0.7257 1.1417 43.8031 
56 1818.0000 1636.0000 1892.0000 1599.0000 1899.0000 1659.0000 1952.0000 1640.0000 1914.0000 1601.0000 1918.0000 1655.0000 1854.0000 1563.0000 1825.0000 1665.0000 -2.1960 0.2208 0.0000 0.1786 0.8211 0.0010 0.0095 83.0000 34.9816 0.4621 1.0401 36.4838 
57 1810.0000 1637.0000 1890.0000 1600.0000 1899.0000 1665.0000 1955.0000 1642.0000 1915.0000 1597.0000 1920.0000 1657.0000 1847.0000 1557.0000 1816.0000 1670.0000 -1.9360 0.2199 0.0000 0.1848 0.8084 0.0008 0.0099 81.0000 28.8706 0.4570 1.1925 30.5201 
58 1843.0000 1577.0000 1906.0000 1566.0000 1943.0000 1576.0000 1916.0000 1607.0000 1868.0000 1661.0000 1898.0000 1676.0000 1838.0000 1613.0000 1860.0000 1720.0000 -2.0670 0.2060 0.0000 0.1850 0.8048 0.0011 0.0284 100.0000 36.4102 0.4527 1.0401 37.9030 
59 1922.0000 1666.0000 1921.0000 1624.0000 1867.0000 1627.0000 1922.0000 1616.0000 1876.0000 1569.0000 1827.0000 1722.0000 1855.0000 1522.0000 1849.0000 1663.0000 -1.9450 0.2287 0.0000 0.1911 0.7998 0.0026 0.0561 100.0000 41.0524 0.4481 1.0676 42.5680 
60 1756.0000 1605.0000 1847.0000 1578.0000 1897.0000 1651.0000 1921.0000 1654.0000 1913.0000 1670.0000 1961.0000 1570.0000 1884.0000 1663.0000 1850.0000 1622.0000 -2.0460 0.1916 0.0000 0.1941 0.8023 0.0004 0.0099 81.0000 30.2222 0.4517 1.0324 31.7063 
61 1783.0000 1608.0000 1794.0000 1665.0000 1832.0000 1565.0000 1974.0000 1641.0000 1911.0000 1648.0000 1937.0000 1626.0000 1843.0000 1592.0000 1927.0000 1678.0000 -2.1580 0.2265 0.0000 0.1991 0.8005 0.0032 0.0610 100.0000 37.9893 0.4502 1.1367 39.5763 
62 1774.0000 1650.0000 1782.0000 1674.0000 1849.0000 1557.0000 1951.0000 1587.0000 1917.0000 1688.0000 1971.0000 1658.0000 1804.0000 1594.0000 1892.0000 1634.0000 -2.1750 0.2193 0.0000 0.2056 0.7960 0.0009 0.0275 100.0000 37.0677 0.4544 1.0093 38.5313 
63 1754.0000 1610.0000 1745.0000 1675.0000 1848.0000 1604.0000 1959.0000 1574.0000 1919.0000 1711.0000 1933.0000 1661.0000 1809.0000 1574.0000 1914.0000 1646.0000 -2.2290 0.2211 0.0000 0.2113 0.7932 0.0006 0.0242 100.0000 36.1295 0.4471 1.0302 37.6068 
64 1731.0000 1597.0000 1712.0000 1683.0000 1841.0000 1617.0000 1962.0000 1558.0000 1919.0000 1730.0000 1924.0000 1667.0000 1795.0000 1562.0000 1919.0000 1647.0000 -2.0660 0.2126 0.0000 0.2168 0.7907 0.0005 0.0098 81.0000 31.6230 0.4935 1.0327 33.1492 
65 1735.0000 1684.0000 1777.0000 1697.0000 1841.0000 1483.0000 1923.0000 1625.0000 1954.0000 1675.0000 1960.0000 1633.0000 1798.0000 1599.0000 1863.0000 1663.0000 -1.9640 0.1925 0.0000 0.2190 0.7906 0.0011 0.0207 100.0000 37.1456 0.4475 1.0241 38.6171 
66 1812.0000 1570.0000 1781.0000 1636.0000 1829.0000 1667.0000 2003.0000 1580.0000 1835.0000 1674.0000 1979.0000 1664.0000 1814.0000 1599.0000 1940.0000 1627.0000 -2.2830 0.2270 0.0000 0.2189 0.7954 0.0006 0.0099 92.0000 33.9595 0.5088 1.2559 35.7243 
67 1815.0000 1549.0000 1768.0000 1630.0000 1805.0000 1693.0000 2027.0000 1573.0000 1789.0000 1669.0000 2007.0000 1671.0000 1793.0000 1606.0000 1951.0000 1620.0000 -2.3390 0.2202 0.0000 0.2235 0.7950 0.0009 0.0099 80.0000 33.1637 0.4492 1.0651 34.6779 
68 1813.0000 1529.0000 1751.0000 1624.0000 1778.0000 1717.0000 2049.0000 1568.0000 1741.0000 1664.0000 2033.0000 1677.0000 1769.0000 1614.0000 1959.0000 1614.0000 -2.2840 0.2047 0.0000 0.2291 0.7955 0.0012 0.0120 100.0000 38.0562 0.6067 1.2439 39.9068 
69 1811.0000 1493.0000 1778.0000 1647.0000 1745.0000 1722.0000 2058.0000 1561.0000 1748.0000 1693.0000 2025.0000 1669.0000 1775.0000 1608.0000 1934.0000 1615.0000 -2.3220 0.2060 0.0000 0.2346 0.7923 0.0002 0.0108 100.0000 36.0583 0.4454 1.0250 37.5287 
70 1823.0000 1483.0000 1736.0000 1627.0000 1757.0000 1727.0000 2074.0000 1587.0000 1746.0000 1685.0000 2012.0000 1673.0000 1752.0000 1618.0000 1932.0000 1606.0000 -2.3150 0.1986 0.0000 0.2406 0.7900 0.0002 0.0104 100.0000 36.6586 0.4480 1.0615 38.1681 
71 1777.0000 1497.0000 1754.0000 1630.0000 1741.0000 1744.0000 2049.0000 1555.0000 1713.0000 1675.0000 2025.0000 1668.0000 1776.0000 1602.0000 1961.0000 1633.0000 -2.1770 0.1947 0.0000 0.2459 0.7883 0.0002 0.0097 99.0000 36.1279 0.4444 1.0209 37.5932 
72 1873.0000 1508.0000 1737.0000 1633.0000 1793.0000 1693.0000 2078.0000 1593.0000 1792.0000 1693.0000 2021.0000 1685.0000 1732.0000 1632.0000 1906.0000 1567.0000 -2.2710 0.2073 0.0000 0.2476 0.7893 0.0007 0.0091 89.0000 32.8332 0.4492 1.0801 34.3625 
73 1896.0000 1516.0000 1691.0000 1607.0000 1769.0000 1702.0000 2049.0000 1592.0000 1775.0000 1706.0000 2055.0000 1670.0000 1779.0000 1595.0000 1895.0000 1619.0000 -2.3850 0.1986 0.0000 0.2528 0.7886 0.0016 0.0304 100.0000 36.5102 0.4435 1.0080 37.9617 
74 1931.0000 1509.0000 1633.0000 1585.0000 1750.0000 1711.0000 2047.0000 1596.0000 1758.0000 1722.0000 2086.0000 1668.0000 1778.0000 1580.0000 1869.0000 1630.0000 -2.3240 0.1840 0.0000 0.2584 0.7875 0.0005 0.0097 82.0000 33.3670 0.5259 1.0973 34.9901 
75 1918.0000 1494.0000 1662.0000 1566.0000 1742.0000 1722.0000 2014.0000 1648.0000 1771.0000 1740.0000 2093.0000 1678.0000 1715.0000 1552.0000 1917.0000 1601.0000 -2.3530 0.1857 0.0000 0.2640 0.7874 0.0007 0.0188 100.0000 36.4097 0.4891 1.0136 37.9124 
76 1931.0000 1519.0000 1637.0000 1537.0000 1719.0000 1739.0000 2048.0000 1596.0000 1789.0000 1723.0000 2072.0000 1654.0000 1689.0000 1600.0000 1910.0000 1631.0000 -2.2010 0.1810 0.0000 0.2701 0.7875 0.0003 0.0104 95.0000 37.3803 0.4754 1.2272 39.0829 
77 1884.0000 1462.0000 1672.0000 1648.0000 1788.0000 1689.0000 2028.0000 1650.0000 1713.0000 1732.0000 2095.0000 1709.0000 1808.0000 1539.0000 1872.0000 1571.0000 -2.3050 0.1888 0.0000 0.2725 0.7898 0.0007 0.0098 95.0000 38.9197 0.4937 1.1069 40.5204 
78 1875.0000 1429.0000 1658.0000 1626.0000 1740.0000 1700.0000 2004.0000 1619.0000 1771.0000 1683.0000 2112.0000 1771.0000 1815.0000 1594.0000 1871.0000 1580.0000 -2.2490 0.1903 0.0000 0.2778 0.7901 0.0015 0.0212 100.0000 37.5611 0.4786 1.1992 39.2390 
79 1896.0000 1520.0000 1680.0000 1646.0000 1809.0000 1700.0000 2081.0000 1639.0000 1667.0000 1774.0000 2059.0000 1617.0000 1761.0000 1519.0000 1881.0000 1586.0000 -2.3480 0.1787 0.0000 0.2822 0.7922 0.0005 0.0097 97.0000 36.0973 0.4511 1.1989 37.7473 
80 1883.0000 1518.0000 1624.0000 1627.0000 1843.0000 1702.0000 2095.0000 1664.0000 1649.0000 1732.0000 2043.0000 1637.0000 1759.0000 1536.0000 1902.0000 1583.0000 -2.3920 0.1644 0.0000 0.2879 0.7940 0.0009 0.0185 100.0000 39.5540 0.6790 1.1262 41.3592 
81 1878.0000 1514.0000 1604.0000 1626.0000 1850.0000 1705.0000 2107.0000 1669.0000 1628.0000 1731.0000 2041.0000 1637.0000 1751.0000 1535.0000 1900.0000 1576.0000 -2.4040 0.1582 0.0000 0.2936 0.7965 0.0004 0.0094 99.0000 37.0498 0.4497 1.0643 38.5637 
82 1873.0000 1509.0000 1580.0000 1625.0000 1859.0000 1709.0000 2122.0000 1675.0000 1602.0000 1730.0000 2040.0000 1637.0000 1742.0000 1533.0000 1898.0000 1567.0000 -2.2760 0.1410 0.0000 0.2987 0.7998 0.0004 0.0099 97.0000 35.6770 0.4495 1.2467 37.3732 
83 1902.0000 1454.0000 1652.0000 1668.0000 1772.0000 1704.0000 2107.0000 1708.0000 1663.0000 1770.0000 2023.0000 1581.0000 1763.0000 1498.0000 1900.0000 1623.0000 -2.3500 0.1724 0.0000 0.3015 0.8024 0.0006 0.0156 100.0000 38.3268 0.4456 1.0960 39.8684 
84 1892.0000 1544.0000 1647.0000 1686.0000 1778.0000 1762.0000 2069.0000 1651.0000 1641.0000 1766.0000 2085.0000 1586.0000 1747.0000 1477.0000 1887.0000 1527.0000 -2.4350 0.1692 0.0000 0.3066 0.8049 0.0004 0.0124 100.0000 39.1864 0.4831 1.0650 40.7345 
85 1892.0000 1553.0000 1637.0000 1710.0000 1756.0000 1793.0000 2072.0000 1642.0000 1612.0000 1786.0000 2111.0000 1567.0000 1731.0000 1448.0000 1875.0000 1490.0000 -2.3140 0.1574 0.0000 0.3126 0.8078 0.0003 0.0089 92.0000 33.9191 0.4435 1.0773 35.4398 
86 1916.0000 1484.0000 1653.0000 1702.0000 1837.0000 1723.0000 1990.0000 1649.0000 1569.0000 1779.0000 2127.0000 1574.0000 1675.0000 1487.0000 1935.0000 1605.0000 -2.3630 0.1372 0.0000 0.3165 0.8100 0.0011 0.0286 100.0000 37.2924 0.5572 1.4513 39.3009 
87 1854.0000 1541.0000 1701.0000 1612.0000 1755.0000 1677.0000 2086.0000 1704.0000 1551.0000 1824.0000 2140.0000 1622.0000 1692.0000 1450.0000 1899.0000 1570.0000 -2.0720 0.1358 0.0000 0.3222 0.8125 0.0004 0.0144 100.0000 36.8911 0.5320 1.0408 38.4639 
88 1939.0000 1471.0000 1568.0000 1738.0000 1845.0000 1802.0000 2042.0000 1610.0000 1683.0000 1711.0000 2026.0000 1566.0000 1767.0000 1535.0000 1899.0000 1563.0000 -2.2970 0.1659 0.0000 0.3183 0.8222 0.0006 0.0087 89.0000 32.8134 0.4464 1.2186 34.4783 
89 1928.0000 1441.0000 1604.0000 1701.0000 1874.0000 1802.0000 2075.0000 1539.0000 1664.0000 1811.0000 2008.0000 1596.0000 1759.0000 1542.0000 1823.0000 1564.0000 -2.2810 0.1639 0.0000 0.3226 0.8226 0.0409 0.0425 100.0000 37.7367 0.5478 1.1441 39.4286 
90 1918.0000 1516.0000 1551.0000 1733.0000 1786.0000 1771.0000 2048.0000 1707.0000 1680.0000 1618.0000 2060.0000 1572.0000 1758.0000 1530.0000 1962.0000 1553.0000 -2.2560 0.1684 0.0000 0.3263 0.8259 0.0007 0.0135 100.0000 38.8317 0.5210 1.2887 40.6415 
91 1882.0000 1453.0000 1599.0000 1620.0000 1873.0000 1838.0000 2002.0000 1655.0000 1706.0000 1794.0000 1997.0000 1641.0000 1757.0000 1452.0000 1978.0000 1537.0000 -2.2560 0.1927 0.0000 0.3296 0.8296 0.0059 0.0414 100.0000 38.1898 0.5685 1.2219 39.9802 
92 1931.0000 1550.0000 1567.0000 1708.0000 1789.0000 1717.0000 2082.0000 1529.0000 1599.0000 1713.0000 2086.0000 1560.0000 1849.0000 1552.0000 1844.0000 1664.0000 -2.4310 0.1554 0.0000 0.3335 0.8333 0.0137 0.0705 100.0000 38.5403 0.4483 1.0966 40.0852 
93 1931.0000 1546.0000 1552.0000 1712.0000 1782.0000 1718.0000 2090.0000 1520.0000 1588.0000 1711.0000 2089.0000 1557.0000 1854.0000 1555.0000 1838.0000 1671.0000 -2.3660 0.1500 0.0000 0.3389 0.8380 0.0007 0.0128 100.0000 36.6077 0.4494 1.1186 38.1757 
94 1982.0000 1539.0000 1555.0000 1762.0000 1766.0000 1674.0000 2113.0000 1498.0000 1586.0000 1723.0000 2054.0000 1607.0000 1796.0000 1557.0000 1876.0000 1629.0000 -2.4270 0.1562 0.0000 0.3424 0.8428 0.0003 0.0107 100.0000 38.7353 0.4576 1.0598 40.2528 
95 1983.0000 1528.0000 1542.0000 1771.0000 1757.0000 1672.0000 2129.0000 1493.0000 1578.0000 1722.0000 2055.0000 1605.0000 1793.0000 1563.0000 1871.0000 1632.0000 -2.3460 0.1530 0.0000 0.3471 0.8474 0.0003 0.0092 100.0000 37.7468 0.4912 1.0439 39.2819 
96 1942.0000 1598.0000 1552.0000 1701.0000 1836.0000 1731.0000 2050.0000 1487.0000 1567.0000 1689.0000 2112.0000 1603.0000 1803.0000 1579.0000 1844.0000 1611.0000 -2.4230 0.1252 0.0000 0.3503 0.8525 0.0011 0.0246 100.0000 36.2174 0.5762 1.0518 37.8454 
97 1937.0000 1584.0000 1539.0000 1702.0000 1829.0000 1725.0000 2053.0000 1489.0000 1555.0000 1699.0000 2122.0000 1581.0000 1808.0000 1620.0000 1839.0000 1595.0000 -2.5200 0.1124 0.0000 0.3545 0.8572 0.0017 0.0229 100.0000 36.2920 0.4935 1.0623 37.8478 
98 1942.0000 1600.0000 1440.0000 1706.0000 1855.0000 1750.0000 2057.0000 1415.0000 1457.0000 1688.0000 2208.0000 1550.0000 1811.0000 1717.0000 1807.0000 1554.0000 -2.4780 0.0405 0.0000 0.3588 0.8627 0.0006 0.0135 100.0000 36.1683 0.4433 1.0485 37.6601 
99 1938.0000 1610.0000 1403.0000 1712.0000 1872.0000 1786.0000 2092.0000 1377.0000 1439.0000 1657.0000 2239.0000 1577.0000 1800.0000 1679.0000 1790.0000 1586.0000 -2.5680 0.0371 0.0000 0.3656 0.8686 0.0002 0.0141 100.0000 38.4665 0.4471 1.0806 39.9942 
100 1943.0000 1617.0000 1336.0000 1722.0000 1890.0000 1823.0000 2129.0000 1323.0000 1389.0000 1635.0000 2294.0000 1585.0000 1795.0000 1678.0000 1770.0000 1599.0000 -2.3760 0.0128 0.0000 0.3720 0.8762 0.0002 0.0100 73.0000 26.7604 0.4419 1.0985 28.3008 
101 1955.0000 1575.0000 1402.0000 1689.0000 1800.0000 1739.0000 2051.0000 1424.0000 1404.0000 1747.0000 2190.0000 1483.0000 1864.0000 1820.0000 1825.0000 1501.0000 -2.5370 0.0205 0.0000 0.3743 0.8746 0.0002 0.0143 100.0000 36.1725 0.4439 1.0520 37.6684 
102 1968.0000 1547.0000 1441.0000 1717.0000 1808.0000 1735.0000 2086.0000 1446.0000 1401.0000 1704.0000 2202.0000 1462.0000 1818.0000 1854.0000 1753.0000 1512.0000 -2.2780 0.0036 0.0000 0.3804 0.8781 0.0014 0.0349 100.0000 36.0580 0.4469 1.2008 37.7057 
103 1918.0000 1656.0000 1345.0000 1655.0000 1835.0000 1765.0000 2000.0000 1354.0000 1442.0000 1761.0000 2190.0000 1596.0000 1897.0000 1652.0000 1934.0000 1541.0000 -2.5840 0.0720 0.0000 0.3811 0.8795 0.0004 0.0094 98.0000 35.4242 0.4387 1.0974 36.9602 
104 1916.0000 1665.0000 1320.0000 1648.0000 1831.0000 1768.0000 1991.0000 1338.0000 1430.0000 1775.0000 2193.0000 1601.0000 1913.0000 1647.0000 1955.0000 1536.0000 -2.6730 0.0718 0.0000 0.3862 0.8841 0.0005 0.0094 83.0000 29.9524 0.4416 1.0480 31.4419 
105 1919.0000 1698.0000 1223.0000 1630.0000 1818.0000 1780.0000 1966.0000 1277.0000 1380.0000 1828.0000 2214.0000 1614.0000 1971.0000 1631.0000 2029.0000 1520.0000 -2.5700 0.0786 0.0000 0.3904 0.8907 0.0004 0.0092 75.0000 27.2360 0.4394 1.0149 28.6903 
106 1880.0000 1764.0000 1258.0000 1601.0000 1795.0000 1816.0000 2058.0000 1290.0000 1421.0000 1784.0000 2155.0000 1653.0000 1984.0000 1635.0000 1955.0000 1437.0000 -2.5010 0.0892 0.0000 0.3958 0.8906 0.0008 0.0238 100.0000 36.2049 0.4881 1.0259 37.7188 
107 1931.0000 1603.0000 1252.0000 1654.0000 1872.0000 1741.0000 1877.0000 1293.0000 1371.0000 1816.0000 2261.0000 1586.0000 1903.0000 1652.0000 2055.0000 1633.0000 -2.4120 0.0708 0.0000 0.4000 0.8897 0.0003 0.0096 94.0000 34.2406 0.4409 1.0241 35.7056 
108 2011.0000 1766.0000 1248.0000 1724.0000 1733.0000 1794.0000 1991.0000 1306.0000 1483.0000 1857.0000 2278.0000 1551.0000 1952.0000 1569.0000 1879.0000 1419.0000 -2.2940 0.0346 0.0000 0.4025 0.8880 0.0005 0.0184 100.0000 36.4462 0.4401 1.1013 37.9876 
109 1825.0000 1641.0000 1321.0000 1558.0000 1894.0000 1789.0000 2093.0000 1335.0000 1320.0000 1700.0000 2073.0000 1665.0000 1947.0000 1714.0000 2021.0000 1573.0000 -1.9120 0.0838 0.0000 0.4031 0.8907 0.0004 0.0111 100.0000 36.1842 0.4462 1.1426 37.7731 
110 1895.0000 1642.0000 1356.0000 1696.0000 1826.0000 1738.0000 1864.0000 1309.0000 1569.0000 1798.0000 2333.0000 1594.0000 1807.0000 1667.0000 1879.0000 1511.0000 -2.5110 0.0442 0.0000 0.3789 0.9028 0.0006 0.0092 88.0000 31.8522 0.4356 1.0783 33.3661 
111 2030.0000 1662.0000 1366.0000 1606.0000 1776.0000 1826.0000 1799.0000 1358.0000 1481.0000 1750.0000 2301.0000 1554.0000 1890.0000 1615.0000 1817.0000 1602.0000 -2.5040 0.0251 0.0000 0.3844 0.9032 0.0053 0.0552 100.0000 41.2460 0.5186 1.1572 42.9217 
112 1952.0000 1710.0000 1270.0000 1634.0000 1826.0000 1757.0000 1973.0000 1332.0000 1590.0000 1847.0000 2303.0000 1426.0000 1760.0000 1656.0000 1922.0000 1624.0000 -2.4300 0.0448 0.0000 0.3898 0.9041 0.0041 0.0410 100.0000 36.4205 0.4378 1.0694 37.9277 
113 1883.0000 1531.0000 1296.0000 1788.0000 1808.0000 1715.0000 1878.0000 1389.0000 1491.0000 1796.0000 2377.0000 1637.0000 1994.0000 1609.0000 1821.0000 1527.0000 -2.6080 0.0537 0.0000 0.3940 0.9049 0.0023 0.0288 100.0000 38.3728 0.4449 1.0635 39.8812 
114 2000.0000 1554.0000 1250.0000 1773.0000 1861.0000 1649.0000 1856.0000 1393.0000 1475.0000 1798.0000 2354.0000 1718.0000 1912.0000 1623.0000 1813.0000 1487.0000 -2.4740 0.0151 0.0000 0.4002 0.9074 0.0004 0.0118 100.0000 36.3097 0.4391 1.0451 37.7938 
115 1820.0000 1539.0000 1377.0000 1805.0000 1720.0000 1828.0000 1882.0000 1303.0000 1487.0000 1791.0000 2399.0000 1557.0000 1995.0000 1613.0000 1871.0000 1552.0000 -2.6630 0.0640 0.0000 0.4042 0.9082 0.0004 0.0092 92.0000 33.4855 0.4896 1.1025 35.0775 
116 1814.0000 1528.0000 1371.0000 1815.0000 1709.0000 1839.0000 1876.0000 1288.0000 1484.0000 1796.0000 2421.0000 1556.0000 2001.0000 1612.0000 1870.0000 1554.0000 -2.7690 0.0665 0.0000 0.4099 0.9121 0.0003 0.0099 96.0000 34.9182 0.4450 1.0297 36.3930 
117 1762.0000 1468.0000 1343.0000 1888.0000 1642.0000 1911.0000 1836.0000 1202.0000 1457.0000 1823.0000 2561.0000 1534.0000 2059.0000 1607.0000 1871.0000 1562.0000 -2.6150 0.0868 0.0000 0.4147 0.9183 0.0003 0.0100 92.0000 33.3802 0.4906 1.0766 34.9475 
118 1734.0000 1609.0000 1347.0000 1920.0000 1694.0000 1842.0000 1800.0000 1336.0000 1442.0000 1677.0000 2519.0000 1481.0000 2045.0000 1582.0000 1911.0000 1535.0000 -2.6080 0.0693 0.0000 0.4203 0.9171 0.0002 0.0108 100.0000 36.4018 0.4431 1.0634 37.9083 
119 1727.0000 1521.0000 1401.0000 1829.0000 1782.0000 1858.0000 1848.0000 1208.0000 1451.0000 1928.0000 2460.0000 1499.0000 2093.0000 1556.0000 1741.0000 1588.0000 -2.5410 0.0744 0.0000 0.4258 0.9163 0.0017 0.0315 100.0000 36.5997 0.4752 1.0822 38.1571 
120 1852.0000 1442.0000 1267.0000 1837.0000 1510.0000 1869.0000 1893.0000 1272.0000 1543.0000 1746.0000 2506.0000 1603.0000 2008.0000 1659.0000 1938.0000 1572.0000 -2.5930 0.0840 0.0000 0.4300 0.9149 0.0010 0.0242 100.0000 36.2138 0.4390 1.0544 37.7072 
121 1882.0000 1494.0000 1443.0000 1972.0000 1678.0000 1909.0000 1797.0000 1173.0000 1414.0000 1781.0000 2476.0000 1609.0000 1913.0000 1621.0000 1962.0000 1455.0000 -2.2380 0.0803 0.0000 0.4353 0.9144 0.0023 0.0307 100.0000 36.3149 0.4486 1.1126 37.8761 
122 1730.0000 1535.0000 1222.0000 1718.0000 1655.0000 1811.0000 1914.0000 1393.0000 1548.0000 1770.0000 2505.0000 1495.0000 2118.0000 1607.0000 1812.0000 1638.0000 -2.5410 0.0806 0.0000 0.4294 0.9240 0.0005 0.0089 93.0000 33.7858 0.4480 1.0472 35.2810 
123 1781.0000 1623.0000 1311.0000 1800.0000 1568.0000 1642.0000 1914.0000 1242.0000 1461.0000 1781.0000 2521.0000 1549.0000 2107.0000 1616.0000 1806.0000 1724.0000 -2.4980 0.0620 0.0000 0.4330 0.9198 0.0005 0.0131 100.0000 36.5016 0.4442 1.1044 38.0502 
124 1778.0000 1442.0000 1118.0000 1854.0000 1759.0000 1948.0000 1840.0000 1336.0000 1607.0000 1761.0000 2389.0000 1442.0000 2119.0000 1607.0000 1814.0000 1591.0000 -2.5040 0.0376 0.0000 0.4369 0.9194 0.0016 0.0256 100.0000 36.2727 0.5681 1.3949 38.2357 
125 1710.0000 1530.0000 1274.0000 1633.0000 1703.0000 1915.0000 1892.0000 1431.0000 1465.0000 1865.0000 2702.0000 1556.0000 2058.0000 1631.0000 1860.0000 1470.0000 -2.4190 0.0749 0.0000 0.4407 0.9190 0.0008 0.0202 100.0000 37.9331 0.4437 1.0570 39.4339 
126 1829.0000 1445.0000 1321.0000 1816.0000 1569.0000 1763.0000 1824.0000 1414.0000 1442.0000 1875.0000 2331.0000 1384.0000 2113.0000 1562.0000 1900.0000 1619.0000 -2.4130 0.0737 0.0000 0.4428 0.9190 0.0039 0.0434 100.0000 36.5278 0.4887 1.0976 38.1141 
127 1698.0000 1613.0000 1271.0000 1798.0000 1701.0000 1892.0000 1919.0000 1209.0000 1633.0000 1657.0000 2453.0000 1672.0000 2007.0000 1495.0000 1749.0000 1636.0000 -2.3920 0.0625 0.0000 0.4454 0.9212 0.0003 0.0089 99.0000 36.7136 0.4323 1.0370 38.1829 
128 1798.0000 1507.0000 1057.0000 2004.0000 1780.0000 1728.0000 1900.0000 1160.0000 1490.0000 1832.0000 2765.0000 1386.0000 2225.0000 1893.0000 1860.0000 1622.0000 -2.1020 0.1660 0.0000 0.4467 0.9223 0.0003 0.0193 100.0000 36.5614 0.4578 1.1520 38.1712 
129 3000.0000 100.0000 100.0000 3000.0000 100.0000 3000.0000 3000.0000 100.0000 100.0000 3000.0000 3000.0000 100.0000 3000.0000 100.0000 3000.0000 3000.0000 -1.5500 0.1281 0.0000 0.4420 0.9261 0.0053 0.9710 100.0000 37.7898 0.4385 1.0493 39.2776 
130 100.0000 100.0000 100.0000 3000.0000 100.0000 3000.0000 100.0000 3000.0000 3000.0000 3000.0000 3000.0000 100.0000 3000.0000 100.0000 3000.0000 100.0000 -1.7320 0.2340 0.0000 0.4403 0.9186 0.0058 0.9906 100.0000 36.2829 0.3957 0.9866 37.6652 
131 3000.0000 100.0000 100.0000 3000.0000 100.0000 3000.0000 100.0000 3000.0000 3000.0000 100.0000 3000.0000 3000.0000 3000.0000 3000.0000 100.0000 100.0000 -1.9520 0.1838 0.0000 0.4359 0.9016 0.0130 1.6318 100.0000 44.9668 0.5247 1.1259 46.6175 
132 100.0000 3000.0000 100.0000 3000.0000 3000.0000 3000.0000 100.0000 100.0000 100.0000 100.0000 3000.0000 100.0000 3000.0000 100.0000 3000.0000 100.0000 -1.9080 0.1360 0.0000 0.4308 0.8821 0.0100 1.6073 100.0000 36.4791 0.3543 0.8989 37.7323 
133 3000.0000 100.0000 3000.0000 3000.0000 100.0000 3000.0000 3000.0000 100.0000 100.0000 3000.0000 3000.0000 3000.0000 3000.0000 3000.0000 100.0000 100.0000 -1.7990 0.1863 0.0000 0.4260 0.8643 0.0132 1.9047 100.0000 36.3056 0.5433 1.2927 38.1416 
134 3000.0000 3000.0000 100.0000 3000.0000 3000.0000 3000.0000 100.0000 100.0000 100.0000 3000.0000 3000.0000 3000.0000 3000.0000 100.0000 100.0000 100.0000 -1.9150 0.1512 0.0000 0.4219 0.8490 0.0123 1.7544 100.0000 44.1761 0.5306 1.1340 45.8407 
135 100.0000 100.0000 100.0000 3000.0000 3000.0000 3000.0000 3000.0000 100.0000 3000.0000 3000.0000 3000.0000 3000.0000 100.0000 100.0000 100.0000 100.0000 -1.8890 0.1357 0.0000 0.4176 0.8335 0.0114 1.6012 100.0000 37.4997 0.4371 0.9766 38.9134 
136 3000.0000 100.0000 100.0000 3000.0000 3000.0000 3000.0000 3000.0000 3000.0000 100.0000 100.0000 3000.0000 3000.0000 100.0000 100.0000 100.0000 3000.0000 -1.6350 0.0707 0.0000 0.4136 0.8191 0.0141 1.8580 100.0000 36.3193 0.4423 1.0705 37.8321 
137 3000.0000 100.0000 100.0000 100.0000 100.0000 3000.0000 100.0000 100.0000 3000.0000 3000.0000 3000.0000 3000.0000 100.0000 3000.0000 3000.0000 100.0000 -1.4520 0.1075 0.0000 0.4114 0.8111 0.0069 1.2658 100.0000 37.2430 0.3917 0.9916 38.6263 
138 100.0000 3000.0000 3000.0000 3000.0000 100.0000 3000.0000 3000.0000 100.0000 100.0000 100.0000 3000.0000 100.0000 3000.0000 3000.0000 100.0000 100.0000 -1.7640 0.0590 0.0000 0.4117 0.8121 0.0118 1.5846 100.0000 36.2274 0.3997 0.9738 37.6010 
139 3000.0000 100.0000 100.0000 3000.0000 100.0000 3000.0000 100.0000 100.0000 3000.0000 100.0000 3000.0000 100.0000 3000.0000 3000.0000 100.0000 3000.0000 -1.3840 0.0810 0.0000 0.4084 0.8006 0.0096 1.4918 100.0000 36.3812 0.4207 1.1503 37.9522 
140 3000.0000 3000.0000 100.0000 100.0000 3000.0000 3000.0000 3000.0000 3000.0000 100.0000 3000.0000 100.0000 3000.0000 3000.0000 100.0000 100.0000 100.0000 -1.6270 0.1300 0.0000 0.4098 0.8052 0.0105 1.4914 100.0000 36.1760 0.4877 1.0314 37.6951 
141 100.0000 3000.0000 3000.0000 3000.0000 3000.0000 3000.0000 100.0000 100.0000 3000.0000 3000.0000 3000.0000 100.0000 3000.0000 100.0000 100.0000 100.0000 -1.7960 0.2282 0.0000 0.4076 0.7973 0.0118 1.8628 100.0000 43.4588 0.5106 1.1839 45.1533 
142 100.0000 3000.0000 100.0000 3000.0000 3000.0000 3000.0000 3000.0000 100.0000 3000.0000 3000.0000 100.0000 100.0000 100.0000 3000.0000 3000.0000 100.0000 -1.5460 0.1938 0.0000 0.4043 0.7861 0.0120 1.9047 100.0000 36.4849 0.4813 1.0198 37.9860 
143 3000.0000 3000.0000 3000.0000 3000.0000 100.0000 100.0000 3000.0000 3000.0000 100.0000 3000.0000 3000.0000 100.0000 100.0000 100.0000 100.0000 3000.0000 -1.3200 0.1079 0.0000 0.4030 0.7816 0.0094 1.4338 100.0000 36.3804 0.4432 1.1051 37.9287 
144 3000.0000 3000.0000 100.0000 3000.0000 100.0000 100.0000 100.0000 100.0000 3000.0000 3000.0000 3000.0000 3000.0000 3000.0000 100.0000 3000.0000 3000.0000 -1.6030 0.1420 0.0000 0.4051 0.7884 0.0147 1.8834 100.0000 36.3405 0.4856 1.1861 38.0122 
145 100.0000 3000.0000 3000.0000 100.0000 100.0000 3000.0000 3000.0000 100.0000 100.0000 3000.0000 3000.0000 3000.0000 3000.0000 100.0000 3000.0000 3000.0000 -1.8420 0.1366 0.0000 0.4031 0.7814 0.0060 1.2260 100.0000 36.4181 0.4850 1.1490 38.0521 
146 100.0000 100.0000 100.0000 100.0000 100.0000 100.0000 3000.0000 3000.0000 3000.0000 3000.0000 3000.0000 3000.0000 3000.0000 3000.0000 100.0000 100.0000 -1.8630 0.1127 0.0000 0.3998 0.7710 0.0052 1.1505 100.0000 36.2556 0.3877 0.9704 37.6137 
147 100.0000 3000.0000 100.0000 100.0000 3000.0000 100.0000 3000.0000 100.0000 100.0000 3000.0000 3000.0000 3000.0000 3000.0000 3000.0000 100.0000 3000.0000 -1.7320 0.2649 0.0000 0.3965 0.7610 0.0113 1.6750 100.0000 36.5185 0.4335 1.0637 38.0156 
148 100.0000 3000.0000 100.0000 100.0000 100.0000 3000.0000 100.0000 100.0000 100.0000 3000.0000 3000.0000 3000.0000 3000.0000 100.0000 3000.0000 100.0000 -1.8080 0.0552 0.0000 0.3938 0.7523 0.0107 1.6010 100.0000 36.5069 0.3448 0.8409 37.6927 
149 100.0000 100.0000 100.0000 3000.0000 100.0000 100.0000 3000.0000 3000.0000 100.0000 100.0000 3000.0000 3000.0000 3000.0000 3000.0000 3000.0000 100.0000 -1.5550 0.0151 0.0000 0.3909 0.7433 0.0091 1.4658 100.0000 36.5359 0.4365 0.9602 37.9326 
150 100.0000 3000.0000 3000.0000 100.0000 100.0000 3000.0000 100.0000 3000.0000 100.0000 100.0000 3000.0000 100.0000 3000.0000 3000.0000 3000.0000 100.0000 -1.4170 0.2833 0.0000 0.3895 0.7388 0.0068 1.3589 100.0000 36.3611 0.4003 0.9633 37.7247 
151 3000.0000 3000.0000 100.0000 100.0000 3000.0000 3000.0000 100.0000 3000.0000 100.0000 3000.0000 3000.0000 100.0000 3000.0000 100.0000 3000.0000 3000.0000 -1.2650 0.3197 0.0000 0.3896 0.7391 0.0075 1.4349 100.0000 38.4651 0.5873 1.3935 40.4459 
152 3000.0000 100.0000 3000.0000 100.0000 3000.0000 3000.0000 100.0000 100.0000 100.0000 100.0000 3000.0000 3000.0000 3000.0000 3000.0000 100.0000 100.0000 -1.3690 0.2421 0.0000 0.3920 0.7462 0.0093 1.6866 100.0000 36.6528 0.3928 0.9815 38.0271 
153 3000.0000 100.0000 3000.0000 100.0000 3000.0000 3000.0000 100.0000 3000.0000 3000.0000 100.0000 100.0000 3000.0000 100.0000 100.0000 100.0000 3000.0000 -1.8070 0.1295 0.0000 0.3927 0.7476 0.0148 2.0002 100.0000 45.3656 0.4596 1.0484 46.8736 
154 100.0000 100.0000 3000.0000 3000.0000 3000.0000 3000.0000 3000.0000 100.0000 3000.0000 3000.0000 100.0000 100.0000 3000.0000 100.0000 100.0000 3000.0000 -1.5550 0.0402 0.0000 0.3897 0.7391 0.0133 1.9006 100.0000 36.2962 0.4335 1.0538 37.7835 
155 100.0000 3000.0000 100.0000 3000.0000 100.0000 100.0000 3000.0000 100.0000 100.0000 3000.0000 3000.0000 3000.0000 3000.0000 100.0000 3000.0000 100.0000 -1.6910 0.1957 0.0000 0.3881 0.7340 0.0109 1.8514 100.0000 36.6370 0.3893 0.9702 37.9964 
156 100.0000 3000.0000 100.0000 100.0000 100.0000 3000.0000 3000.0000 100.0000 3000.0000 100.0000 3000.0000 3000.0000 3000.0000 100.0000 100.0000 3000.0000 -1.6510 0.0854 0.0000 0.3857 0.7268 0.0085 1.3309 100.0000 36.5424 0.4320 0.9370 37.9115 
157 3000.0000 3000.0000 3000.0000 100.0000 100.0000 3000.0000 3000.0000 100.0000 100.0000 3000.0000 3000.0000 100.0000 100.0000 3000.0000 3000.0000 100.0000 -1.5430 0.1205 0.0000 0.3834 0.7201 0.0100 1.7587 100.0000 42.6543 0.4494 1.0917 44.1953 
158 3000.0000 100.0000 100.0000 3000.0000 3000.0000 100.0000 100.0000 3000.0000 3000.0000 3000.0000 100.0000 3000.0000 3000.0000 100.0000 100.0000 3000.0000 -1.5270 0.1949 0.0000 0.3820 0.7157 0.0106 1.8102 100.0000 36.5194 0.4373 1.1196 38.0763 
159 3000.0000 100.0000 3000.0000 3000.0000 100.0000 100.0000 3000.0000 3000.0000 100.0000 3000.0000 100.0000 3000.0000 100.0000 3000.0000 3000.0000 100.0000 -1.3480 0.3266 0.0000 0.3806 0.7115 0.0128 2.0045 100.0000 36.3297 0.4425 1.0454 37.8175 
160 100.0000 3000.0000 3000.0000 100.0000 3000.0000 100.0000 100.0000 100.0000 3000.0000 3000.0000 3000.0000 3000.0000 100.0000 3000.0000 100.0000 3000.0000 -1.8550 0.0762 0.0000 0.3811 0.7126 0.0134 2.0311 100.0000 39.9720 0.4279 1.0641 41.4640 
161 3000.0000 100.0000 100.0000 3000.0000 3000.0000 100.0000 3000.0000 3000.0000 100.0000 3000.0000 3000.0000 100.0000 100.0000 3000.0000 100.0000 100.0000 -2.1720 0.1293 0.0000 0.3785 0.7057 0.0101 1.6298 100.0000 36.6937 0.3945 0.9436 38.0318 
162 3000.0000 100.0000 100.0000 3000.0000 100.0000 3000.0000 100.0000 3000.0000 100.0000 100.0000 3000.0000 3000.0000 3000.0000 100.0000 3000.0000 3000.0000 -1.5250 0.2371 0.0000 0.3775 0.7047 0.0079 1.5712 100.0000 36.6976 0.4466 1.1182 38.2624 
163 3000.0000 100.0000 100.0000 3000.0000 3000.0000 1606.0000 3000.0000 3000.0000 100.0000 3000.0000 3000.0000 100.0000 100.0000 3000.0000 100.0000 100.0000 -1.9920 0.2337 0.0000 0.3762 0.7009 0.0115 0.3674 100.0000 36.8170 0.4171 0.9840 38.2181 
164 3000.0000 100.0000 100.0000 3000.0000 2782.0000 100.0000 3000.0000 3000.0000 100.0000 3000.0000 3000.0000 100.0000 1368.0000 3000.0000 955.0000 100.0000 -2.2070 0.1347 0.0000 0.3751 0.6970 0.0157 0.4664 100.0000 36.5824 0.4205 1.0116 38.0145 
165 3000.0000 100.0000 100.0000 3000.0000 3000.0000 100.0000 3000.0000 3000.0000 100.0000 3000.0000 3000.0000 100.0000 1230.0000 1948.0000 100.0000 100.0000 -1.7880 0.0712 0.0000 0.3761 0.6977 0.0804 0.7075 100.0000 36.9441 0.4418 0.9515 38.3374 
166 3000.0000 100.0000 100.0000 3000.0000 2710.0000 100.0000 3000.0000 3000.0000 100.0000 3000.0000 3000.0000 100.0000 159.0000 3000.0000 1629.0000 100.0000 -0.7610 0.3127 0.0000 0.3732 0.6939 0.0223 0.2643 100.0000 36.5785 0.4144 0.9851 37.9780 
167 3000.0000 100.0000 100.0000 3000.0000 2738.0000 124.0000 3000.0000 3000.0000 100.0000 3000.0000 3000.0000 100.0000 2459.0000 3000.0000 656.0000 100.0000 -1.2010 0.1937 0.0000 0.3625 0.7272 0.0666 0.5120 100.0000 36.8028 0.4367 1.0719 38.3114 
168 100.0000 3000.0000 100.0000 3000.0000 100.0000 3000.0000 3000.0000 3000.0000 3000.0000 100.0000 3000.0000 3000.0000 100.0000 100.0000 3000.0000 100.0000 -1.9900 0.1972 0.0000 0.3517 0.7312 0.0047 1.4821 100.0000 36.5020 0.4263 0.9921 37.9204 
169 100.0000 3000.0000 100.0000 3000.0000 100.0000 524.0000 3000.0000 3000.0000 3000.0000 100.0000 3000.0000 3000.0000 100.0000 100.0000 3000.0000 100.0000 -1.6800 0.0590 0.0000 0.3499 0.7267 0.0086 1.8318 100.0000 36.8559 0.3982 1.0196 38.2737 
170 100.0000 100.0000 3000.0000 3000.0000 100.0000 3000.0000 100.0000 3000.0000 3000.0000 100.0000 3000.0000 100.0000 3000.0000 100.0000 3000.0000 3000.0000 -2.2770 0.2340 0.0000 0.3478 0.7208 0.0078 1.9472 100.0000 36.7743 0.4320 1.1215 38.3279 
171 100.0000 100.0000 3000.0000 3000.0000 100.0000 3000.0000 100.0000 3000.0000 3000.0000 100.0000 3000.0000 100.0000 3000.0000 100.0000 1934.0000 3000.0000 -1.8700 0.0663 0.0000 0.3481 0.7239 0.0210 0.2853 100.0000 39.5970 0.4213 0.9942 41.0126 
172 100.0000 1242.0000 3000.0000 3000.0000 100.0000 3000.0000 100.0000 3000.0000 3000.0000 100.0000 3000.0000 100.0000 3000.0000 100.0000 3000.0000 3000.0000 -1.6860 0.2392 0.0000 0.3460 0.7204 0.0418 0.4101 100.0000 36.8018 0.4956 1.1322 38.4296 
173 100.0000 100.0000 3000.0000 100.0000 3000.0000 3000.0000 100.0000 3000.0000 3000.0000 3000.0000 3000.0000 100.0000 100.0000 3000.0000 100.0000 100.0000 -2.2100 0.0591 0.0000 0.3430 0.7170 0.0040 1.4207 100.0000 36.8120 0.3892 1.0456 38.2468 
174 100.0000 100.0000 3000.0000 1331.0000 3000.0000 3000.0000 100.0000 3000.0000 3000.0000 3000.0000 3000.0000 100.0000 100.0000 3000.0000 100.0000 100.0000 -1.5750 0.1567 0.0000 0.3427 0.7181 0.0107 0.3092 100.0000 40.1758 0.4073 1.0390 41.6222 
175 3000.0000 100.0000 3000.0000 1904.0000 100.0000 100.0000 100.0000 100.0000 3000.0000 100.0000 3000.0000 3000.0000 3000.0000 3000.0000 100.0000 3000.0000 -1.5290 0.3109 0.0000 0.3392 0.7152 0.0066 1.9614 100.0000 41.7487 0.4302 1.1356 43.3145 
176 100.0000 3000.0000 3000.0000 3000.0000 100.0000 3000.0000 3000.0000 100.0000 3000.0000 3000.0000 100.0000 3000.0000 3000.0000 100.0000 100.0000 100.0000 -1.8120 0.1606 0.0000 0.3379 0.7113 0.0062 1.8631 100.0000 44.7045 0.4280 1.1019 46.2343 
177 3000.0000 100.0000 100.0000 100.0000 100.0000 3000.0000 3000.0000 3000.0000 3000.0000 3000.0000 3000.0000 100.0000 100.0000 100.0000 100.0000 3000.0000 -1.4820 0.1563 0.0000 0.3360 0.7060 0.0044 1.4930 100.0000 38.1817 0.3908 0.9236 39.4961 
178 100.0000 100.0000 100.0000 100.0000 100.0000 3000.0000 3000.0000 100.0000 100.0000 3000.0000 3000.0000 3000.0000 3000.0000 3000.0000 3000.0000 3000.0000 -1.9150 0.1231 0.0000 0.3349 0.7028 0.0037 1.4954 100.0000 36.7133 0.4315 1.0656 38.2104 
179 100.0000 3000.0000 100.0000 100.0000 3000.0000 3000.0000 100.0000 100.0000 3000.0000 100.0000 3000.0000 3000.0000 100.0000 3000.0000 3000.0000 100.0000 -1.5420 0.3192 0.0000 0.3332 0.6986 0.0062 1.8376 100.0000 36.6570 0.4406 1.1810 38.2786 
180 1822.0000 1598.0000 1406.0000 1764.0000 1719.0000 1872.0000 1920.0000 1393.0000 1532.0000 1786.0000 2383.0000 1572.0000 2050.0000 1674.0000 1889.0000 1601.0000 -2.4830 0.0980 0.0000 0.3319 0.6948 0.2074 0.3460 100.0000 36.5459 0.6653 1.1763 38.3874 
181 1765.0000 1478.0000 1305.0000 1703.0000 1693.0000 1754.0000 1893.0000 1284.0000 1461.0000 1722.0000 2391.0000 1492.0000 1940.0000 1547.0000 1835.0000 1498.0000 -2.4650 0.0260 0.0000 0.3361 0.6973 0.0200 0.0397 100.0000 36.6575 0.4338 1.3109 38.4022 
182 100.0000 3000.0000 3000.0000 100.0000 3000.0000 3000.0000 100.0000 100.0000 3000.0000 3000.0000 3000.0000 100.0000 100.0000 3000.0000 100.0000 3000.0000 -1.8840 0.2781 0.0000 0.3401 0.6999 0.0057 1.8217 100.0000 36.5595 0.4318 1.0884 38.0797 
183 1797.0000 1560.0000 1248.0000 1856.0000 1694.0000 1873.0000 1888.0000 1409.0000 1411.0000 1861.0000 2433.0000 1598.0000 1912.0000 1549.0000 1832.0000 1686.0000 -2.5240 0.0675 0.0000 0.3383 0.6954 0.1509 0.3039 100.0000 37.8127 0.4442 1.1540 39.4109 
184 1951.0000 1489.0000 1353.0000 1764.0000 1771.0000 1849.0000 1927.0000 1331.0000 1476.0000 1747.0000 2511.0000 1544.0000 2087.0000 1454.0000 1896.0000 1658.0000 -2.5650 0.1378 0.0000 0.3424 0.6973 0.0619 0.0998 100.0000 42.5668 0.5309 1.3504 44.4481 
185 1902.0000 1521.0000 1316.0000 1737.0000 1640.0000 1912.0000 1745.0000 1332.0000 1378.0000 1710.0000 2440.0000 1639.0000 2183.0000 1575.0000 1737.0000 1590.0000 -2.5980 0.0492 0.0000 0.3467 0.6989 0.1151 1.6647 100.0000 39.8385 0.4417 1.0982 41.3784 
186 1816.0000 1559.0000 1265.0000 1712.0000 1664.0000 1856.0000 1654.0000 1291.0000 1499.0000 1835.0000 2459.0000 1675.0000 2180.0000 1465.0000 1944.0000 1615.0000 -2.3000 0.0675 0.0000 0.3511 0.7011 0.0464 0.0905 100.0000 37.0368 0.5233 1.1994 38.7595 
187 3000.0000 3000.0000 100.0000 3000.0000 3000.0000 3000.0000 3000.0000 100.0000 100.0000 100.0000 3000.0000 3000.0000 3000.0000 100.0000 100.0000 100.0000 -1.7140 0.1463 0.0000 0.3517 0.7051 0.0050 1.1296 100.0000 36.4142 0.4423 1.1120 37.9685 
188 100.0000 100.0000 3000.0000 3000.0000 100.0000 3000.0000 3000.0000 100.0000 3000.0000 100.0000 100.0000 3000.0000 100.0000 100.0000 3000.0000 3000.0000 -1.2750 0.1198 0.0000 0.3498 0.7000 0.0075 1.5881 100.0000 36.6724 0.4311 1.0887 38.1922 
189 3000.0000 3000.0000 3000.0000 3000.0000 100.0000 100.0000 3000.0000 100.0000 100.0000 100.0000 3000.0000 3000.0000 100.0000 3000.0000 100.0000 3000.0000 -1.7520 0.0077 0.0000 0.3506 0.7017 0.0062 1.5826 100.0000 36.7364 0.5205 1.2166 38.4735 
190 3000.0000 3000.0000 3000.0000 3000.0000 100.0000 3000.0000 3000.0000 3000.0000 3000.0000 100.0000 100.0000 3000.0000 3000.0000 100.0000 100.0000 100.0000 -1.5130 0.1697 0.0000 0.3487 0.6966 0.0076 1.8092 100.0000 36.6099 0.4800 1.2047 38.2946 
191 100.0000 100.0000 100.0000 3000.0000 3000.0000 100.0000 1885.0000 100.0000 3000.0000 3000.0000 3000.0000 3000.0000 3000.0000 3000.0000 100.0000 100.0000 -1.8380 0.0482 0.0000 0.3475 0.6932 0.0066 1.6629 100.0000 36.8725 0.4173 0.9932 38.2830 
192 3000.0000 3000.0000 3000.0000 3000.0000 3000.0000 100.0000 100.0000 100.0000 100.0000 3000.0000 100.0000 100.0000 3000.0000 100.0000 3000.0000 3000.0000 -1.4580 0.0211 0.0000 0.3457 0.6886 0.0071 1.7435 100.0000 36.9522 0.4348 1.0846 38.4716 
193 1910.0000 1480.0000 1385.0000 1837.0000 1633.0000 1914.0000 1940.0000 1381.0000 1425.0000 1693.0000 2496.0000 1505.0000 2065.0000 1597.0000 1642.0000 1588.0000 -2.6290 0.1027 0.0000 0.3449 0.6862 0.1905 1.9528 100.0000 36.7557 0.4399 1.0348 38.2303 
194 1952.0000 1417.0000 1343.0000 1719.0000 1641.0000 1907.0000 1980.0000 1274.0000 1464.0000 1834.0000 2423.0000 1585.0000 2044.0000 1649.0000 1683.0000 1621.0000 -2.7000 0.0692 0.0000 0.3492 0.6885 0.1776 1.2492 100.0000 37.1377 0.4401 1.1273 38.7051 
195 1934.0000 1395.0000 1378.0000 1719.0000 1652.0000 1926.0000 1888.0000 1288.0000 1465.0000 1769.0000 2482.0000 1523.0000 1993.0000 1668.0000 1672.0000 1706.0000 -2.5680 0.0623 0.0000 0.3531 0.6904 0.2242 0.4580 100.0000 39.6992 0.4347 1.0405 41.1744 
196 1904.0000 1435.0000 1332.0000 1806.0000 1618.0000 1892.0000 2056.0000 1326.0000 1430.0000 1818.0000 2419.0000 1625.0000 2131.0000 1587.0000 1686.0000 1525.0000 -2.5930 0.1059 0.0000 0.3570 0.6930 0.0504 0.0403 100.0000 36.4720 0.4450 1.0690 37.9860 
197 1923.0000 1562.0000 1337.0000 1734.0000 1561.0000 2034.0000 1998.0000 1250.0000 1389.0000 1763.0000 2448.0000 1447.0000 2086.0000 1589.0000 1723.0000 1609.0000 -2.8500 0.0713 0.0000 0.3612 0.6957 0.0115 0.0436 100.0000 37.2604 0.4885 1.1028 38.8518 
198 1946.0000 1574.0000 1333.0000 1716.0000 1474.0000 2145.0000 2038.0000 1213.0000 1347.0000 1760.0000 2484.0000 1388.0000 2125.0000 1557.0000 1679.0000 1631.0000 -2.7160 0.0890 0.0000 0.3637 0.6984 0.0007 0.0107 100.0000 42.2413 0.5222 1.2448 44.0082 
199 2059.0000 1520.0000 1215.0000 1719.0000 1451.0000 2124.0000 2054.0000 1270.0000 1309.0000 1726.0000 2528.0000 1446.0000 2087.0000 1518.0000 1686.0000 1649.0000 -2.6020 0.0995 0.0000 0.3683 0.7012 0.0006 0.0188 100.0000 39.5467 0.4431 1.0980 41.0878 
200 1878.0000 1612.0000 1440.0000 1698.0000 1501.0000 2104.0000 1995.0000 1187.0000 1435.0000 1785.0000 2422.0000 1384.0000 2152.0000 1645.0000 1630.0000 1563.0000 -2.4960 0.0739 0.0000 0.3725 0.7035 0.0016 0.0190 100.0000 36.7913 0.5247 1.1398 38.4558 
201 1869.0000 1499.0000 1341.0000 1817.0000 1639.0000 2104.0000 2074.0000 1265.0000 1219.0000 1770.0000 2509.0000 1392.0000 2108.0000 1440.0000 1719.0000 1728.0000 -2.8880 0.1434 0.0000 0.3755 0.7059 0.0047 0.0338 100.0000 36.4788 0.4466 1.3477 38.2731 
202 1855.0000 1476.0000 1350.0000 1840.0000 1639.0000 2153.0000 2102.0000 1260.0000 1165.0000 1774.0000 2543.0000 1364.0000 2132.0000 1388.0000 1690.0000 1764.0000 -2.9070 0.1612 0.0000 0.3784 0.7095 0.0007 0.0105 100.0000 36.5763 0.4431 1.1612 38.1806 
203 1850.0000 1465.0000 1354.0000 1851.0000 1637.0000 2180.0000 2117.0000 1256.0000 1138.0000 1776.0000 2561.0000 1350.0000 2144.0000 1361.0000 1674.0000 1782.0000 -2.8880 0.1722 0.0000 0.3823 0.7132 0.0005 0.0095 94.0000 41.2111 0.5235 1.2084 42.9429 
204 1852.0000 1462.0000 1355.0000 1853.0000 1636.0000 2188.0000 2123.0000 1256.0000 1131.0000 1779.0000 2567.0000 1346.0000 2146.0000 1352.0000 1668.0000 1787.0000 -2.7140 0.1771 0.0000 0.3873 0.7153 0.0004 0.0099 82.0000 30.3196 0.4471 1.1801 31.9468 
205 1906.0000 1565.0000 1325.0000 1828.0000 1712.0000 2120.0000 2039.0000 1277.0000 1125.0000 1759.0000 2505.0000 1331.0000 2127.0000 1400.0000 1674.0000 1733.0000 -2.9840 0.1291 0.0000 0.3918 0.7161 0.0017 0.0250 100.0000 36.8793 0.4420 1.0708 38.3921 
206 1951.0000 1625.0000 1306.0000 1838.0000 1767.0000 2157.0000 2012.0000 1282.0000 1029.0000 1753.0000 2523.0000 1266.0000 2155.0000 1350.0000 1618.0000 1741.0000 -3.0380 0.1196 0.0000 0.3960 0.7169 0.0005 0.0100 85.0000 31.5262 0.4820 1.1830 33.1912 
207 1979.0000 1656.0000 1294.0000 1846.0000 1795.0000 2192.0000 2005.0000 1282.0000 964.0000 1751.0000 2544.0000 1224.0000 2176.0000 1311.0000 1581.0000 1751.0000 -2.8240 0.1151 0.0000 0.4024 0.7205 0.0005 0.0095 86.0000 31.5641 0.4393 1.1090 33.1125 
208 2021.0000 1590.0000 1305.0000 1822.0000 1772.0000 2098.0000 2057.0000 1168.0000 1019.0000 1890.0000 2462.0000 1294.0000 2132.0000 1327.0000 1573.0000 1834.0000 -2.8550 0.1357 0.0000 0.4085 0.7207 0.0012 0.0243 100.0000 41.2577 0.4789 1.1767 42.9134 
209 1930.0000 1700.0000 1367.0000 1880.0000 1668.0000 2126.0000 2026.0000 1278.0000 985.0000 1640.0000 2560.0000 1206.0000 2121.0000 1349.0000 1701.0000 1862.0000 -2.8480 0.1218 0.0000 0.4163 0.7228 0.0008 0.0200 100.0000 36.9907 0.4371 1.1394 38.5673 
210 1955.0000 1536.0000 1265.0000 1842.0000 1836.0000 2347.0000 2011.0000 1314.0000 1075.0000 1762.0000 2494.0000 1166.0000 2091.0000 1338.0000 1672.0000 1747.0000 -2.9850 0.1063 0.0000 0.4246 0.7253 0.0007 0.0158 100.0000 36.9227 0.4448 1.1213 38.4888 
211 1956.0000 1575.0000 1226.0000 1941.0000 1813.0000 2344.0000 2092.0000 1319.0000 1074.0000 1750.0000 2464.0000 1174.0000 2148.0000 1265.0000 1652.0000 1705.0000 -2.9330 0.1523 0.0000 0.4346 0.7287 0.0004 0.0136 100.0000 36.8683 0.4425 1.1101 38.4209 
212 1952.0000 1551.0000 1292.0000 1772.0000 1845.0000 2386.0000 2038.0000 1309.0000 1014.0000 1801.0000 2622.0000 1167.0000 2048.0000 1304.0000 1635.0000 1761.0000 -2.8600 0.1282 0.0000 0.4440 0.7319 0.0004 0.0163 100.0000 36.7817 0.4432 1.1750 38.3999 
213 2000.0000 1466.0000 1281.0000 1908.0000 1808.0000 2333.0000 1989.0000 1303.0000 1005.0000 1680.0000 2422.0000 1217.0000 2238.0000 1361.0000 1625.0000 1797.0000 -2.8230 0.1172 0.0000 0.4531 0.7353 0.0005 0.0133 100.0000 36.9067 0.4420 1.1389 38.4876 
214 1910.0000 1639.0000 1248.0000 1910.0000 1777.0000 2217.0000 2099.0000 1339.0000 1152.0000 1796.0000 2519.0000 1110.0000 2065.0000 1210.0000 1572.0000 1747.0000 -2.6530 0.1216 0.0000 0.4627 0.7394 0.0002 0.0096 91.0000 33.8388 0.4354 1.0739 35.3481 
215 1977.0000 1586.0000 1300.0000 1822.0000 1791.0000 2356.0000 2053.0000 1224.0000 884.0000 1787.0000 2542.0000 1324.0000 2180.0000 1387.0000 1774.0000 1689.0000 -2.6710 0.1883 0.0000 0.4666 0.7437 0.0004 0.0088 96.0000 35.6292 0.4922 1.0935 37.2149 
216 1977.0000 1495.0000 1314.0000 1773.0000 1852.0000 2266.0000 1952.0000 1265.0000 1102.0000 1623.0000 2567.0000 1273.0000 2101.0000 1362.0000 1520.0000 1928.0000 -2.8300 0.0773 0.0000 0.4731 0.7479 0.0003 0.0088 98.0000 35.9655 0.4367 1.1441 37.5463 
217 2043.0000 1421.0000 1378.0000 1795.0000 1743.0000 2190.0000 2011.0000 1470.0000 977.0000 1802.0000 2562.0000 1135.0000 2177.0000 1405.0000 1578.0000 1826.0000 -2.7760 0.1227 0.0000 0.4851 0.7538 0.0002 0.0099 98.0000 41.6467 0.4912 1.0755 43.2134 
218 2025.0000 1492.0000 1311.0000 1880.0000 1728.0000 2345.0000 1986.0000 1056.0000 1080.0000 1742.0000 2482.0000 1080.0000 2086.0000 1298.0000 1702.0000 1972.0000 -2.8230 0.1218 0.0000 0.4972 0.7601 0.0003 0.0155 100.0000 36.8954 0.4403 1.0945 38.4303 
219 2069.0000 1475.0000 1389.0000 2043.0000 1766.0000 2337.0000 2028.0000 1158.0000 981.0000 1644.0000 2624.0000 1298.0000 2071.0000 1222.0000 1444.0000 1766.0000 -2.5630 0.1733 0.0000 0.5118 0.7672 0.0029 0.0285 100.0000 40.1596 0.5109 1.3695 42.0399 
220 1860.0000 1600.0000 1201.0000 1668.0000 1790.0000 2295.0000 2069.0000 1288.0000 1084.0000 1767.0000 2446.0000 1149.0000 2257.0000 1351.0000 1690.0000 1960.0000 -2.6110 0.0593 0.0000 0.5127 0.7718 0.0004 0.0099 83.0000 30.8503 0.4413 1.0712 32.3628 
221 1947.0000 1477.0000 1277.0000 1836.0000 1750.0000 2174.0000 1897.0000 1271.0000 1019.0000 1747.0000 2461.0000 1156.0000 1951.0000 1387.0000 1723.0000 1728.0000 -2.8700 0.0415 0.0000 0.5173 0.7762 0.0022 0.0199 100.0000 37.1116 0.4319 1.1343 38.6778 
222 2065.0000 1607.0000 1365.0000 1928.0000 1774.0000 2267.0000 1940.0000 1349.0000 1126.0000 1845.0000 2496.0000 1233.0000 2009.0000 1424.0000 1751.0000 1853.0000 -2.8100 0.1361 0.0000 0.5305 0.7828 0.0219 0.0715 100.0000 36.7914 0.4464 1.1253 38.3631 
223 2089.0000 1469.0000 1327.0000 1776.0000 1828.0000 2132.0000 2044.0000 1238.0000 1090.0000 1686.0000 2565.0000 1120.0000 2098.0000 1285.0000 1797.0000 1689.0000 -2.8800 0.1279 0.0000 0.5443 0.7896 0.0010 0.0137 100.0000 36.8262 0.4328 1.1222 38.3812 
224 2103.0000 1432.0000 1090.0000 1847.0000 1743.0000 2159.0000 2064.0000 1345.0000 965.0000 1701.0000 2585.0000 1213.0000 1984.0000 1236.0000 1808.0000 1838.0000 -2.4720 0.1001 0.0000 0.5581 0.7956 0.0062 0.0446 100.0000 37.6112 0.4834 1.0805 39.1752 
225 1897.0000 1560.0000 1523.0000 1812.0000 1854.0000 2239.0000 1958.0000 1206.0000 1091.0000 1775.0000 2476.0000 1097.0000 2139.0000 1397.0000 1644.0000 1679.0000 -2.9290 0.1244 0.0000 0.5541 0.8019 0.0012 0.0124 100.0000 37.0867 0.4372 1.1567 38.6806 
226 1885.0000 1557.0000 1503.0000 1853.0000 1864.0000 2256.0000 2055.0000 1179.0000 1056.0000 1778.0000 2509.0000 1028.0000 2112.0000 1491.0000 1625.0000 1700.0000 -2.9300 0.1270 0.0000 0.5668 0.8078 0.0006 0.0111 100.0000 37.1773 0.4432 1.1156 38.7361 
227 1919.0000 1574.0000 1566.0000 1757.0000 1802.0000 2281.0000 1899.0000 1215.0000 1076.0000 1842.0000 2498.0000 1106.0000 2157.0000 1297.0000 1646.0000 1681.0000 -2.6430 0.1448 0.0000 0.5791 0.8131 0.0021 0.0239 100.0000 40.2178 0.4344 1.1662 41.8183 
228 1911.0000 1555.0000 1372.0000 1932.0000 1879.0000 2242.0000 2139.0000 1210.0000 1080.0000 1673.0000 2477.0000 1084.0000 2105.0000 1564.0000 1614.0000 1739.0000 -2.7990 0.0921 0.0000 0.5852 0.8174 0.0006 0.0091 99.0000 38.6750 0.4429 1.1924 40.3103 
229 1949.0000 1420.0000 1336.0000 1817.0000 1962.0000 2273.0000 2110.0000 1125.0000 1079.0000 1978.0000 2474.0000 1136.0000 2075.0000 1487.0000 1521.0000 1714.0000 -2.8750 0.1414 0.0000 0.5973 0.8216 0.0030 0.0238 100.0000 41.6656 0.6085 1.2712 43.5453 
230 1804.0000 1562.0000 1488.0000 1801.0000 1860.0000 2290.0000 2185.0000 1119.0000 923.0000 1891.0000 2707.0000 1013.0000 1970.0000 1530.0000 1565.0000 1861.0000 -2.7740 0.0934 0.0000 0.6094 0.8253 0.0013 0.0316 100.0000 37.1424 0.4334 1.1301 38.7059 
231 2143.0000 1629.0000 1297.0000 1859.0000 1864.0000 2388.0000 2080.0000 1111.0000 1010.0000 1879.0000 2532.0000 874.0000 2252.0000 1545.0000 1491.0000 1639.0000 -2.4270 0.1869 0.0000 0.6207 0.8285 0.0009 0.0245 100.0000 37.3171 0.4359 1.1694 38.9224 
232 1750.0000 1436.0000 1472.0000 1879.0000 1964.0000 2218.0000 2066.0000 1246.0000 1049.0000 1764.0000 2449.0000 1241.0000 2027.0000 1371.0000 1657.0000 1821.0000 -2.7120 0.1041 0.0000 0.6166 0.8346 0.0007 0.0098 96.0000 35.7409 0.4358 1.1250 37.3018 
233 1975.0000 1606.0000 1493.0000 1693.0000 1863.0000 2273.0000 2149.0000 1205.0000 1177.0000 1740.0000 2583.0000 1262.0000 1945.0000 1391.0000 1649.0000 1798.0000 -2.7890 0.1340 0.0000 0.6246 0.8373 0.0458 0.1355 100.0000 37.0504 0.4855 1.1425 38.6784 
234 1697.0000 1432.0000 1440.0000 1843.0000 1695.0000 2443.0000 2023.0000 1351.0000 1068.0000 1611.0000 2597.0000 1076.0000 1998.0000 1473.0000 1685.0000 1721.0000 -2.4010 0.0881 0.0000 0.6337 0.8402 0.0074 0.0476 100.0000 37.0743 0.4289 1.0754 38.5786 
235 2018.0000 1565.0000 1467.0000 1889.0000 1923.0000 2050.0000 2108.0000 1152.0000 1097.0000 1898.0000 2499.0000 1253.0000 2172.0000 1355.0000 1656.0000 1862.0000 -2.7150 0.1950 0.0000 0.6268 0.8473 0.0465 0.0350 100.0000 36.9282 0.4451 1.3958 38.7691 
236 1905.0000 1594.0000 1302.0000 1712.0000 1869.0000 2112.0000 1938.0000 1121.0000 1019.0000 1852.0000 2478.0000 1283.0000 1990.0000 1386.0000 1485.0000 1729.0000 -2.8470 0.0297 0.0000 0.6341 0.8500 0.0647 0.1283 100.0000 45.6450 0.5441 1.3177 47.5068 
237 1989.0000 1526.0000 1427.0000 1786.0000 1713.0000 2190.0000 2139.0000 1146.0000 994.0000 1904.0000 2261.0000 1242.0000 2002.0000 1347.0000 1565.0000 1784.0000 -2.7930 0.0931 0.0000 0.6426 0.8525 0.0332 0.1036 100.0000 40.4047 0.5087 1.2997 42.2131 
238 1902.0000 1522.0000 1371.0000 1641.0000 1980.0000 2114.0000 2158.0000 1271.0000 991.0000 1902.0000 2601.0000 1354.0000 2179.0000 1275.0000 1419.0000 1637.0000 -2.8100 0.1402 0.0000 0.6513 0.8546 0.0072 0.0567 100.0000 37.1386 0.4319 1.1846 38.7551 
239 1949.0000 1474.0000 1332.0000 1676.0000 1948.0000 2339.0000 2023.0000 1040.0000 1103.0000 2188.0000 2625.0000 1364.0000 2000.0000 1226.0000 1530.0000 1880.0000 -2.1850 0.1966 0.0000 0.6612 0.8561 0.0044 0.0511 100.0000 38.1373 0.5209 1.3474 40.0056 
240 3000.0000 3000.0000 3000.0000 100.0000 3000.0000 3000.0000 3000.0000 100.0000 100.0000 100.0000 100.0000 100.0000 3000.0000 3000.0000 100.0000 3000.0000 -1.6890 0.1212 0.0000 0.6365 0.8705 0.0413 1.0704 100.0000 36.9793 0.5643 1.2079 38.7516 
241 100.0000 100.0000 3000.0000 100.0000 3000.0000 3000.0000 3000.0000 3000.0000 100.0000 100.0000 100.0000 100.0000 100.0000 3000.0000 100.0000 3000.0000 -1.5270 0.1034 0.0000 0.6366 0.8642 0.0448 1.1968 100.0000 36.8659 0.3474 0.9401 38.1534 
242 100.0000 3000.0000 100.0000 3000.0000 3000.0000 100.0000 3000.0000 100.0000 100.0000 100.0000 3000.0000 100.0000 100.0000 100.0000 100.0000 3000.0000 -2.1490 0.1069 0.0000 0.6398 0.8607 0.0326 0.8555 100.0000 38.6945 0.3077 0.9433 39.9455 
243 100.0000 3000.0000 100.0000 3000.0000 3000.0000 3000.0000 3000.0000 100.0000 100.0000 100.0000 3000.0000 100.0000 100.0000 100.0000 100.0000 3000.0000 -1.3050 0.2806 0.0000 0.6346 0.8539 0.0396 0.8059 100.0000 37.7866 0.3512 1.1526 39.2904 
244 100.0000 3000.0000 100.0000 3000.0000 3000.0000 100.0000 100.0000 3000.0000 100.0000 100.0000 100.0000 100.0000 3000.0000 3000.0000 100.0000 100.0000 -1.3310 0.0840 0.0000 0.6381 0.8562 0.0915 1.7057 100.0000 37.9982 0.3581 0.9458 39.3020 
245 100.0000 100.0000 3000.0000 100.0000 3000.0000 100.0000 3000.0000 100.0000 100.0000 3000.0000 3000.0000 100.0000 3000.0000 100.0000 100.0000 3000.0000 -2.0340 0.0192 0.0000 0.6461 0.8573 0.0464 0.9040 100.0000 45.7032 0.4067 1.0829 47.1929 
246 100.0000 100.0000 3000.0000 100.0000 3000.0000 100.0000 3000.0000 3000.0000 100.0000 100.0000 3000.0000 100.0000 3000.0000 100.0000 3000.0000 3000.0000 -2.0370 0.1008 0.0000 0.6419 0.8501 0.0714 1.2212 100.0000 36.8585 0.3913 1.1168 38.3667 
247 100.0000 100.0000 3000.0000 3000.0000 3000.0000 100.0000 3000.0000 100.0000 100.0000 100.0000 3000.0000 100.0000 3000.0000 100.0000 3000.0000 3000.0000 -1.4110 0.1001 0.0000 0.6379 0.8431 0.0592 1.0054 100.0000 42.1424 0.4691 1.1496 43.7611 
248 100.0000 100.0000 100.0000 100.0000 3000.0000 100.0000 100.0000 3000.0000 100.0000 3000.0000 100.0000 3000.0000 100.0000 3000.0000 3000.0000 3000.0000 -1.5560 0.1215 0.0000 0.6411 0.8413 0.0760 1.5786 100.0000 37.0556 0.3501 1.1679 38.5735 
249 100.0000 3000.0000 3000.0000 100.0000 3000.0000 3000.0000 3000.0000 3000.0000 100.0000 3000.0000 3000.0000 3000.0000 100.0000 100.0000 100.0000 100.0000 -1.8010 0.1403 0.0000 0.6441 0.8371 0.0768 1.4050 100.0000 37.0435 0.4303 1.0689 38.5428 
206 1951.0000 1625.0000 1306.0000 1838.0000 1767.0000 2157.0000 2012.0000 1282.0000 1029.0000 1753.0000 2523.0000 1266.0000 2155.0000 1350.0000 1618.0000 1741.0000 -3.0380 0.1196 0.0000 0.3960 0.7169 0.0005 0.0100 85.0000 31.5262 0.4820 1.1830 33.1912 
