0 2280.0000 912.0000 2280.0000 912.0000 2280.0000 912.0000 2280.0000 912.0000 2280.0000 912.0000 2280.0000 912.0000 2280.0000 912.0000 2280.0000 912.0000 2280.0000 912.0000 -1.4620 0.1444 0.0000 0.0100 0.9116 0.0000 0.0000 0.0000 0.0000 0.0000 0.0000 0.0000 
1 1413.0000 377.0000 1413.0000 377.0000 1413.0000 377.0000 1413.0000 377.0000 1413.0000 377.0000 1413.0000 377.0000 1413.0000 377.0000 1413.0000 377.0000 1413.0000 377.0000 -1.7740 0.1853 0.0000 0.0100 0.9116 0.0000 0.0000 0.0000 0.0000 0.0000 0.0000 0.0000 
2 1198.0000 1017.0000 1198.0000 1017.0000 1198.0000 1017.0000 1198.0000 1017.0000 1198.0000 1017.0000 1198.0000 1017.0000 1198.0000 1017.0000 1198.0000 1017.0000 1198.0000 1017.0000 -0.1770 0.1503 0.0000 0.0100 0.9116 0.0000 0.0000 0.0000 0.0000 0.0000 0.0000 0.0000 
3 2696.0000 2379.0000 2696.0000 2379.0000 2696.0000 2379.0000 2696.0000 2379.0000 2696.0000 2379.0000 2696.0000 2379.0000 2696.0000 2379.0000 2696.0000 2379.0000 2696.0000 2379.0000 -1.2770 0.0965 0.0000 0.0100 0.9116 0.0000 0.0000 0.0000 0.0000 0.0000 0.0000 0.0000 
4 2423.0000 1266.0000 2423.0000 1266.0000 2423.0000 1266.0000 2423.0000 1266.0000 2423.0000 1266.0000 2423.0000 1266.0000 2423.0000 1266.0000 2423.0000 1266.0000 2423.0000 1266.0000 -1.7120 0.2281 0.0000 0.0100 0.9116 0.0000 0.0000 0.0000 0.0000 0.0000 0.0000 0.0000 
5 1492.0000 750.0000 1492.0000 750.0000 1492.0000 750.0000 1492.0000 750.0000 1492.0000 750.0000 1492.0000 750.0000 1492.0000 750.0000 1492.0000 750.0000 1492.0000 750.0000 -1.4960 0.2529 0.0000 0.0100 0.9116 0.0000 0.0000 0.0000 0.0000 0.0000 0.0000 0.0000 
6 1484.0000 2733.0000 1484.0000 2733.0000 1484.0000 2733.0000 1484.0000 2733.0000 1484.0000 2733.0000 1484.0000 2733.0000 1484.0000 2733.0000 1484.0000 2733.0000 1484.0000 2733.0000 -1.6410 0.1269 0.0000 0.0100 0.9116 0.0000 0.0000 0.0000 0.0000 0.0000 0.0000 0.0000 
7 2370.0000 634.0000 2370.0000 634.0000 2370.0000 634.0000 2370.0000 634.0000 2370.0000 634.0000 2370.0000 634.0000 2370.0000 634.0000 2370.0000 634.0000 2370.0000 634.0000 -1.8900 0.3175 0.0000 0.0100 0.9116 0.0000 0.0000 0.0000 0.0000 0.0000 0.0000 0.0000 
8 2363.0000 106.0000 2363.0000 106.0000 2363.0000 106.0000 2363.0000 106.0000 2363.0000 106.0000 2363.0000 106.0000 2363.0000 106.0000 2363.0000 106.0000 2363.0000 106.0000 -1.4660 0.2205 0.0000 0.0100 0.9116 0.0000 0.0000 0.0000 0.0000 0.0000 0.0000 0.0000 
9 1653.0000 2125.0000 1653.0000 2125.0000 1653.0000 2125.0000 1653.0000 2125.0000 1653.0000 2125.0000 1653.0000 2125.0000 1653.0000 2125.0000 1653.0000 2125.0000 1653.0000 2125.0000 -1.3070 0.1198 0.0000 0.0100 0.9116 0.0000 0.0000 0.0000 0.0000 0.0000 0.0000 0.0000 
10 1754.0000 2189.0000 1754.0000 2189.0000 1754.0000 2189.0000 1754.0000 2189.0000 1754.0000 2189.0000 1754.0000 2189.0000 1754.0000 2189.0000 1754.0000 2189.0000 1754.0000 2189.0000 -1.9780 0.2241 0.0000 0.0100 0.9116 0.0000 0.0000 0.0000 0.0000 0.0000 0.0000 0.0000 
11 2725.0000 2220.0000 2725.0000 2220.0000 2725.0000 2220.0000 2725.0000 2220.0000 2725.0000 2220.0000 2725.0000 2220.0000 2725.0000 2220.0000 2725.0000 2220.0000 2725.0000 2220.0000 -1.3820 0.0511 0.0000 0.0100 0.9116 0.0000 0.0000 0.0000 0.0000 0.0000 0.0000 0.0000 
12 1050.0000 1595.0000 1050.0000 1595.0000 1050.0000 1595.0000 1050.0000 1595.0000 1050.0000 1595.0000 1050.0000 1595.0000 1050.0000 1595.0000 1050.0000 1595.0000 1050.0000 1595.0000 -1.1990 0.2851 0.0000 0.0100 0.9116 0.0000 0.0000 0.0000 0.0000 0.0000 0.0000 0.0000 
13 177.0000 2957.0000 177.0000 2957.0000 177.0000 2957.0000 177.0000 2957.0000 177.0000 2957.0000 177.0000 2957.0000 177.0000 2957.0000 177.0000 2957.0000 177.0000 2957.0000 -1.3510 0.1467 0.0000 0.0100 0.9116 0.0000 0.0000 0.0000 0.0000 0.0000 0.0000 0.0000 
14 1459.0000 1771.0000 1459.0000 1771.0000 1459.0000 1771.0000 1459.0000 1771.0000 1459.0000 1771.0000 1459.0000 1771.0000 1459.0000 1771.0000 1459.0000 1771.0000 1459.0000 1771.0000 -1.5730 0.0754 0.0000 0.0100 0.9116 0.0000 0.0000 0.0000 0.0000 0.0000 0.0000 0.0000 
15 1263.0000 1251.0000 1263.0000 1251.0000 1263.0000 1251.0000 1263.0000 1251.0000 1263.0000 1251.0000 1263.0000 1251.0000 1263.0000 1251.0000 1263.0000 1251.0000 1263.0000 1251.0000 -1.2620 0.0174 0.0000 0.0100 0.9116 0.0000 0.0000 0.0000 0.0000 0.0000 0.0000 0.0000 
16 2875.0000 2566.0000 2875.0000 2566.0000 2875.0000 2566.0000 2875.0000 2566.0000 2875.0000 2566.0000 2875.0000 2566.0000 2875.0000 2566.0000 2875.0000 2566.0000 2875.0000 2566.0000 -1.4820 0.1970 0.0000 0.0100 0.9116 0.0000 0.0000 0.0000 0.0000 0.0000 0.0000 0.0000 
17 2596.0000 390.0000 2596.0000 390.0000 2596.0000 390.0000 2596.0000 390.0000 2596.0000 390.0000 2596.0000 390.0000 2596.0000 390.0000 2596.0000 390.0000 2596.0000 390.0000 -2.2340 0.1329 0.0000 0.0100 0.9116 0.0000 0.0000 0.0000 0.0000 0.0000 0.0000 0.0000 
18 645.0000 1767.0000 645.0000 1767.0000 645.0000 1767.0000 645.0000 1767.0000 645.0000 1767.0000 645.0000 1767.0000 645.0000 1767.0000 645.0000 1767.0000 645.0000 1767.0000 -1.4600 0.1714 0.0000 0.0100 0.9116 0.0000 0.0000 0.0000 0.0000 0.0000 0.0000 0.0000 
19 1708.0000 693.0000 1708.0000 693.0000 1708.0000 693.0000 1708.0000 693.0000 1708.0000 693.0000 1708.0000 693.0000 1708.0000 693.0000 1708.0000 693.0000 1708.0000 693.0000 -1.7930 0.2090 0.0000 0.0100 0.9116 0.0000 0.0000 0.0000 0.0000 0.0000 0.0000 0.0000 
20 2953.0000 2151.0000 1563.0000 1102.0000 1339.0000 1278.0000 1341.0000 1493.0000 411.0000 2228.0000 2297.0000 1642.0000 323.0000 1347.0000 1590.0000 1874.0000 1097.0000 566.0000 -1.5050 0.1861 0.0000 0.0100 0.9116 0.0000 1.5397 100.0000 48.2550 0.4958 1.1323 49.8831 
21 2953.0000 2491.0000 1563.0000 817.0000 2753.0000 1752.0000 2506.0000 2648.0000 2168.0000 1533.0000 1866.0000 111.0000 1717.0000 290.0000 1590.0000 755.0000 1097.0000 1272.0000 -1.0070 0.3137 0.0000 0.0100 0.9116 0.0000 1.4972 100.0000 48.1161 0.5729 1.4690 50.1580 
22 1665.0000 589.0000 1665.0000 589.0000 1665.0000 589.0000 1665.0000 589.0000 1665.0000 589.0000 1665.0000 589.0000 1665.0000 589.0000 1665.0000 589.0000 1665.0000 589.0000 -2.0160 0.1821 0.0000 0.1068 0.9279 0.0001 0.0104 100.0000 47.6477 0.3904 0.9957 49.0338 
23 2587.0000 402.0000 2587.0000 402.0000 2587.0000 402.0000 2587.0000 402.0000 2587.0000 402.0000 2587.0000 402.0000 2587.0000 402.0000 2587.0000 402.0000 2587.0000 402.0000 -2.1130 0.1416 0.0000 0.1609 0.9259 0.0008 0.0099 86.0000 40.3774 0.5495 1.1559 42.0829 
24 1834.0000 2240.0000 1834.0000 2240.0000 1834.0000 2240.0000 1834.0000 2240.0000 1834.0000 2240.0000 1834.0000 2240.0000 1834.0000 2240.0000 1834.0000 2240.0000 1834.0000 2240.0000 -1.7210 0.1169 0.0000 0.1646 0.8670 0.0012 0.0193 100.0000 47.0114 0.7607 1.4225 49.1946 
25 1856.0000 2096.0000 1858.0000 2097.0000 1857.0000 2097.0000 1857.0000 2096.0000 1857.0000 2097.0000 1857.0000 2097.0000 1857.0000 2098.0000 1857.0000 2097.0000 1858.0000 2097.0000 -1.8260 0.2377 0.0000 0.1587 0.8621 0.0012 0.1517 100.0000 46.2325 0.6634 1.5455 48.4413 
26 1688.0000 2171.0000 1922.0000 2148.0000 2031.0000 2145.0000 1798.0000 2199.0000 1825.0000 1934.0000 1704.0000 2195.0000 1882.0000 2092.0000 1730.0000 2239.0000 1872.0000 2358.0000 -1.8090 0.1397 0.0000 0.1726 0.8655 0.0015 0.1669 100.0000 47.8912 0.6759 1.5081 50.0752 
27 1698.0000 1986.0000 1789.0000 2237.0000 1823.0000 2044.0000 1811.0000 2150.0000 1931.0000 1961.0000 1791.0000 2195.0000 1807.0000 2415.0000 1840.0000 2227.0000 2123.0000 2228.0000 -1.5760 0.0970 0.0000 0.1847 0.8689 0.0016 0.1681 100.0000 47.2071 0.7464 1.8068 49.7603 
28 1889.0000 2337.0000 1970.0000 2073.0000 2013.0000 2262.0000 1857.0000 2194.0000 1758.0000 2193.0000 1810.0000 2149.0000 1923.0000 1857.0000 1780.0000 2148.0000 1602.0000 2233.0000 -2.1630 0.1514 0.0000 0.1868 0.8755 0.0007 0.0574 100.0000 47.1375 0.6605 1.4490 49.2470 
29 1931.0000 2371.0000 2029.0000 2045.0000 2079.0000 2280.0000 1890.0000 2192.0000 1766.0000 2198.0000 1834.0000 2139.0000 1971.0000 1777.0000 1796.0000 2136.0000 1572.0000 2239.0000 -1.9140 0.1103 0.0000 0.2021 0.8869 0.0001 0.0150 100.0000 46.6809 0.7435 1.4498 48.8742 
30 1860.0000 2349.0000 1893.0000 2104.0000 1942.0000 2263.0000 1816.0000 2237.0000 1737.0000 2220.0000 1772.0000 2160.0000 1860.0000 1934.0000 1749.0000 2170.0000 1593.0000 2240.0000 -2.1720 0.1754 0.0000 0.1979 0.8794 0.0004 0.0169 100.0000 47.4021 0.7023 1.5672 49.6716 
31 1865.0000 2323.0000 1886.0000 2149.0000 1926.0000 2321.0000 1824.0000 2199.0000 1749.0000 2200.0000 1819.0000 2191.0000 1837.0000 1899.0000 1756.0000 2152.0000 1563.0000 2288.0000 -2.0810 0.1695 0.0000 0.2067 0.8727 0.0012 0.0432 100.0000 47.1035 0.6776 1.6377 49.4188 
32 1872.0000 2410.0000 1910.0000 2060.0000 1969.0000 2225.0000 1814.0000 2295.0000 1719.0000 2270.0000 1728.0000 2136.0000 1892.0000 1957.0000 1743.0000 2197.0000 1599.0000 2199.0000 -2.1410 0.1577 0.0000 0.2194 0.8729 0.0003 0.0173 100.0000 49.0580 0.6856 1.7368 51.4804 
33 1906.0000 2384.0000 1870.0000 2091.0000 1966.0000 2266.0000 1792.0000 2328.0000 1798.0000 2283.0000 1711.0000 2086.0000 1861.0000 1894.0000 1748.0000 2124.0000 1634.0000 2270.0000 -2.1040 0.1674 0.0000 0.2322 0.8755 0.0017 0.0598 100.0000 50.0168 0.7853 1.5029 52.3050 
34 1933.0000 2458.0000 1863.0000 2065.0000 1975.0000 2228.0000 1867.0000 2333.0000 1726.0000 2184.0000 1800.0000 2151.0000 1841.0000 1973.0000 1740.0000 2217.0000 1508.0000 2230.0000 -2.1920 0.1642 0.0000 0.2462 0.8826 0.0027 0.0655 100.0000 47.8032 0.7635 1.7131 50.2798 
35 1935.0000 2476.0000 1892.0000 2071.0000 1973.0000 2241.0000 1805.0000 2375.0000 1720.0000 2238.0000 1788.0000 2196.0000 1860.0000 1964.0000 1756.0000 2248.0000 1450.0000 2250.0000 -2.0940 0.1354 0.0000 0.2624 0.8914 0.0002 0.0245 100.0000 48.4157 0.7504 1.5411 50.7073 
36 1920.0000 2502.0000 1839.0000 2073.0000 1985.0000 2274.0000 1960.0000 2290.0000 1695.0000 2207.0000 1783.0000 2097.0000 1832.0000 1963.0000 1692.0000 2187.0000 1579.0000 2213.0000 -2.1130 0.1699 0.0000 0.2729 0.9051 0.0008 0.0187 100.0000 47.5591 0.9192 1.4138 49.8921 
37 1892.0000 2418.0000 1842.0000 2023.0000 1993.0000 2252.0000 1931.0000 2302.0000 1766.0000 2225.0000 1722.0000 2071.0000 1857.0000 1998.0000 1858.0000 2202.0000 1461.0000 2257.0000 -2.1360 0.1383 0.0000 0.2862 0.9197 0.0013 0.0472 100.0000 47.5550 0.7505 1.6943 49.9998 
38 1933.0000 2540.0000 1821.0000 2036.0000 1891.0000 2183.0000 1912.0000 2286.0000 1808.0000 2221.0000 1744.0000 2156.0000 1965.0000 1954.0000 1750.0000 2156.0000 1495.0000 2287.0000 -2.0030 0.1477 0.0000 0.3011 0.9357 0.0013 0.0427 100.0000 48.2298 0.6959 1.4992 50.4249 
39 1927.0000 2381.0000 1908.0000 2069.0000 2090.0000 2323.0000 1863.0000 2382.0000 1669.0000 2246.0000 1786.0000 2065.0000 1740.0000 1964.0000 1792.0000 2245.0000 1522.0000 2184.0000 -1.9350 0.1269 0.0000 0.3090 0.9553 0.0009 0.0213 100.0000 47.8206 0.7532 1.6950 50.2688 
40 1903.0000 2544.0000 1884.0000 2067.0000 2027.0000 2231.0000 1808.0000 2148.0000 1697.0000 2227.0000 1691.0000 2224.0000 1829.0000 1968.0000 1812.0000 2202.0000 1568.0000 2276.0000 -2.0830 0.1569 0.0000 0.3068 0.9694 0.0120 0.0993 100.0000 48.0006 0.6673 1.4906 50.1585 
41 1881.0000 2400.0000 1941.0000 2112.0000 1913.0000 2171.0000 1972.0000 2283.0000 1637.0000 2299.0000 1699.0000 2184.0000 1895.0000 1888.0000 1728.0000 2286.0000 1534.0000 2345.0000 -2.0090 0.1008 0.0000 0.3204 0.9887 0.0074 0.0827 100.0000 48.0276 0.9560 1.4917 50.4754 
42 1782.0000 2527.0000 1873.0000 2038.0000 2008.0000 2407.0000 1790.0000 2276.0000 1784.0000 2199.0000 1785.0000 2165.0000 1987.0000 2014.0000 1711.0000 2155.0000 1502.0000 2181.0000 -1.9800 0.1574 0.0000 0.3307 1.0087 0.0105 0.0877 100.0000 47.6456 0.7054 1.5125 49.8635 
43 2667.0000 434.0000 2669.0000 437.0000 2667.0000 435.0000 2667.0000 434.0000 2668.0000 435.0000 2668.0000 438.0000 2669.0000 437.0000 2669.0000 437.0000 2670.0000 436.0000 -1.9210 0.1487 0.0000 0.3381 1.0281 0.0204 0.1326 100.0000 47.1862 0.5460 1.2104 48.9426 
44 2545.0000 469.0000 2497.0000 370.0000 2560.0000 447.0000 2574.0000 460.0000 2529.0000 458.0000 2543.0000 344.0000 2490.0000 400.0000 2495.0000 372.0000 2458.0000 410.0000 -1.9980 0.1961 0.0000 0.3257 1.0227 0.0546 1.8227 100.0000 48.4545 0.5107 1.1822 50.1473 
45 3000.0000 3000.0000 3000.0000 100.0000 3000.0000 100.0000 3000.0000 100.0000 100.0000 3000.0000 100.0000 3000.0000 3000.0000 3000.0000 100.0000 100.0000 3000.0000 3000.0000 -1.5400 0.1243 0.0000 0.3355 1.0423 0.0008 1.6900 100.0000 47.2233 0.8355 1.4096 49.4685 
46 2514.0000 298.0000 2600.0000 479.0000 2485.0000 338.0000 2458.0000 316.0000 2541.0000 316.0000 2515.0000 525.0000 2613.0000 421.0000 2603.0000 475.0000 2671.0000 405.0000 -2.3150 0.1474 0.0000 0.3253 1.0078 0.0548 1.8179 100.0000 49.2114 0.5495 1.3019 51.0628 
47 3000.0000 3000.0000 3000.0000 100.0000 3000.0000 100.0000 100.0000 3000.0000 3000.0000 100.0000 100.0000 3000.0000 3000.0000 3000.0000 100.0000 3000.0000 100.0000 3000.0000 -1.8500 0.0702 0.0000 0.3360 1.0415 0.0009 1.4747 100.0000 47.8842 0.6950 1.4038 49.9830 
48 2490.0000 263.0000 2611.0000 518.0000 2449.0000 319.0000 2411.0000 288.0000 2528.0000 288.0000 2491.0000 582.0000 2629.0000 436.0000 2615.0000 512.0000 2711.0000 413.0000 -2.2500 0.1470 0.0000 0.3289 1.0216 0.0189 0.0883 100.0000 47.5247 0.5591 1.3309 49.4146 
49 1564.0000 3000.0000 3000.0000 100.0000 3000.0000 100.0000 100.0000 2085.0000 3000.0000 390.0000 100.0000 2887.0000 3000.0000 3000.0000 100.0000 3000.0000 100.0000 3000.0000 -1.7940 0.1003 0.0000 0.3391 1.0340 0.0063 1.6095 100.0000 47.6731 0.7224 1.6001 49.9957 
50 2461.0000 235.0000 2583.0000 436.0000 2457.0000 313.0000 2422.0000 295.0000 2519.0000 310.0000 2518.0000 636.0000 2663.0000 421.0000 2646.0000 492.0000 2690.0000 479.0000 -2.3290 0.1478 0.0000 0.3328 1.0142 0.0796 0.3012 100.0000 48.4503 0.5093 1.1592 50.1188 
51 2445.0000 213.0000 2582.0000 427.0000 2448.0000 305.0000 2410.0000 287.0000 2514.0000 307.0000 2520.0000 678.0000 2684.0000 424.0000 2664.0000 502.0000 2703.0000 505.0000 -2.0850 0.1496 0.0000 0.3456 1.0286 0.1276 1.7934 100.0000 47.5377 0.6631 1.2979 49.4987 
52 2535.0000 307.0000 2643.0000 609.0000 2451.0000 328.0000 2407.0000 287.0000 2545.0000 267.0000 2467.0000 499.0000 2581.0000 448.0000 2576.0000 527.0000 2727.0000 326.0000 -2.2210 0.1426 0.0000 0.3450 1.0346 0.1191 1.3890 100.0000 49.3974 0.4983 1.2314 51.1270 
53 100.0000 3000.0000 3000.0000 100.0000 3000.0000 3000.0000 3000.0000 100.0000 3000.0000 100.0000 100.0000 3000.0000 3000.0000 100.0000 3000.0000 3000.0000 100.0000 3000.0000 -1.6120 0.1011 0.0000 0.3556 1.0477 0.0017 1.6816 100.0000 48.2141 1.0233 1.5308 50.7682 
54 2469.0000 253.0000 2644.0000 532.0000 2421.0000 396.0000 2555.0000 247.0000 2494.0000 293.0000 2424.0000 502.0000 2676.0000 480.0000 2535.0000 471.0000 2720.0000 414.0000 -2.2410 0.1067 0.0000 0.3465 1.0176 0.0839 0.3036 100.0000 50.2614 0.5101 1.1916 51.9630 
55 2394.0000 248.0000 2659.0000 540.0000 2459.0000 366.0000 2419.0000 215.0000 2595.0000 317.0000 2565.0000 505.0000 2583.0000 576.0000 2601.0000 479.0000 2672.0000 367.0000 -2.1550 0.1311 0.0000 0.3586 1.0298 0.1031 1.3655 100.0000 49.0708 0.5029 1.3085 50.8822 
56 100.0000 100.0000 3000.0000 3000.0000 100.0000 100.0000 3000.0000 100.0000 3000.0000 3000.0000 3000.0000 3000.0000 100.0000 100.0000 3000.0000 3000.0000 100.0000 100.0000 -1.7500 0.2320 0.0000 0.3679 1.0432 0.0028 1.9173 100.0000 47.7146 0.6113 1.0827 49.4086 
57 2615.0000 309.0000 2594.0000 545.0000 2436.0000 318.0000 2489.0000 351.0000 2454.0000 263.0000 2379.0000 568.0000 2669.0000 320.0000 2568.0000 529.0000 2759.0000 413.0000 -2.2090 0.1482 0.0000 0.3592 1.0170 0.0818 1.8891 100.0000 47.6459 0.5041 1.4282 49.5783 
58 2466.0000 304.0000 2641.0000 550.0000 2493.0000 421.0000 2374.0000 367.0000 2590.0000 172.0000 2385.0000 497.0000 2738.0000 365.0000 2600.0000 492.0000 2684.0000 454.0000 -2.2020 0.1530 0.0000 0.3695 1.0306 0.0671 1.8398 100.0000 50.0405 0.5672 1.2597 51.8674 
59 3000.0000 100.0000 3000.0000 3000.0000 100.0000 3000.0000 100.0000 100.0000 3000.0000 3000.0000 3000.0000 100.0000 3000.0000 3000.0000 3000.0000 3000.0000 100.0000 100.0000 -1.8520 0.1607 0.0000 0.3804 1.0421 0.0037 1.8727 100.0000 47.3547 0.6236 1.3965 49.3748 
60 100.0000 100.0000 3000.0000 3000.0000 100.0000 100.0000 3000.0000 100.0000 3000.0000 3000.0000 100.0000 100.0000 3000.0000 3000.0000 3000.0000 100.0000 3000.0000 3000.0000 -1.6790 0.0887 0.0000 0.3730 1.0209 0.0032 1.8851 100.0000 48.5696 0.6943 1.2866 50.5505 
61 2604.0000 244.0000 2659.0000 536.0000 2450.0000 373.0000 2461.0000 292.0000 2512.0000 219.0000 2557.0000 653.0000 2659.0000 391.0000 2419.0000 528.0000 2654.0000 386.0000 -2.1500 0.1685 0.0000 0.3649 0.9962 0.0654 1.9190 100.0000 48.5064 0.5135 1.1859 50.2058 
62 3000.0000 100.0000 3000.0000 3000.0000 100.0000 3000.0000 3000.0000 100.0000 3000.0000 100.0000 100.0000 3000.0000 3000.0000 3000.0000 3000.0000 3000.0000 100.0000 100.0000 -1.4920 0.0524 0.0000 0.3733 1.0070 0.0031 1.9161 100.0000 48.6463 0.8132 1.5856 51.0451 
63 100.0000 100.0000 3000.0000 3000.0000 3000.0000 100.0000 100.0000 100.0000 3000.0000 3000.0000 3000.0000 100.0000 3000.0000 100.0000 3000.0000 3000.0000 3000.0000 3000.0000 -1.6780 0.0537 0.0000 0.3674 0.9852 0.0031 1.9859 100.0000 49.1096 0.6466 1.6191 51.3752 
64 3000.0000 3000.0000 100.0000 3000.0000 3000.0000 3000.0000 100.0000 100.0000 3000.0000 3000.0000 3000.0000 100.0000 3000.0000 100.0000 100.0000 100.0000 3000.0000 3000.0000 -1.6080 0.0662 0.0000 0.3601 0.9636 0.0018 1.7421 100.0000 48.3982 0.7043 1.4996 50.6021 
65 2508.0000 344.0000 2623.0000 469.0000 2429.0000 306.0000 2471.0000 369.0000 2462.0000 272.0000 2362.0000 523.0000 2582.0000 501.0000 2722.0000 441.0000 2810.0000 391.0000 -2.1730 0.1552 0.0000 0.3535 0.9432 0.0786 1.9337 100.0000 48.8962 0.5227 1.1660 50.5849 
66 2476.0000 262.0000 2534.0000 617.0000 2464.0000 302.0000 2468.0000 227.0000 2547.0000 419.0000 2431.0000 457.0000 2687.0000 318.0000 2647.0000 581.0000 2722.0000 445.0000 -2.2260 0.1086 0.0000 0.3621 0.9534 0.0751 1.9144 100.0000 49.6361 0.5727 1.3420 51.5508 
67 2439.0000 334.0000 2477.0000 575.0000 2409.0000 215.0000 2467.0000 349.0000 2562.0000 302.0000 2511.0000 466.0000 2774.0000 435.0000 2541.0000 553.0000 2808.0000 416.0000 -2.2340 0.1677 0.0000 0.3722 0.9632 0.0643 1.8579 100.0000 49.3459 0.5220 1.2223 51.0902 
68 3000.0000 3000.0000 3000.0000 3000.0000 100.0000 100.0000 100.0000 100.0000 3000.0000 3000.0000 100.0000 3000.0000 3000.0000 100.0000 3000.0000 3000.0000 3000.0000 100.0000 -1.4320 0.2432 0.0000 0.3826 0.9725 0.0038 1.9591 100.0000 49.4242 0.6342 1.4889 51.5473 
69 2445.0000 184.0000 2465.0000 654.0000 2535.0000 341.0000 2508.0000 345.0000 2455.0000 230.0000 2522.0000 463.0000 2631.0000 399.0000 2633.0000 584.0000 2810.0000 462.0000 -2.1890 0.0840 0.0000 0.3786 0.9558 0.0874 0.3709 100.0000 49.9816 0.5460 1.2829 51.8106 
70 2500.0000 179.0000 2681.0000 579.0000 2357.0000 179.0000 2460.0000 400.0000 2625.0000 391.0000 2392.0000 459.0000 2706.0000 420.0000 2575.0000 601.0000 2729.0000 471.0000 -1.9900 0.1714 0.0000 0.3878 0.9656 0.0733 1.9085 100.0000 49.4429 0.5246 1.2857 51.2533 
71 2469.0000 422.0000 2466.0000 554.0000 2504.0000 407.0000 2441.0000 178.0000 2471.0000 267.0000 2503.0000 565.0000 2706.0000 381.0000 2625.0000 479.0000 2771.0000 370.0000 -2.2330 0.1053 0.0000 0.3836 0.9799 0.1070 1.8050 100.0000 48.8120 0.5115 1.1601 50.4835 
72 2520.0000 439.0000 2520.0000 552.0000 2526.0000 335.0000 2434.0000 140.0000 2401.0000 197.0000 2510.0000 502.0000 2710.0000 448.0000 2646.0000 554.0000 2706.0000 475.0000 -2.1410 0.0875 0.0000 0.3931 0.9895 0.0703 1.8893 100.0000 47.8104 0.5109 1.3951 49.7163 
73 100.0000 100.0000 100.0000 3000.0000 3000.0000 3000.0000 3000.0000 100.0000 3000.0000 100.0000 3000.0000 3000.0000 100.0000 100.0000 100.0000 100.0000 3000.0000 3000.0000 -1.9440 0.2380 0.0000 0.3984 1.0004 0.0049 1.8520 100.0000 49.0993 0.5617 1.3039 50.9648 
74 100.0000 100.0000 3000.0000 3000.0000 3000.0000 3000.0000 100.0000 100.0000 100.0000 100.0000 3000.0000 100.0000 3000.0000 3000.0000 3000.0000 100.0000 100.0000 3000.0000 -1.9080 0.1139 0.0000 0.3935 0.9888 0.0033 1.7615 100.0000 49.5614 0.5124 1.2814 51.3552 
75 1810.0000 100.0000 100.0000 3000.0000 3000.0000 3000.0000 3000.0000 100.0000 3000.0000 100.0000 3000.0000 3000.0000 100.0000 100.0000 100.0000 100.0000 3000.0000 3000.0000 -1.1880 0.2794 0.0000 0.3883 0.9761 0.0160 0.9094 100.0000 49.2641 0.6497 1.3081 51.2220 
76 100.0000 3000.0000 100.0000 3000.0000 3000.0000 3000.0000 100.0000 100.0000 3000.0000 100.0000 3000.0000 3000.0000 3000.0000 3000.0000 3000.0000 100.0000 100.0000 3000.0000 -1.2900 0.0571 0.0000 0.3864 0.9747 0.0048 1.9363 100.0000 49.9209 0.6423 1.6675 52.2307 
77 3000.0000 100.0000 100.0000 100.0000 3000.0000 3000.0000 3000.0000 100.0000 100.0000 3000.0000 100.0000 100.0000 3000.0000 100.0000 3000.0000 3000.0000 3000.0000 3000.0000 -2.0080 0.2065 0.0000 0.3866 0.9663 0.0044 1.9153 100.0000 50.0430 0.6244 1.3130 51.9804 
78 3000.0000 100.0000 100.0000 100.0000 3000.0000 3000.0000 3000.0000 100.0000 100.0000 3000.0000 100.0000 100.0000 3000.0000 1329.0000 3000.0000 3000.0000 3000.0000 3000.0000 -1.9350 0.0837 0.0000 0.3839 0.9619 0.0319 0.5525 100.0000 50.0955 0.7518 1.4624 52.3096 
79 3000.0000 100.0000 100.0000 100.0000 3000.0000 3000.0000 1762.0000 100.0000 100.0000 3000.0000 100.0000 100.0000 3000.0000 126.0000 3000.0000 3000.0000 3000.0000 3000.0000 -1.6400 0.1756 0.0000 0.3840 0.9586 0.0121 1.8382 100.0000 49.6353 0.7528 1.2590 51.6471 
80 100.0000 100.0000 3000.0000 3000.0000 3000.0000 3000.0000 100.0000 100.0000 100.0000 100.0000 3000.0000 100.0000 3000.0000 3000.0000 3000.0000 2004.0000 100.0000 3000.0000 -2.0690 0.1428 0.0000 0.3782 0.9478 0.0097 1.4529 100.0000 49.1930 0.5630 1.3487 51.1047 
81 100.0000 100.0000 3000.0000 3000.0000 3000.0000 3000.0000 100.0000 100.0000 100.0000 1044.0000 3000.0000 100.0000 3000.0000 3000.0000 3000.0000 1835.0000 100.0000 3000.0000 -1.8840 0.1794 0.0000 0.3788 0.9501 0.0384 0.4372 100.0000 49.9931 0.6219 1.3269 51.9419 
82 100.0000 100.0000 3000.0000 3000.0000 3000.0000 3000.0000 100.0000 100.0000 100.0000 100.0000 3000.0000 100.0000 3000.0000 3000.0000 3000.0000 2999.0000 100.0000 3000.0000 -2.2300 0.2689 0.0000 0.3785 0.9472 0.0438 0.5604 100.0000 49.7266 0.5670 1.3038 51.5974 
83 100.0000 100.0000 3000.0000 2567.0000 3000.0000 3000.0000 100.0000 100.0000 100.0000 100.0000 3000.0000 100.0000 3000.0000 3000.0000 3000.0000 3000.0000 100.0000 3000.0000 -2.3760 0.1893 0.0000 0.3873 0.9625 0.0786 0.3230 100.0000 49.0908 0.6215 1.3303 51.0427 
84 100.0000 100.0000 3000.0000 2442.0000 3000.0000 3000.0000 100.0000 100.0000 100.0000 100.0000 3000.0000 100.0000 3000.0000 3000.0000 3000.0000 3000.0000 100.0000 3000.0000 -2.2370 0.1474 0.0000 0.3992 0.9780 0.0982 0.2252 100.0000 49.5423 0.5340 1.2876 51.3638 
85 100.0000 100.0000 3000.0000 2624.0000 3000.0000 3000.0000 100.0000 100.0000 100.0000 100.0000 3000.0000 100.0000 3000.0000 2678.0000 3000.0000 3000.0000 100.0000 3000.0000 -2.1830 0.1718 0.0000 0.4034 0.9809 0.0814 0.2301 100.0000 50.2824 0.7136 1.3342 52.3301 
86 471.0000 100.0000 3000.0000 2616.0000 3000.0000 3000.0000 100.0000 100.0000 100.0000 100.0000 3000.0000 100.0000 3000.0000 3000.0000 3000.0000 3000.0000 100.0000 3000.0000 -2.1570 0.2139 0.0000 0.4099 0.9873 0.0932 0.3152 100.0000 49.9671 0.5807 1.2709 51.8186 
87 100.0000 100.0000 3000.0000 2622.0000 2802.0000 2899.0000 100.0000 100.0000 338.0000 100.0000 2853.0000 201.0000 2905.0000 3000.0000 3000.0000 3000.0000 177.0000 2872.0000 -2.1980 0.1538 0.0000 0.4158 0.9934 0.0649 0.2393 100.0000 50.4724 0.6236 1.3104 52.4063 
88 100.0000 187.0000 3000.0000 2597.0000 3000.0000 3000.0000 514.0000 124.0000 100.0000 100.0000 3000.0000 100.0000 3000.0000 3000.0000 2909.0000 3000.0000 100.0000 3000.0000 -2.0770 0.2377 0.0000 0.4241 0.9994 0.0869 0.5103 100.0000 50.2170 0.6322 1.5006 52.3499 
89 100.0000 100.0000 2532.0000 2628.0000 3000.0000 3000.0000 100.0000 100.0000 100.0000 100.0000 3000.0000 100.0000 3000.0000 3000.0000 3000.0000 3000.0000 100.0000 3000.0000 -2.4870 0.0962 0.0000 0.4266 1.0057 0.0770 0.6012 100.0000 49.2773 0.6024 1.3089 51.1885 
90 100.0000 100.0000 2325.0000 2621.0000 3000.0000 3000.0000 100.0000 100.0000 100.0000 100.0000 3000.0000 100.0000 3000.0000 3000.0000 3000.0000 3000.0000 100.0000 3000.0000 -2.6310 0.0798 0.0000 0.4355 1.0204 0.2107 0.9348 100.0000 50.1041 0.5659 1.2916 51.9616 
91 100.0000 100.0000 2090.0000 2606.0000 3000.0000 3000.0000 100.0000 100.0000 100.0000 100.0000 3000.0000 100.0000 3000.0000 3000.0000 3000.0000 3000.0000 100.0000 3000.0000 -2.6930 0.1051 0.0000 0.4503 1.0352 0.2302 0.3670 100.0000 49.5799 0.6126 1.4214 51.6139 
92 100.0000 100.0000 1953.0000 2594.0000 3000.0000 3000.0000 100.0000 100.0000 100.0000 100.0000 3000.0000 100.0000 3000.0000 3000.0000 3000.0000 3000.0000 100.0000 3000.0000 -2.5060 0.1310 0.0000 0.4709 1.0407 0.2328 0.3356 100.0000 49.9162 0.5663 1.4172 51.8997 
93 100.0000 100.0000 2097.0000 2630.0000 3000.0000 3000.0000 100.0000 100.0000 100.0000 100.0000 3000.0000 423.0000 3000.0000 3000.0000 3000.0000 3000.0000 100.0000 3000.0000 -2.6590 0.0356 0.0000 0.4751 1.0250 0.1637 0.2759 100.0000 49.8837 0.5335 1.3544 51.7716 
94 100.0000 100.0000 2070.0000 2463.0000 3000.0000 3000.0000 100.0000 100.0000 100.0000 100.0000 3000.0000 441.0000 3000.0000 3000.0000 3000.0000 3000.0000 100.0000 3000.0000 -2.3290 0.0926 0.0000 0.4928 1.0219 0.1598 0.3198 100.0000 49.7744 0.5539 1.3156 51.6439 
95 100.0000 100.0000 2072.0000 2933.0000 3000.0000 3000.0000 100.0000 100.0000 100.0000 100.0000 3000.0000 100.0000 3000.0000 3000.0000 3000.0000 3000.0000 100.0000 3000.0000 -2.8240 0.0948 0.0000 0.4884 1.0195 0.2585 0.4915 100.0000 51.2415 0.5672 1.5414 53.3501 
96 100.0000 100.0000 1972.0000 3000.0000 3000.0000 3000.0000 100.0000 100.0000 100.0000 100.0000 3000.0000 100.0000 3000.0000 3000.0000 3000.0000 3000.0000 100.0000 3000.0000 -2.8470 0.0950 0.0000 0.5014 1.0220 0.3360 0.4868 100.0000 49.5779 0.5676 1.3264 51.4719 
97 100.0000 100.0000 1902.0000 3000.0000 3000.0000 3000.0000 100.0000 100.0000 100.0000 100.0000 3000.0000 100.0000 3000.0000 3000.0000 3000.0000 3000.0000 100.0000 3000.0000 -2.7020 0.0925 0.0000 0.5181 1.0181 0.8213 1.9749 100.0000 50.4699 0.5704 1.3587 52.3991 
98 100.0000 100.0000 1974.0000 3000.0000 3000.0000 3000.0000 100.0000 100.0000 100.0000 100.0000 3000.0000 100.0000 3000.0000 3000.0000 3000.0000 3000.0000 377.0000 3000.0000 -2.8200 0.0736 0.0000 0.5320 1.0084 0.3114 0.5430 100.0000 52.5139 0.5680 1.3308 54.4127 
99 100.0000 100.0000 1921.0000 3000.0000 3000.0000 3000.0000 100.0000 100.0000 100.0000 100.0000 3000.0000 100.0000 3000.0000 3000.0000 3000.0000 3000.0000 421.0000 3000.0000 -2.6920 0.0668 0.0000 0.5525 1.0041 0.2223 0.3428 100.0000 50.1140 0.6071 1.5416 52.2627 
100 100.0000 3000.0000 3000.0000 100.0000 100.0000 3000.0000 3000.0000 3000.0000 100.0000 100.0000 3000.0000 3000.0000 100.0000 100.0000 3000.0000 3000.0000 3000.0000 3000.0000 -1.7340 0.1255 0.0000 0.5660 0.9996 0.0281 1.6729 100.0000 49.8527 0.6853 1.6188 52.1568 
101 100.0000 100.0000 1663.0000 3000.0000 3000.0000 3000.0000 100.0000 100.0000 100.0000 100.0000 3000.0000 100.0000 3000.0000 3000.0000 3000.0000 3000.0000 100.0000 3000.0000 -2.7420 0.0874 0.0000 0.5585 0.9810 0.2604 0.4750 100.0000 49.2068 0.5431 1.3744 51.1244 
102 100.0000 100.0000 1921.0000 3000.0000 3000.0000 3000.0000 100.0000 409.0000 100.0000 100.0000 3000.0000 100.0000 3000.0000 3000.0000 3000.0000 3000.0000 142.0000 3000.0000 -2.7440 0.0872 0.0000 0.5799 0.9819 0.2021 0.3665 100.0000 50.3408 0.6214 1.4406 52.4027 
103 100.0000 100.0000 1897.0000 3000.0000 3000.0000 3000.0000 100.0000 100.0000 100.0000 100.0000 3000.0000 100.0000 3000.0000 3000.0000 3000.0000 3000.0000 139.0000 2675.0000 -2.7250 0.0830 0.0000 0.5987 0.9793 0.2218 0.3798 100.0000 50.6598 0.5660 1.3205 52.5463 
104 100.0000 100.0000 1869.0000 3000.0000 2659.0000 3000.0000 100.0000 100.0000 100.0000 100.0000 3000.0000 100.0000 3000.0000 3000.0000 3000.0000 3000.0000 140.0000 3000.0000 -2.8080 0.0947 0.0000 0.6171 0.9776 0.2260 0.4260 100.0000 49.5847 0.5563 1.5361 51.6772 
105 100.0000 100.0000 3000.0000 3000.0000 3000.0000 100.0000 3000.0000 3000.0000 100.0000 100.0000 3000.0000 3000.0000 3000.0000 100.0000 100.0000 100.0000 3000.0000 100.0000 -1.3950 0.3327 0.0000 0.6375 0.9760 0.0470 1.7888 100.0000 50.1383 0.5256 1.2507 51.9145 
106 100.0000 100.0000 1795.0000 3000.0000 2606.0000 3000.0000 100.0000 100.0000 100.0000 100.0000 3000.0000 100.0000 3000.0000 3000.0000 3000.0000 3000.0000 167.0000 3000.0000 -2.6990 0.0944 0.0000 0.6422 0.9741 0.1970 0.3301 100.0000 51.2333 0.5382 1.3977 53.1692 
107 100.0000 100.0000 1829.0000 3000.0000 2926.0000 3000.0000 100.0000 100.0000 100.0000 100.0000 3000.0000 100.0000 3000.0000 3000.0000 2648.0000 3000.0000 125.0000 3000.0000 -2.8050 0.0917 0.0000 0.6561 0.9745 0.3862 1.0178 100.0000 50.4269 0.5322 1.2239 52.1830 
108 100.0000 100.0000 1790.0000 3000.0000 2944.0000 3000.0000 100.0000 100.0000 100.0000 100.0000 2730.0000 100.0000 3000.0000 3000.0000 2743.0000 3000.0000 119.0000 3000.0000 -2.6000 0.0920 0.0000 0.6765 0.9732 0.1879 0.3172 100.0000 50.9502 0.5828 1.3298 52.8628 
109 100.0000 100.0000 1818.0000 3000.0000 2922.0000 2620.0000 100.0000 100.0000 100.0000 100.0000 3000.0000 100.0000 3000.0000 3000.0000 3000.0000 3000.0000 141.0000 3000.0000 -2.5620 0.0332 0.0000 0.6866 0.9762 0.4688 1.5774 100.0000 50.5067 0.6027 1.5055 52.6149 
110 100.0000 504.0000 1829.0000 3000.0000 2906.0000 3000.0000 100.0000 134.0000 100.0000 100.0000 3000.0000 100.0000 3000.0000 3000.0000 2984.0000 3000.0000 179.0000 3000.0000 -2.8010 0.1257 0.0000 0.6946 0.9798 0.3556 1.1595 100.0000 50.7720 0.6061 1.3409 52.7189 
111 100.0000 508.0000 1744.0000 3000.0000 2891.0000 3000.0000 100.0000 313.0000 100.0000 100.0000 3000.0000 100.0000 3000.0000 3000.0000 2999.0000 3000.0000 260.0000 3000.0000 -2.8590 0.1364 0.0000 0.7137 0.9788 0.2387 0.5165 100.0000 49.3815 0.5810 1.3096 51.2721 
112 100.0000 559.0000 1664.0000 3000.0000 2900.0000 3000.0000 100.0000 360.0000 100.0000 100.0000 3000.0000 100.0000 3000.0000 3000.0000 3000.0000 3000.0000 296.0000 3000.0000 -2.8640 0.1406 0.0000 0.7320 0.9803 0.2010 0.4155 100.0000 50.9540 0.6294 1.3148 52.8982 
113 100.0000 585.0000 1613.0000 3000.0000 2910.0000 3000.0000 100.0000 379.0000 100.0000 100.0000 3000.0000 100.0000 3000.0000 3000.0000 3000.0000 3000.0000 313.0000 3000.0000 -2.7920 0.1376 0.0000 0.7496 0.9819 0.1435 0.2797 100.0000 49.8435 0.5849 1.3549 51.7833 
114 100.0000 651.0000 1600.0000 3000.0000 2968.0000 3000.0000 100.0000 152.0000 100.0000 100.0000 3000.0000 100.0000 3000.0000 3000.0000 3000.0000 3000.0000 305.0000 3000.0000 -2.8430 0.1239 0.0000 0.7633 0.9823 0.1502 0.3225 100.0000 50.7966 0.8113 1.5012 53.1091 
115 100.0000 666.0000 1559.0000 3000.0000 2992.0000 3000.0000 100.0000 246.0000 100.0000 100.0000 3000.0000 100.0000 3000.0000 3000.0000 3000.0000 3000.0000 149.0000 3000.0000 -2.6890 0.1201 0.0000 0.7801 0.9830 0.1554 0.2952 100.0000 49.6802 0.5793 1.3457 51.6052 
116 100.0000 462.0000 1659.0000 3000.0000 2812.0000 3000.0000 100.0000 305.0000 100.0000 100.0000 3000.0000 100.0000 3000.0000 3000.0000 3000.0000 3000.0000 559.0000 3000.0000 -2.7590 0.0868 0.0000 0.7881 0.9840 0.1612 0.3716 100.0000 50.1863 0.6178 1.3127 52.1168 
117 100.0000 458.0000 1687.0000 3000.0000 2898.0000 3000.0000 100.0000 280.0000 100.0000 100.0000 3000.0000 100.0000 2658.0000 3000.0000 3000.0000 3000.0000 330.0000 3000.0000 -2.6480 0.0359 0.0000 0.8017 0.9848 0.2110 0.4861 100.0000 50.1184 0.5780 1.6974 52.3937 
118 100.0000 403.0000 1610.0000 3000.0000 2744.0000 3000.0000 100.0000 622.0000 100.0000 100.0000 3000.0000 100.0000 3000.0000 3000.0000 3000.0000 3000.0000 183.0000 3000.0000 -2.5920 0.0751 0.0000 0.8120 0.9878 0.1578 0.4118 100.0000 50.6755 0.6473 1.5260 52.8488 
119 100.0000 598.0000 1738.0000 3000.0000 3000.0000 3000.0000 100.0000 100.0000 100.0000 100.0000 3000.0000 100.0000 3000.0000 3000.0000 3000.0000 3000.0000 530.0000 3000.0000 -2.7380 0.1626 0.0000 0.8160 0.9915 0.3484 0.9375 100.0000 51.8079 0.5624 1.3035 53.6737 
120 100.0000 533.0000 1627.0000 3000.0000 3000.0000 3000.0000 100.0000 100.0000 100.0000 100.0000 3000.0000 100.0000 3000.0000 3000.0000 3000.0000 3000.0000 354.0000 2616.0000 -2.7170 0.1191 0.0000 0.8280 0.9931 0.1621 0.4264 100.0000 51.2482 0.6436 1.5148 53.4067 
121 489.0000 462.0000 1598.0000 3000.0000 3000.0000 3000.0000 100.0000 100.0000 100.0000 100.0000 3000.0000 100.0000 3000.0000 3000.0000 3000.0000 3000.0000 327.0000 3000.0000 -2.6610 0.0782 0.0000 0.8401 0.9945 0.3909 1.7176 100.0000 51.8972 0.6940 1.4728 54.0640 
122 100.0000 699.0000 1787.0000 3000.0000 2633.0000 3000.0000 100.0000 100.0000 100.0000 100.0000 3000.0000 100.0000 3000.0000 3000.0000 3000.0000 3000.0000 194.0000 3000.0000 -2.8800 0.1522 0.0000 0.8505 0.9969 0.3357 1.3968 100.0000 50.0785 0.5679 1.3053 51.9517 
123 100.0000 797.0000 1732.0000 3000.0000 2528.0000 3000.0000 100.0000 100.0000 100.0000 100.0000 3000.0000 100.0000 3000.0000 3000.0000 3000.0000 3000.0000 178.0000 3000.0000 -2.8290 0.1560 0.0000 0.8611 0.9990 0.1854 0.4532 100.0000 50.6164 0.5780 1.3421 52.5366 
124 100.0000 795.0000 1641.0000 3000.0000 2434.0000 3000.0000 100.0000 100.0000 100.0000 100.0000 3000.0000 100.0000 3000.0000 3000.0000 3000.0000 3000.0000 301.0000 3000.0000 -2.7230 0.1243 0.0000 0.8729 1.0014 0.2067 0.5231 100.0000 50.8585 0.5723 1.3178 52.7485 
125 100.0000 756.0000 1776.0000 3000.0000 2796.0000 3000.0000 100.0000 100.0000 100.0000 100.0000 3000.0000 100.0000 3000.0000 3000.0000 2663.0000 3000.0000 100.0000 3000.0000 -2.7350 0.1228 0.0000 0.8824 1.0031 0.1976 0.4959 100.0000 54.7725 0.6255 1.3785 56.7765 
126 100.0000 1042.0000 1766.0000 3000.0000 2947.0000 3000.0000 100.0000 100.0000 100.0000 100.0000 3000.0000 100.0000 3000.0000 3000.0000 3000.0000 3000.0000 100.0000 3000.0000 -2.4890 0.2365 0.0000 0.8940 1.0046 0.1446 0.4299 100.0000 51.7848 0.6202 1.5520 53.9570 
127 100.0000 381.0000 1547.0000 3000.0000 2482.0000 3000.0000 100.0000 100.0000 100.0000 100.0000 3000.0000 100.0000 3000.0000 3000.0000 2814.0000 3000.0000 537.0000 3000.0000 -2.3650 0.0763 0.0000 0.8919 1.0083 0.2428 0.6284 100.0000 51.5551 0.7004 1.2731 53.5286 
128 100.0000 504.0000 1947.0000 3000.0000 2791.0000 3000.0000 100.0000 100.0000 100.0000 100.0000 3000.0000 100.0000 3000.0000 3000.0000 3000.0000 3000.0000 100.0000 3000.0000 -2.7960 0.1570 0.0000 0.8695 1.0182 0.2049 1.2424 100.0000 50.5892 0.5685 1.3426 52.5003 
129 3000.0000 3000.0000 100.0000 100.0000 100.0000 3000.0000 3000.0000 3000.0000 100.0000 3000.0000 3000.0000 3000.0000 3000.0000 100.0000 3000.0000 3000.0000 100.0000 3000.0000 -1.6710 0.0503 0.0000 0.8790 1.0212 0.0441 1.0282 100.0000 50.6941 0.7502 1.7966 53.2409 
130 100.0000 411.0000 1322.0000 3000.0000 3000.0000 3000.0000 100.0000 100.0000 100.0000 100.0000 3000.0000 100.0000 3000.0000 3000.0000 3000.0000 3000.0000 100.0000 3000.0000 -2.6270 0.0915 0.0000 0.8770 1.0044 0.1290 0.7891 100.0000 50.0865 0.5736 1.3651 52.0253 
131 100.0000 523.0000 1923.0000 3000.0000 2767.0000 3000.0000 100.0000 261.0000 100.0000 100.0000 3000.0000 100.0000 3000.0000 3000.0000 3000.0000 3000.0000 100.0000 2674.0000 -2.6700 0.1638 0.0000 0.8801 1.0099 0.1591 0.6664 100.0000 51.2670 0.5745 1.4716 53.3131 
132 100.0000 568.0000 2003.0000 3000.0000 3000.0000 3000.0000 100.0000 410.0000 100.0000 100.0000 3000.0000 100.0000 3000.0000 3000.0000 3000.0000 3000.0000 358.0000 3000.0000 -2.3060 0.2441 0.0000 0.8906 1.0132 0.1370 0.8676 100.0000 50.6377 0.7309 1.5572 52.9257 
133 100.0000 3000.0000 3000.0000 3000.0000 3000.0000 3000.0000 3000.0000 3000.0000 100.0000 3000.0000 100.0000 100.0000 3000.0000 100.0000 100.0000 3000.0000 100.0000 3000.0000 -1.9070 0.1062 0.0000 0.8908 1.0218 0.0544 1.1583 100.0000 48.8552 0.5730 1.4766 50.9048 
134 3000.0000 3000.0000 3000.0000 3000.0000 3000.0000 3000.0000 100.0000 3000.0000 100.0000 3000.0000 100.0000 3000.0000 100.0000 100.0000 3000.0000 3000.0000 100.0000 3000.0000 -1.6600 0.0272 0.0000 0.8833 1.0015 0.0539 0.9513 100.0000 48.5853 0.7036 1.7129 51.0018 
135 100.0000 3000.0000 100.0000 100.0000 3000.0000 3000.0000 100.0000 3000.0000 100.0000 100.0000 3000.0000 100.0000 3000.0000 3000.0000 3000.0000 3000.0000 3000.0000 100.0000 -1.7580 0.1684 0.0000 0.8826 0.9858 0.0894 1.5526 100.0000 49.9243 0.7359 1.3788 52.0391 
136 3000.0000 100.0000 3000.0000 100.0000 3000.0000 100.0000 3000.0000 100.0000 100.0000 100.0000 3000.0000 3000.0000 3000.0000 3000.0000 3000.0000 100.0000 3000.0000 100.0000 -1.7610 0.1730 0.0000 0.8794 0.9694 0.1065 1.3534 100.0000 50.1393 0.7263 1.3783 52.2440 
137 100.0000 428.0000 1653.0000 3000.0000 2776.0000 3000.0000 100.0000 100.0000 100.0000 511.0000 3000.0000 100.0000 3000.0000 3000.0000 3000.0000 3000.0000 100.0000 3000.0000 -2.8290 0.0796 0.0000 0.8767 0.9540 0.2520 1.1822 100.0000 51.1736 0.5812 1.3368 53.0916 
138 100.0000 423.0000 1627.0000 3000.0000 2783.0000 3000.0000 100.0000 100.0000 100.0000 554.0000 3000.0000 100.0000 3000.0000 3000.0000 3000.0000 3000.0000 100.0000 3000.0000 -2.8120 0.0732 0.0000 0.8887 0.9537 0.2202 0.6104 100.0000 50.7060 0.5792 1.4161 52.7013 
139 100.0000 420.0000 1638.0000 3000.0000 2777.0000 3000.0000 100.0000 100.0000 100.0000 292.0000 3000.0000 100.0000 3000.0000 2609.0000 3000.0000 3000.0000 100.0000 3000.0000 -2.6330 0.0618 0.0000 0.8981 0.9558 0.2581 0.6524 100.0000 50.8982 0.6436 1.4016 52.9434 
140 100.0000 310.0000 1461.0000 3000.0000 3000.0000 3000.0000 100.0000 100.0000 100.0000 742.0000 3000.0000 100.0000 3000.0000 3000.0000 3000.0000 3000.0000 100.0000 3000.0000 -2.5290 0.0292 0.0000 0.9065 0.9584 0.2818 1.5774 100.0000 50.3695 0.6484 1.4663 52.4842 
141 3000.0000 100.0000 3000.0000 100.0000 100.0000 100.0000 100.0000 100.0000 3000.0000 100.0000 3000.0000 100.0000 3000.0000 3000.0000 3000.0000 3000.0000 3000.0000 100.0000 -1.1430 0.1246 0.0000 0.9071 0.9626 0.1344 1.8692 100.0000 50.0248 0.5220 1.2525 51.7993 
142 100.0000 439.0000 1647.0000 3000.0000 2722.0000 3000.0000 511.0000 100.0000 100.0000 100.0000 3000.0000 100.0000 3000.0000 3000.0000 3000.0000 3000.0000 100.0000 3000.0000 -2.7540 0.0664 0.0000 0.9239 0.9754 0.2593 1.1759 100.0000 50.0377 0.7638 1.3531 52.1546 
143 100.0000 3000.0000 100.0000 3000.0000 3000.0000 3000.0000 3000.0000 100.0000 100.0000 3000.0000 3000.0000 100.0000 3000.0000 3000.0000 3000.0000 3000.0000 100.0000 3000.0000 -1.6400 0.1287 0.0000 0.9354 0.9748 0.1019 1.3972 100.0000 49.3704 0.6973 1.6654 51.7330 
144 100.0000 100.0000 100.0000 100.0000 3000.0000 100.0000 3000.0000 100.0000 3000.0000 100.0000 3000.0000 3000.0000 3000.0000 100.0000 3000.0000 100.0000 3000.0000 100.0000 -1.7550 0.1891 0.0000 0.9326 0.9622 0.1334 1.4586 100.0000 50.9188 0.4735 1.2543 52.6467 
145 3000.0000 3000.0000 3000.0000 3000.0000 3000.0000 3000.0000 3000.0000 3000.0000 100.0000 3000.0000 100.0000 3000.0000 3000.0000 3000.0000 100.0000 3000.0000 100.0000 100.0000 -1.6780 0.0710 0.0000 0.9299 0.9465 0.0896 1.4336 100.0000 50.9118 0.7440 1.8356 53.4914 
146 3000.0000 3000.0000 3000.0000 3000.0000 100.0000 100.0000 100.0000 3000.0000 100.0000 3000.0000 3000.0000 100.0000 3000.0000 100.0000 100.0000 3000.0000 100.0000 3000.0000 -1.9420 0.1033 0.0000 0.9291 0.9316 0.0712 1.3553 100.0000 50.2039 0.6177 1.6498 52.4714 
147 100.0000 3000.0000 3000.0000 100.0000 100.0000 3000.0000 3000.0000 3000.0000 3000.0000 3000.0000 100.0000 100.0000 100.0000 3000.0000 100.0000 3000.0000 100.0000 3000.0000 -0.8500 0.1052 0.0000 0.9218 0.9160 0.0706 1.1645 100.0000 50.6176 0.5880 1.2929 52.4985 
148 3000.0000 100.0000 100.0000 3000.0000 3000.0000 100.0000 3000.0000 3000.0000 100.0000 3000.0000 100.0000 3000.0000 100.0000 100.0000 3000.0000 3000.0000 3000.0000 3000.0000 -1.5380 0.0865 0.0000 0.9608 0.9471 0.0822 1.4536 100.0000 51.0806 0.6689 1.5014 53.2508 
149 3000.0000 3000.0000 3000.0000 3000.0000 3000.0000 100.0000 100.0000 3000.0000 100.0000 100.0000 3000.0000 3000.0000 3000.0000 100.0000 100.0000 3000.0000 100.0000 3000.0000 -1.4930 0.2645 0.0000 0.9649 0.9345 0.0767 1.0746 100.0000 51.6443 0.7046 1.7028 54.0517 
150 100.0000 406.0000 1544.0000 3000.0000 2557.0000 3000.0000 100.0000 100.0000 100.0000 100.0000 3000.0000 100.0000 3000.0000 3000.0000 3000.0000 3000.0000 100.0000 2535.0000 -2.5960 0.1162 0.0000 0.9666 0.9230 0.3474 1.3106 100.0000 50.4204 0.6315 1.2326 52.2845 
151 3000.0000 3000.0000 100.0000 3000.0000 3000.0000 100.0000 3000.0000 100.0000 100.0000 100.0000 3000.0000 100.0000 3000.0000 100.0000 3000.0000 3000.0000 3000.0000 100.0000 -1.5980 0.1128 0.0000 0.9703 0.9266 0.1296 1.7651 100.0000 50.8954 0.6144 1.4141 52.9239 
152 3000.0000 100.0000 3000.0000 100.0000 100.0000 100.0000 100.0000 3000.0000 100.0000 3000.0000 3000.0000 3000.0000 3000.0000 3000.0000 3000.0000 100.0000 100.0000 100.0000 -1.2990 0.1653 0.0000 0.9704 0.9125 0.1011 1.5756 100.0000 51.7659 0.5790 1.3694 53.7144 
153 100.0000 3000.0000 3000.0000 100.0000 3000.0000 3000.0000 100.0000 100.0000 100.0000 3000.0000 3000.0000 3000.0000 100.0000 100.0000 3000.0000 3000.0000 3000.0000 100.0000 -0.2090 0.0314 0.0000 0.9851 0.9075 0.1058 1.3135 100.0000 51.5810 0.6172 1.5550 53.7532 
154 100.0000 473.0000 1624.0000 3000.0000 2753.0000 3000.0000 100.0000 100.0000 100.0000 100.0000 2440.0000 100.0000 3000.0000 3000.0000 3000.0000 3000.0000 100.0000 3000.0000 -2.3300 0.1324 0.0000 1.0539 0.9883 0.3486 1.3558 100.0000 52.0786 0.5912 1.4597 54.1294 
155 675.0000 349.0000 1691.0000 3000.0000 2668.0000 3000.0000 100.0000 100.0000 100.0000 100.0000 3000.0000 100.0000 3000.0000 3000.0000 3000.0000 3000.0000 100.0000 3000.0000 -2.4580 0.0304 0.0000 1.0385 1.0047 0.1626 0.9766 100.0000 51.4068 0.5828 1.3719 53.3616 
156 3000.0000 3000.0000 3000.0000 3000.0000 100.0000 3000.0000 3000.0000 3000.0000 100.0000 3000.0000 3000.0000 3000.0000 3000.0000 100.0000 100.0000 100.0000 100.0000 3000.0000 -2.6580 0.0709 0.0000 1.0372 1.0114 0.0567 0.8680 100.0000 50.8309 0.6942 1.6547 53.1799 
157 3000.0000 3000.0000 3000.0000 3000.0000 100.0000 3000.0000 3000.0000 3000.0000 100.0000 3000.0000 1819.0000 3000.0000 3000.0000 100.0000 100.0000 100.0000 100.0000 3000.0000 -1.7970 0.1746 0.0000 1.0302 1.0326 0.0647 0.4100 100.0000 49.7807 0.6777 1.7225 52.1810 
158 3000.0000 3000.0000 3000.0000 3000.0000 100.0000 3000.0000 3000.0000 3000.0000 1805.0000 3000.0000 3000.0000 3000.0000 3000.0000 100.0000 100.0000 100.0000 100.0000 3000.0000 -1.9870 0.0595 0.0000 1.0014 1.0422 0.0665 0.4303 100.0000 50.5097 0.7329 1.8024 53.0451 
159 3000.0000 3000.0000 3000.0000 3000.0000 100.0000 3000.0000 3000.0000 3000.0000 100.0000 3000.0000 3000.0000 3000.0000 3000.0000 1928.0000 100.0000 100.0000 100.0000 3000.0000 -2.1990 0.1778 0.0000 1.0001 1.0364 0.0700 0.5863 100.0000 49.4906 0.7262 1.7147 51.9316 
160 1063.0000 3000.0000 3000.0000 3000.0000 100.0000 3000.0000 3000.0000 3000.0000 100.0000 3000.0000 3000.0000 3000.0000 3000.0000 100.0000 100.0000 100.0000 100.0000 3000.0000 -1.8250 0.1349 0.0000 1.0038 1.0318 0.0831 0.7607 100.0000 49.4571 0.7995 1.6312 51.8877 
161 3000.0000 3000.0000 3000.0000 3000.0000 100.0000 3000.0000 3000.0000 3000.0000 100.0000 3000.0000 3000.0000 877.0000 3000.0000 100.0000 100.0000 100.0000 100.0000 3000.0000 -1.6760 0.1044 0.0000 1.0000 1.0265 0.0798 0.6930 100.0000 50.0725 0.8005 1.6121 52.4850 
162 100.0000 100.0000 100.0000 3000.0000 3000.0000 3000.0000 100.0000 3000.0000 3000.0000 100.0000 3000.0000 100.0000 3000.0000 3000.0000 100.0000 3000.0000 100.0000 3000.0000 -1.5090 0.1333 0.0000 0.9932 1.0215 0.1424 1.5225 100.0000 52.1985 0.6761 1.3898 54.2644 
163 3000.0000 3000.0000 3000.0000 3000.0000 100.0000 3000.0000 3000.0000 3000.0000 100.0000 3000.0000 3000.0000 3000.0000 486.0000 100.0000 100.0000 100.0000 100.0000 3000.0000 -1.6320 0.1214 0.0000 0.9925 1.0105 0.0984 0.9771 100.0000 51.2820 0.6874 1.6675 53.6369 
164 100.0000 315.0000 1633.0000 3000.0000 3000.0000 3000.0000 662.0000 100.0000 100.0000 100.0000 3000.0000 100.0000 3000.0000 3000.0000 3000.0000 3000.0000 100.0000 3000.0000 -2.4160 0.1157 0.0000 0.9901 1.0034 0.2975 1.4441 100.0000 51.4215 0.6051 1.5437 53.5703 
165 3000.0000 3000.0000 100.0000 3000.0000 3000.0000 100.0000 3000.0000 3000.0000 100.0000 3000.0000 3000.0000 3000.0000 3000.0000 3000.0000 100.0000 3000.0000 100.0000 3000.0000 -1.9500 0.0880 0.0000 0.9865 1.0112 0.0935 1.4014 100.0000 50.6701 0.7712 1.6554 53.0968 
166 3000.0000 3000.0000 100.0000 3000.0000 100.0000 3000.0000 3000.0000 3000.0000 100.0000 3000.0000 3000.0000 3000.0000 3000.0000 3000.0000 3000.0000 100.0000 100.0000 3000.0000 -1.5590 0.0581 0.0000 0.9812 0.9999 0.1025 1.3671 100.0000 50.8341 0.7984 1.8780 53.5105 
167 3000.0000 3000.0000 100.0000 100.0000 3000.0000 100.0000 3000.0000 3000.0000 3000.0000 100.0000 3000.0000 3000.0000 100.0000 3000.0000 3000.0000 100.0000 100.0000 3000.0000 -1.3530 0.0155 0.0000 0.9809 0.9880 0.0994 1.5442 100.0000 52.1490 0.8633 1.5624 54.5746 
168 3000.0000 3000.0000 3000.0000 100.0000 100.0000 3000.0000 3000.0000 3000.0000 100.0000 100.0000 3000.0000 3000.0000 3000.0000 3000.0000 100.0000 3000.0000 3000.0000 3000.0000 -1.5800 0.0593 0.0000 0.9903 0.9778 0.1200 1.5712 100.0000 51.0902 0.9114 1.8779 53.8795 
169 100.0000 3000.0000 100.0000 3000.0000 100.0000 100.0000 3000.0000 3000.0000 3000.0000 3000.0000 3000.0000 3000.0000 3000.0000 100.0000 100.0000 3000.0000 100.0000 100.0000 -1.6700 0.1120 0.0000 0.9896 0.9644 0.0791 1.2545 100.0000 49.2467 0.5781 1.5628 51.3876 
170 3000.0000 3000.0000 100.0000 3000.0000 3000.0000 100.0000 3000.0000 100.0000 3000.0000 3000.0000 100.0000 100.0000 3000.0000 3000.0000 100.0000 3000.0000 100.0000 3000.0000 -1.7910 0.0878 0.0000 0.9873 0.9510 0.0875 1.2620 100.0000 51.3951 0.5707 1.6577 53.6234 
171 3000.0000 3000.0000 3000.0000 3000.0000 100.0000 3000.0000 3000.0000 100.0000 100.0000 3000.0000 3000.0000 3000.0000 3000.0000 100.0000 100.0000 3000.0000 100.0000 3000.0000 -1.1660 0.1643 0.0000 0.9828 0.9386 0.1383 1.2071 100.0000 52.8142 0.6636 1.9011 55.3789 
172 3000.0000 3000.0000 100.0000 3000.0000 3000.0000 100.0000 100.0000 3000.0000 3000.0000 3000.0000 100.0000 3000.0000 3000.0000 100.0000 100.0000 3000.0000 100.0000 3000.0000 -1.8120 0.1053 0.0000 0.9795 0.9339 0.0758 1.0414 100.0000 50.5003 0.6652 1.5059 52.6714 
173 3000.0000 100.0000 3000.0000 3000.0000 3000.0000 100.0000 3000.0000 100.0000 3000.0000 100.0000 100.0000 100.0000 3000.0000 100.0000 3000.0000 100.0000 3000.0000 100.0000 -2.1860 0.2291 0.0000 0.9758 0.9230 0.1190 0.8807 100.0000 49.4211 0.5994 1.2868 51.3074 
174 100.0000 100.0000 3000.0000 3000.0000 3000.0000 100.0000 3000.0000 100.0000 3000.0000 100.0000 100.0000 100.0000 3000.0000 100.0000 3000.0000 100.0000 3000.0000 100.0000 -1.8950 0.2532 0.0000 0.9741 0.9194 0.1126 0.9831 100.0000 48.7521 0.5217 1.1751 50.4489 
175 3000.0000 100.0000 100.0000 3000.0000 3000.0000 100.0000 3000.0000 100.0000 3000.0000 100.0000 100.0000 100.0000 3000.0000 3000.0000 3000.0000 100.0000 3000.0000 100.0000 -1.6520 0.1286 0.0000 0.9733 0.9124 0.0823 1.0033 100.0000 49.5253 0.4781 1.5880 51.5915 
176 3000.0000 3000.0000 3000.0000 3000.0000 3000.0000 100.0000 100.0000 3000.0000 100.0000 100.0000 100.0000 100.0000 3000.0000 3000.0000 3000.0000 100.0000 3000.0000 3000.0000 -1.7690 0.2101 0.0000 0.9723 0.9032 0.1167 1.4277 100.0000 49.2838 0.5837 1.5895 51.4570 
177 3000.0000 100.0000 3000.0000 597.0000 3000.0000 100.0000 3000.0000 100.0000 3000.0000 100.0000 100.0000 2460.0000 3000.0000 100.0000 3000.0000 100.0000 3000.0000 100.0000 -1.5670 0.0916 0.0000 0.9684 0.8923 0.1406 0.8452 100.0000 50.5493 0.6217 1.2102 52.3812 
178 100.0000 100.0000 3000.0000 3000.0000 100.0000 3000.0000 3000.0000 3000.0000 100.0000 100.0000 100.0000 100.0000 3000.0000 100.0000 3000.0000 3000.0000 3000.0000 100.0000 -1.4690 0.0941 0.0000 0.9633 0.8872 0.1079 1.5345 100.0000 50.3531 0.4530 1.2021 52.0082 
179 3000.0000 100.0000 3000.0000 3000.0000 3000.0000 100.0000 100.0000 100.0000 3000.0000 100.0000 100.0000 100.0000 3000.0000 100.0000 100.0000 100.0000 3000.0000 100.0000 -1.5910 0.1017 0.0000 0.9661 0.8780 0.1317 1.4522 100.0000 49.4056 0.4247 0.9891 50.8193 
180 3000.0000 100.0000 100.0000 3000.0000 3000.0000 100.0000 100.0000 100.0000 100.0000 3000.0000 3000.0000 100.0000 100.0000 3000.0000 3000.0000 3000.0000 100.0000 3000.0000 -1.4470 0.2269 0.0000 0.9660 0.8696 0.1411 1.4281 100.0000 49.4878 0.5150 1.4062 51.4090 
181 100.0000 3000.0000 100.0000 3000.0000 3000.0000 100.0000 3000.0000 3000.0000 3000.0000 3000.0000 100.0000 100.0000 3000.0000 100.0000 100.0000 3000.0000 3000.0000 3000.0000 -1.5130 0.1302 0.0000 0.9677 0.8618 0.0871 1.1388 100.0000 51.7377 0.6074 1.6430 53.9881 
182 3000.0000 3000.0000 3000.0000 3000.0000 3000.0000 3000.0000 100.0000 3000.0000 100.0000 3000.0000 3000.0000 3000.0000 3000.0000 3000.0000 100.0000 100.0000 100.0000 3000.0000 -2.0000 0.1013 0.0000 0.9682 0.8519 0.1121 0.9585 100.0000 49.4931 0.6868 1.8030 51.9829 
183 3000.0000 3000.0000 3000.0000 3000.0000 3000.0000 3000.0000 100.0000 3000.0000 3000.0000 3000.0000 100.0000 3000.0000 3000.0000 3000.0000 100.0000 100.0000 100.0000 3000.0000 -1.7590 0.1952 0.0000 0.9662 0.8469 0.1110 1.2022 100.0000 50.7188 0.7431 1.7930 53.2550 
184 100.0000 3000.0000 3000.0000 3000.0000 3000.0000 100.0000 100.0000 3000.0000 3000.0000 3000.0000 100.0000 100.0000 3000.0000 3000.0000 3000.0000 3000.0000 100.0000 100.0000 -1.9430 0.0307 0.0000 0.9646 0.8388 0.1069 1.2662 100.0000 50.7716 0.6142 1.5743 52.9602 
185 100.0000 3000.0000 100.0000 3000.0000 3000.0000 100.0000 100.0000 3000.0000 100.0000 3000.0000 3000.0000 100.0000 3000.0000 3000.0000 100.0000 3000.0000 100.0000 100.0000 -1.3900 0.1729 0.0000 0.9579 0.8319 0.1224 1.2111 100.0000 49.6972 0.5107 1.2970 51.5049 
186 3000.0000 100.0000 3000.0000 3000.0000 3000.0000 100.0000 3000.0000 100.0000 3000.0000 100.0000 3000.0000 100.0000 3000.0000 100.0000 3000.0000 100.0000 3000.0000 100.0000 -1.8490 0.0297 0.0000 0.9590 0.8241 0.1696 1.1022 100.0000 49.8169 0.5811 1.4320 51.8300 
187 3000.0000 100.0000 100.0000 100.0000 3000.0000 3000.0000 100.0000 3000.0000 3000.0000 3000.0000 100.0000 3000.0000 3000.0000 3000.0000 3000.0000 3000.0000 100.0000 3000.0000 -1.2210 0.2439 0.0000 0.9568 0.8199 0.1616 1.7054 100.0000 48.7376 0.7224 1.5052 50.9653 
188 3000.0000 100.0000 3000.0000 100.0000 100.0000 100.0000 3000.0000 100.0000 100.0000 100.0000 3000.0000 100.0000 3000.0000 100.0000 3000.0000 100.0000 3000.0000 3000.0000 -1.1050 0.2550 0.0000 0.9655 0.8156 0.1811 1.3598 100.0000 49.3649 0.5483 1.2144 51.1276 
189 3000.0000 100.0000 3000.0000 3000.0000 3000.0000 3000.0000 3000.0000 100.0000 3000.0000 3000.0000 100.0000 100.0000 100.0000 3000.0000 3000.0000 100.0000 100.0000 100.0000 -1.5500 0.2006 0.0000 0.9699 0.8168 0.1188 1.5801 100.0000 50.3638 0.6327 1.7059 52.7024 
190 100.0000 3000.0000 3000.0000 3000.0000 3000.0000 100.0000 3000.0000 100.0000 3000.0000 100.0000 100.0000 3000.0000 100.0000 3000.0000 100.0000 100.0000 3000.0000 100.0000 -1.6750 0.0837 0.0000 0.9709 0.8083 0.1511 1.5559 100.0000 50.7023 0.5722 1.2200 52.4945 
191 100.0000 3000.0000 3000.0000 3000.0000 100.0000 3000.0000 100.0000 3000.0000 100.0000 100.0000 3000.0000 100.0000 3000.0000 3000.0000 3000.0000 3000.0000 100.0000 3000.0000 -1.6830 0.0912 0.0000 0.9689 0.7997 0.1785 1.3963 100.0000 50.0692 0.5548 1.4109 52.0349 
192 3000.0000 3000.0000 3000.0000 3000.0000 3000.0000 100.0000 100.0000 3000.0000 3000.0000 3000.0000 3000.0000 3000.0000 100.0000 3000.0000 100.0000 3000.0000 100.0000 3000.0000 -1.0750 0.1131 0.0000 0.9667 0.7929 0.1484 1.3166 100.0000 50.0904 0.7665 1.8748 52.7317 
193 3000.0000 3000.0000 100.0000 3000.0000 3000.0000 3000.0000 100.0000 3000.0000 100.0000 100.0000 100.0000 3000.0000 3000.0000 3000.0000 100.0000 100.0000 3000.0000 100.0000 -1.1870 0.1155 0.0000 0.9721 0.7907 0.1256 1.3366 100.0000 50.6140 0.5202 1.3601 52.4944 
194 3000.0000 3000.0000 3000.0000 3000.0000 2613.0000 3000.0000 3000.0000 3000.0000 100.0000 3000.0000 3000.0000 3000.0000 3000.0000 468.0000 100.0000 100.0000 100.0000 3000.0000 -1.7130 0.1314 0.0000 0.9807 0.7866 0.1481 0.7387 100.0000 50.0444 0.8236 1.8281 52.6962 
195 100.0000 100.0000 100.0000 100.0000 3000.0000 100.0000 3000.0000 100.0000 3000.0000 100.0000 3000.0000 100.0000 3000.0000 100.0000 3000.0000 3000.0000 3000.0000 100.0000 -0.9490 0.1037 0.0000 0.9759 0.7822 0.1605 1.1787 100.0000 50.5336 0.4586 1.2072 52.1995 
196 3000.0000 3000.0000 3000.0000 3000.0000 100.0000 3000.0000 3000.0000 100.0000 3000.0000 100.0000 3000.0000 100.0000 100.0000 100.0000 3000.0000 100.0000 3000.0000 100.0000 -1.2160 0.1373 0.0000 0.9757 0.7868 0.1928 1.7744 100.0000 50.2129 0.5997 1.3935 52.2060 
197 100.0000 3000.0000 3000.0000 3000.0000 3000.0000 100.0000 3000.0000 3000.0000 100.0000 3000.0000 100.0000 3000.0000 3000.0000 3000.0000 3000.0000 3000.0000 100.0000 3000.0000 -1.7620 0.2029 0.0000 0.9848 0.7820 0.1036 1.0372 100.0000 50.1907 0.6657 2.0423 52.8988 
198 100.0000 3000.0000 3000.0000 3000.0000 3000.0000 100.0000 100.0000 3000.0000 3000.0000 3000.0000 100.0000 100.0000 3000.0000 100.0000 3000.0000 100.0000 100.0000 3000.0000 -1.7490 0.0290 0.0000 0.9824 0.7755 0.1144 0.9103 100.0000 49.9292 0.5187 1.3970 51.8449 
199 3000.0000 3000.0000 3000.0000 3000.0000 3000.0000 3000.0000 100.0000 3000.0000 100.0000 3000.0000 100.0000 100.0000 3000.0000 3000.0000 3000.0000 3000.0000 100.0000 3000.0000 -1.3120 0.1535 0.0000 0.9800 0.7691 0.0765 0.5760 100.0000 49.1723 0.7312 1.9562 51.8596 
122 100.0000 699.0000 1787.0000 3000.0000 2633.0000 3000.0000 100.0000 100.0000 100.0000 100.0000 3000.0000 100.0000 3000.0000 3000.0000 3000.0000 3000.0000 194.0000 3000.0000 -2.8800 0.1522 0.0000 0.8505 0.9969 0.3357 1.3968 100.0000 50.0785 0.5679 1.3053 51.9517 
