0 0.1451 2.6648 2.5840 2.8525 1.2294 0.2073 0.8975 0.1000 2.9131 2.9853 -2.1780 0.5960 0.2677 1.1592 0.0000 0.0000 0.0000 0.0000 0.0000 0.0000 0.0000 
1 0.1451 2.6648 2.5840 2.8525 1.2294 0.2073 0.8975 0.1000 2.8144 0.3541 -0.9700 0.1333 0.2677 1.1592 0.0000 0.0000 0.0000 0.0000 0.0000 0.0000 0.0000 
2 0.1451 2.6648 2.5840 2.8525 1.2294 0.2073 0.8975 0.1000 1.9007 1.3889 0.1760 0.0172 0.2677 1.1592 0.0000 0.0000 0.0000 0.0000 0.0000 0.0000 0.0000 
3 0.1451 2.6648 2.5840 2.8525 1.2294 0.2073 0.8975 0.1000 1.7123 0.4963 -0.4620 0.0967 0.2677 1.1592 0.0000 0.0000 0.0000 0.0000 0.0000 0.0000 0.0000 
4 0.1451 2.6648 2.5840 2.8525 1.2294 0.2073 0.8975 0.1000 0.6840 1.4522 0.1110 0.0291 0.2677 1.1592 0.0000 0.0000 0.0000 0.0000 0.0000 0.0000 0.0000 
5 0.1451 2.6648 2.5840 2.8525 1.2294 0.2073 0.8975 0.1000 0.7723 1.4840 0.0170 0.0210 0.2677 1.1592 0.0000 0.0000 0.0000 0.0000 0.0000 0.0000 0.0000 
6 0.1451 2.6648 2.5840 2.8525 1.2294 0.2073 0.8975 0.1000 0.1753 0.3609 -1.4600 0.3515 0.2677 1.1592 0.0000 0.0000 0.0000 0.0000 0.0000 0.0000 0.0000 
7 0.1451 2.6648 2.5840 2.8525 1.2294 0.2073 0.8975 0.1000 2.2596 1.3813 0.0350 0.0177 0.2677 1.1592 0.0000 0.0000 0.0000 0.0000 0.0000 0.0000 0.0000 
8 0.1451 2.6648 2.5840 2.8525 1.2294 0.2073 0.8975 0.1000 1.6592 2.3332 0.4650 0.0166 0.2677 1.1592 0.0000 0.0000 0.0000 0.0000 0.0000 0.0000 0.0000 
9 0.1451 2.6648 2.5840 2.8525 1.2294 0.2073 0.8975 0.1000 1.1919 0.2751 -1.8030 0.4374 0.2677 1.1592 0.0000 0.0000 0.0000 0.0000 0.0000 0.0000 0.0000 
10 0.1451 2.6648 2.5840 2.8525 1.2294 0.2073 0.8975 0.1000 0.9397 0.1000 -2.2650 0.5949 0.2677 1.1592 0.0009 0.0097 63.0000 10.9406 0.1877 0.3424 11.4707 
11 0.1451 2.6648 2.5840 2.8525 1.2294 0.2073 0.8975 0.1000 0.8765 0.1000 -2.1910 0.5971 0.3788 1.2281 0.0009 0.0091 79.0000 14.2955 0.3008 0.3594 14.9557 
12 0.1451 2.6648 2.5840 2.8525 1.2294 0.2073 0.8975 0.1000 3.0952 3.1038 -2.2580 0.5909 0.3889 1.1119 0.0004 0.0094 80.0000 14.0579 0.1946 0.3841 14.6366 
13 0.1451 2.6648 2.5840 2.8525 1.2294 0.2073 0.8975 0.1000 3.1370 3.1314 -2.2140 0.5727 0.4235 1.0697 0.0004 0.0100 62.0000 13.1594 0.2056 0.3635 13.7285 
14 0.1468 2.6816 2.5966 2.8973 1.2304 0.1655 0.9155 0.1036 3.0779 3.1416 -2.1670 0.5261 0.4205 1.0186 0.0000 0.0100 983.0000 188.4998 0.1944 0.3541 189.0483 
15 0.1424 2.6360 2.5625 2.7754 1.2276 0.2792 0.8664 0.1000 3.1416 3.0606 -2.0930 0.5801 0.4329 1.0190 0.0004 0.0093 62.0000 11.6022 0.1845 0.3662 12.1529 
16 3.1416 0.1000 0.1000 0.1000 3.1416 3.1416 3.1416 3.1416 3.1416 0.1000 0.0720 0.0625 0.4326 0.9976 0.0000 0.0098 209.0000 37.1627 0.1631 0.3470 37.6728 
17 0.1482 2.7050 2.6142 2.9588 1.2314 0.1081 0.9395 0.1000 3.1234 3.0642 -2.1050 0.5190 0.4403 1.0207 0.0001 0.0100 99.0000 17.4624 0.1844 0.4101 18.0569 
18 0.1822 2.6399 2.5578 2.8353 1.2535 0.2271 0.9310 0.1000 2.9794 3.1416 -2.1610 0.5881 0.4529 1.0358 0.0001 0.0098 153.0000 26.9640 0.1825 0.3666 27.5131 
19 0.1000 2.7079 2.6348 2.8481 1.1700 0.2022 0.7978 0.1000 3.0307 3.1416 -2.2220 0.5348 0.4743 1.0760 0.0005 0.0096 91.0000 16.7049 0.1832 0.3853 17.2735 
20 0.1000 2.7021 2.6255 2.8624 1.1854 0.1909 0.8281 0.1000 0.8853 0.1000 -2.2260 0.5638 0.4956 1.1080 0.0001 0.0097 133.0000 23.1072 0.1940 0.4192 23.7204 
21 0.1000 2.7278 2.7119 2.7841 1.1449 0.1923 0.8600 0.1000 3.0525 3.1416 -2.2090 0.5412 0.5140 1.1455 0.0001 0.0099 165.0000 29.9659 0.1778 0.3464 30.4901 
22 0.1000 2.6768 2.6976 2.9174 1.1821 0.2805 0.7846 0.1000 3.0598 3.1416 -2.0340 0.5215 0.5299 1.1766 0.0001 0.0097 156.0000 27.7384 0.1916 0.4301 28.3601 
23 0.1023 2.7635 2.5210 2.6849 1.1607 0.1000 0.9011 0.1000 3.0681 3.1416 -1.8600 0.4551 0.5329 1.2077 0.0005 0.0098 94.0000 16.6966 0.1807 0.4098 17.2871 
24 0.2061 2.5792 2.7289 2.8487 1.2505 0.1979 0.9359 0.1000 3.0524 3.1266 -2.2140 0.5823 0.4841 1.1449 0.0007 0.0098 80.0000 15.6964 0.2987 0.4802 16.4753 
25 0.2310 2.6488 2.7486 2.8522 1.3149 0.2428 0.9609 0.1000 3.0659 3.1416 -2.0900 0.5724 0.4997 1.1770 0.0002 0.0095 117.0000 21.8285 0.1830 0.3938 22.4053 
26 0.1500 2.5101 2.6511 2.8839 1.1527 0.1699 0.9069 0.1000 3.0486 3.1190 -2.2110 0.5434 0.5003 1.1993 0.0006 0.0099 114.0000 21.9036 0.1927 0.3932 22.4895 
27 0.1347 2.5957 2.6528 2.9117 1.1904 0.1980 0.8716 0.1000 0.8882 0.1000 -2.2150 0.5807 0.5120 1.2288 0.0001 0.0093 184.0000 32.3283 0.2129 0.4682 33.0093 
28 0.1200 2.7107 2.5605 2.9531 1.2114 0.2462 0.8693 0.1000 0.8860 0.1000 -2.2610 0.5774 0.5240 1.2575 0.0000 0.0100 329.0000 62.6842 0.1836 0.4035 63.2712 
29 0.1177 2.7199 2.5501 2.9750 1.2116 0.2569 0.8687 0.1000 0.8803 0.1000 -2.2190 0.5673 0.5362 1.2891 0.0006 0.0096 186.0000 33.7623 0.1984 0.3965 34.3571 
30 3.1416 0.1000 3.1416 3.1416 0.1000 3.1416 0.1000 3.1416 0.1000 0.1000 0.4480 0.0382 0.5415 1.3250 0.0002 0.0083 275.0000 50.8101 0.1624 0.3700 51.3425 
31 0.1000 2.4388 2.6405 2.9319 1.1708 0.1975 0.9571 0.1000 3.0957 3.1416 -2.1300 0.4705 0.6110 1.5298 0.0003 0.0099 118.0000 21.5314 0.1720 0.3686 22.0720 
32 0.2818 2.5587 2.6494 2.8915 1.1471 0.1613 0.8340 0.1000 3.0638 3.1194 -2.0620 0.5429 0.6133 1.5575 0.0007 0.0098 92.0000 17.9049 0.1849 0.3993 18.4891 
33 0.1000 3.1416 3.1416 0.1000 0.1000 3.1416 3.1416 3.1416 3.1416 3.1416 -0.1840 0.0737 0.6162 1.5803 0.0006 0.0099 192.0000 33.9809 0.1397 0.3244 34.4451 
34 0.1000 2.7277 2.5875 2.9542 1.2642 0.1634 0.8974 0.1000 0.8710 0.1000 -2.0940 0.5019 0.6218 1.5453 0.0007 0.0097 104.0000 18.6930 0.2461 0.5658 19.5048 
35 0.1637 2.6315 2.5468 2.8413 1.0936 0.3789 0.8092 0.1000 0.8700 0.1000 -2.0000 0.5501 0.6223 1.5742 0.0003 0.0099 87.0000 15.3069 0.2085 0.3805 15.8959 
36 0.2382 2.6804 2.6695 2.9209 1.2390 0.1421 0.8601 0.1000 0.9043 0.1000 -2.1820 0.5366 0.6168 1.5686 0.0005 0.0099 115.0000 21.0420 0.1987 0.4784 21.7191 
37 0.1000 2.6310 2.5881 2.9082 1.1465 0.1000 0.9512 0.1000 0.9021 0.1000 -2.0470 0.4690 0.6296 1.6008 0.0005 0.0099 134.0000 25.4466 0.1951 0.4705 26.1121 
38 0.1352 2.6948 2.6683 2.8915 1.3601 0.2721 0.8063 0.1000 0.8975 0.1000 -2.1820 0.5909 0.6291 1.6240 0.0007 0.0093 93.0000 17.0210 0.2828 0.4984 17.8022 
39 0.1637 2.7725 2.7034 2.8917 1.2733 0.2858 0.8979 0.1000 0.8980 0.1000 -2.1310 0.5873 0.6367 1.6431 0.0008 0.0086 115.0000 20.6039 0.1864 0.4520 21.2424 
40 0.1604 2.6493 2.5486 2.9117 1.3259 0.1886 0.7401 0.1000 0.8952 0.1000 -2.2500 0.5833 0.6453 1.6717 0.0009 0.0086 94.0000 17.8574 0.1896 0.4741 18.5211 
41 0.1634 2.6473 2.5376 2.9132 1.3396 0.1788 0.7198 0.1000 0.8890 0.1000 -2.2420 0.5779 0.6560 1.7177 0.0010 0.0091 98.0000 17.4766 0.1854 0.5027 18.1647 
42 0.1585 2.6460 2.5461 2.9149 1.3360 0.1850 0.7313 0.1665 0.8906 0.1000 -2.2240 0.6040 0.6613 1.7628 0.0008 0.0095 99.0000 17.9797 0.1925 0.4912 18.6633 
43 0.1812 2.6034 2.5267 2.9332 1.3711 0.2074 0.7745 0.1000 0.8872 0.1000 -2.2520 0.6003 0.6681 1.7997 0.0009 0.0090 128.0000 23.0367 0.2023 0.4600 23.6990 
44 0.1396 2.5861 2.5588 2.9654 1.3600 0.2046 0.7373 0.1000 0.8858 0.1000 -2.1190 0.5594 0.6755 1.8450 0.0008 0.0092 105.0000 19.0841 0.1944 0.5043 19.7827 
45 0.2151 2.7212 2.5117 2.8434 1.3275 0.1769 0.7723 0.1000 0.8909 0.1000 -2.1700 0.5890 0.6736 1.8748 0.0007 0.0068 87.0000 15.5754 0.1962 0.5487 16.3203 
46 0.1701 2.6700 2.5645 2.8904 1.3121 0.2045 0.7959 0.2356 0.8971 0.1000 -2.1900 0.5875 0.6793 1.9052 0.0009 0.0086 103.0000 21.0744 0.2010 0.4886 21.7640 
47 0.1240 2.7256 2.6026 2.8949 1.2678 0.1567 0.6734 0.1000 0.8948 0.1000 -2.1080 0.5400 0.6863 1.9365 0.0009 0.0081 116.0000 20.7674 0.1867 0.5728 21.5268 
48 0.2208 2.6158 2.5170 2.8960 1.3751 0.2409 0.8833 0.1000 0.8894 0.1000 -2.2780 0.6315 0.6874 1.9682 0.0010 0.0064 89.0000 15.8244 0.3237 0.6400 16.7881 
49 0.2414 2.6037 2.4991 2.8947 1.4078 0.2484 0.9060 0.1000 0.8799 0.1000 -2.2640 0.6338 0.6947 2.0203 0.0009 0.0078 91.0000 19.0489 0.1974 0.6542 19.9005 
50 0.2456 2.6005 2.4934 2.8936 1.4194 0.2497 0.9116 0.1000 0.8763 0.1000 -2.2170 0.6334 0.7005 2.0679 0.0009 0.0093 84.0000 18.2310 0.3247 0.6380 19.1938 
51 0.2899 2.6307 2.5096 2.9643 1.3551 0.2475 0.8737 0.1000 0.8896 0.1000 -2.3120 0.6315 0.7022 2.1058 0.0010 0.0071 92.0000 16.4186 0.1823 0.5243 17.1251 
52 0.3754 2.6354 2.4813 3.0336 1.3794 0.2566 0.8765 0.1000 0.8700 0.1000 -2.2900 0.6064 0.7050 2.1456 0.0010 0.0084 84.0000 15.7829 0.1907 0.5488 16.5224 
53 0.4107 2.6375 2.4582 3.0641 1.4126 0.2603 0.8808 0.1000 0.8521 0.1000 -2.1430 0.5924 0.7135 2.1927 0.0007 0.0095 99.0000 18.0902 0.1945 0.5748 18.8596 
54 0.3465 2.5507 2.5737 2.9050 1.3387 0.2316 0.8660 0.1000 0.8963 0.1000 -2.0780 0.6003 0.7082 2.2096 0.0010 0.0059 105.0000 22.4213 0.1987 0.4934 23.1133 
55 0.1920 2.7089 2.4025 2.9968 1.4064 0.2868 0.8949 0.1000 0.8904 0.1000 -2.2670 0.5983 0.7114 2.2596 0.0010 0.0079 92.0000 17.7509 0.2506 0.7435 18.7450 
56 0.1730 2.7198 2.3559 3.0017 1.4722 0.3011 0.9063 0.1000 0.8572 0.1000 -2.2050 0.5773 0.7204 2.3073 0.0007 0.0096 93.0000 17.1341 0.2709 0.5900 17.9950 
57 0.2185 2.6823 2.4634 3.0225 1.3494 0.2739 0.8973 0.1835 0.9179 0.1000 -2.3360 0.6359 0.7220 2.3394 0.0010 0.0070 108.0000 19.5152 0.1790 0.5022 20.1965 
58 0.2150 2.6802 2.4506 3.0649 1.3617 0.2920 0.9205 0.2558 0.9103 0.1000 -2.2720 0.6195 0.7179 2.3683 0.0008 0.0069 89.0000 17.1039 0.1965 0.5252 17.8256 
59 0.2615 2.7333 2.3845 3.0149 1.3170 0.2322 0.8888 0.2053 0.9227 0.1000 -2.3910 0.6315 0.7234 2.4097 0.0009 0.0079 111.0000 19.9354 0.1901 0.4907 20.6162 
60 0.3138 2.8072 2.2562 3.0574 1.2995 0.1971 0.8957 0.2898 0.9023 0.1000 -2.1170 0.5796 0.7190 2.4460 0.0008 0.0094 67.0000 13.1294 0.1869 0.5974 13.9137 
61 0.1000 0.1000 0.1000 3.1416 3.1416 0.1000 0.1000 0.1000 3.1416 0.1000 -0.1420 0.0719 0.7136 2.4538 0.0009 0.0059 214.0000 42.3023 0.2030 0.4920 42.9973 
62 0.2429 2.7555 2.4544 3.1416 1.3154 0.3124 0.8614 0.1000 0.9941 0.1000 -2.0660 0.5178 0.7339 2.4283 0.0001 0.0023 190.0000 37.3675 0.1803 0.6956 38.2434 
63 0.2175 2.6927 2.4265 2.9004 1.4524 0.2654 1.0312 0.3658 0.8306 0.1000 -1.6380 0.3637 0.7353 2.4649 0.0009 0.0096 80.0000 18.1827 0.2101 0.5167 18.9095 
64 3.1416 0.1000 0.1000 0.1000 0.1000 0.1000 3.1416 0.1000 0.1000 3.1416 -0.3130 0.0737 0.6086 2.3874 0.0009 0.0073 190.0000 35.9161 0.1764 0.5814 36.6739 
65 3.1416 3.1416 0.1000 0.1000 3.1416 0.1000 0.1000 3.1416 3.1416 3.1416 -0.0250 0.0625 0.6226 2.3558 0.0010 0.0060 218.0000 40.0279 0.1463 0.5393 40.7135 
66 3.1416 3.1416 0.1000 3.1416 0.1000 3.1416 3.1416 0.1000 3.1416 0.1000 0.1260 0.0625 0.6506 2.3652 0.0010 0.0039 225.0000 45.3516 0.2010 0.6924 46.2450 
67 0.1000 2.4638 2.7217 2.8402 1.4761 0.1000 0.8073 0.1000 3.0826 3.1416 -1.9820 0.4460 0.6818 2.3628 0.0009 0.0078 121.0000 25.0716 0.1714 0.5719 25.8149 
68 0.1000 2.6334 2.8006 2.9480 1.0045 0.3757 1.2616 0.1000 3.1416 3.1416 -1.8310 0.4481 0.6851 2.3642 0.0007 0.0093 272.0000 50.9883 0.1762 0.5995 51.7640 
69 0.1000 0.1000 3.1416 0.1000 3.1416 3.1416 0.1000 0.1000 3.1416 3.1416 0.2910 0.0438 0.6803 2.3816 0.0010 0.0029 233.0000 44.6134 0.1642 0.5086 45.2863 
70 0.2400 2.6385 2.3328 3.0291 1.2783 0.1979 0.8297 0.1000 0.8758 0.1000 -2.2940 0.5653 0.7146 2.3690 0.0010 0.0048 107.0000 20.0280 0.1896 0.5366 20.7541 
71 0.1000 2.5936 2.6474 2.9208 1.2198 0.1986 0.9036 0.4290 3.0629 3.1416 -1.7630 0.4471 0.7239 2.4064 0.0008 0.0085 85.0000 16.0385 0.1725 0.6619 16.8729 
72 0.2620 2.6548 2.1875 3.1416 1.2789 0.1473 0.6825 0.1000 0.7566 0.1000 -2.0120 0.4207 0.7258 2.4384 0.0007 0.0097 123.0000 23.8204 0.1800 0.5652 24.5656 
73 0.5959 3.1416 2.4273 3.0476 1.0678 0.1000 0.7437 0.1000 0.7085 0.1000 -0.9430 0.2649 0.7205 2.4604 0.0003 0.0095 129.0000 25.3190 0.1726 0.5582 26.0498 
74 0.1000 0.1000 0.1000 3.1416 3.1416 3.1416 3.1416 3.1416 0.1000 3.1416 0.1400 0.0521 0.6762 2.5146 0.0010 0.0031 223.0000 42.5606 0.1374 0.4448 43.1428 
75 0.2150 2.6101 2.3631 3.0079 1.3150 0.2321 0.8689 0.1269 0.9639 0.1000 -2.3190 0.6071 0.6965 2.4766 0.0009 0.0037 112.0000 21.0610 0.1955 0.5765 21.8330 
76 0.1000 2.4014 3.1416 2.6657 0.9429 0.1000 0.7566 0.1000 3.1416 3.1416 -1.0230 0.2406 0.7030 2.5161 0.0007 0.0097 159.0000 32.8695 0.3181 0.6772 33.8648 
77 0.1000 2.5247 2.3615 3.1416 1.4038 0.3492 1.0094 0.1000 3.0938 3.1416 -1.7650 0.3295 0.6862 2.5732 0.0009 0.0099 153.0000 32.4651 0.1696 0.5659 33.2007 
78 0.2315 2.6379 2.3702 2.9848 1.3108 0.2750 0.8306 0.1516 0.9476 0.1000 -2.3400 0.6235 0.6770 2.5926 0.0010 0.0039 121.0000 25.8234 0.2275 1.0661 27.1170 
79 0.2131 2.5878 2.3716 3.0459 1.2961 0.2519 0.9059 0.1210 0.9110 0.1000 -2.3200 0.5860 0.6806 2.6310 0.0010 0.0058 140.0000 26.4399 0.1888 0.6184 27.2471 
80 0.2300 2.6433 2.3818 3.0117 1.3439 0.1796 0.8631 0.1323 0.9717 0.1000 -2.3480 0.6046 0.6858 2.6719 0.0009 0.0041 105.0000 20.6375 0.1918 0.7501 21.5795 
81 0.2273 2.6196 2.3793 3.0382 1.3340 0.2011 0.8308 0.1807 0.9671 0.1000 -2.3340 0.6250 0.6900 2.7109 0.0009 0.0053 114.0000 20.8819 0.1925 0.6982 21.7725 
82 0.1000 3.1416 2.8875 3.0825 1.6693 0.1000 1.0718 0.1000 3.1416 3.1416 -0.7780 0.1882 0.6937 2.7501 0.0007 0.0098 173.0000 37.9149 0.1799 0.5869 38.6817 
83 0.2352 2.6610 2.3756 2.9627 1.3141 0.2283 0.8714 0.1027 0.9665 0.1000 -2.2620 0.6185 0.6810 2.7988 0.0010 0.0033 143.0000 27.2514 0.2737 0.7873 28.3125 
84 0.2208 2.6177 2.4080 3.0535 1.3012 0.2334 0.8387 0.1856 0.8977 0.1000 -2.3720 0.6297 0.6858 2.8421 0.0008 0.0033 124.0000 25.8707 0.1875 0.6754 26.7336 
85 0.2187 2.6166 2.4100 3.0689 1.3155 0.2007 0.8583 0.1747 0.9007 0.1000 -2.3260 0.6118 0.6875 2.8793 0.0010 0.0039 116.0000 24.3414 0.2680 0.8191 25.4284 
86 0.2247 2.6123 2.3740 3.0391 1.3187 0.2825 0.8095 0.1915 0.9152 0.1000 -2.3380 0.6265 0.6912 2.9202 0.0009 0.0035 107.0000 21.3887 0.1943 0.6327 22.2158 
87 0.2060 2.5424 2.3225 3.1105 1.3400 0.2468 0.8473 0.1876 0.9445 0.1000 -2.3420 0.5910 0.6946 2.9597 0.0010 0.0053 92.0000 17.2794 0.1937 0.7691 18.2422 
88 0.1422 2.6071 2.3410 3.0580 1.2958 0.2453 0.8232 0.2026 0.9435 0.1000 -2.3120 0.5805 0.7012 3.0024 0.0010 0.0044 112.0000 22.0821 0.1908 0.6002 22.8731 
89 0.2236 2.5760 2.3618 3.1045 1.3764 0.1808 0.8687 0.1534 0.9351 0.1000 -2.2900 0.5615 0.7057 3.0440 0.0007 0.0053 131.0000 24.9992 0.2312 1.1349 26.3653 
90 0.2567 2.5848 2.3913 3.0556 1.2666 0.2494 0.8398 0.2076 0.9373 0.1000 -2.3350 0.6323 0.7092 3.0842 0.0009 0.0039 118.0000 22.3665 0.1771 0.7728 23.3165 
91 0.2167 2.5744 2.3711 3.0594 1.3200 0.3104 0.8485 0.1468 0.8787 0.1000 -2.3590 0.6030 0.7125 3.1241 0.0008 0.0045 112.0000 22.8888 0.2351 1.0016 24.1256 
92 0.2490 2.5867 2.3347 3.0413 1.3562 0.3013 0.8050 0.1730 0.9332 0.1000 -2.4530 0.6196 0.7159 3.1637 0.0028 0.0088 94.0000 18.7854 0.1845 0.7528 19.7228 
93 0.2553 2.4658 2.1925 3.0994 1.4138 0.4032 0.7485 0.1732 0.9594 0.1000 -2.3370 0.5590 0.7142 3.1932 0.0008 0.0074 95.0000 18.0050 0.1848 0.6880 18.8779 
94 0.1305 2.2535 2.0314 3.1416 1.4578 0.5202 0.7140 0.1000 0.8557 0.1000 -2.0740 0.4149 0.7200 3.2307 0.0005 0.0092 99.0000 22.1078 0.2565 1.0677 23.4320 
95 0.2755 2.5647 2.2783 3.0605 1.4128 0.3237 0.6979 0.2347 0.9925 0.1000 -2.4280 0.6033 0.7253 3.2565 0.0006 0.0038 91.0000 17.6323 0.1833 0.5747 18.3903 
96 0.2812 2.5232 2.2610 3.1263 1.4098 0.3362 0.6583 0.2938 1.0035 0.1000 -2.3560 0.6126 0.7259 3.2933 0.0009 0.0074 96.0000 20.9216 0.1936 0.6337 21.7489 
97 0.2758 2.5721 2.2533 3.0122 1.4190 0.3152 0.7254 0.1842 0.9954 0.1000 -2.2590 0.5894 0.7304 3.3303 0.0010 0.0055 96.0000 18.8166 0.2859 1.3450 20.4475 
98 0.2456 2.5170 2.3349 3.1416 1.3633 0.4011 0.7093 0.2639 0.9141 0.1000 -2.3980 0.6273 0.7347 3.3694 0.0010 0.0046 95.0000 18.0947 0.1766 0.7646 19.0360 
99 0.2952 2.4582 2.2883 3.1416 1.3003 0.3620 0.7281 0.3025 0.9592 0.1000 -2.3500 0.6332 0.7386 3.4067 0.0010 0.0058 111.0000 25.0158 0.1780 0.7084 25.9022 
92 0.2490 2.5867 2.3347 3.0413 1.3562 0.3013 0.8050 0.1730 0.9332 0.1000 -2.4530 0.6196 0.7159 3.1637 0.0028 0.0088 94.0000 18.7854 0.1845 0.7528 19.7228 
