0 0.2866 2.4053 2.2518 3.1416 1.3640 0.3582 0.8336 0.2639 0.9065 0.1000 0.9220 0.1000 2.9131 2.9853 -2.4580 0.6583 0.3022 1.2602 0.0000 0.0000 0.0000 0.0000 0.0000 0.0000 0.0000 
1 0.2866 2.4053 2.2518 3.1416 1.3640 0.3582 0.8336 0.2639 0.9065 0.1000 0.9220 0.1000 2.8144 0.3541 -1.4490 0.2334 0.3022 1.2602 0.0000 0.0000 0.0000 0.0000 0.0000 0.0000 0.0000 
2 0.2866 2.4053 2.2518 3.1416 1.3640 0.3582 0.8336 0.2639 0.9065 0.1000 0.9220 0.1000 1.9007 1.3889 -0.0950 0.0012 0.3022 1.2602 0.0000 0.0000 0.0000 0.0000 0.0000 0.0000 0.0000 
3 0.2866 2.4053 2.2518 3.1416 1.3640 0.3582 0.8336 0.2639 0.9065 0.1000 0.9220 0.1000 1.7123 0.4963 -0.6530 0.0322 0.3022 1.2602 0.0000 0.0000 0.0000 0.0000 0.0000 0.0000 0.0000 
4 0.2866 2.4053 2.2518 3.1416 1.3640 0.3582 0.8336 0.2639 0.9065 0.1000 0.9220 0.1000 0.6840 1.4522 0.1050 0.0003 0.3022 1.2602 0.0000 0.0000 0.0000 0.0000 0.0000 0.0000 0.0000 
5 0.2866 2.4053 2.2518 3.1416 1.3640 0.3582 0.8336 0.2639 0.9065 0.1000 0.9220 0.1000 0.7723 1.4840 0.1290 0.0004 0.3022 1.2602 0.0000 0.0000 0.0000 0.0000 0.0000 0.0000 0.0000 
6 0.2866 2.4053 2.2518 3.1416 1.3640 0.3582 0.8336 0.2639 0.9065 0.1000 0.9220 0.1000 0.1753 0.3609 -1.4930 0.2558 0.3022 1.2602 0.0000 0.0000 0.0000 0.0000 0.0000 0.0000 0.0000 
7 0.2866 2.4053 2.2518 3.1416 1.3640 0.3582 0.8336 0.2639 0.9065 0.1000 0.9220 0.1000 2.2596 1.3813 0.0020 0.0025 0.3022 1.2602 0.0000 0.0000 0.0000 0.0000 0.0000 0.0000 0.0000 
8 0.2866 2.4053 2.2518 3.1416 1.3640 0.3582 0.8336 0.2639 0.9065 0.1000 0.9220 0.1000 1.6592 2.3332 1.1770 0.0029 0.3022 1.2602 0.0000 0.0000 0.0000 0.0000 0.0000 0.0000 0.0000 
9 0.2866 2.4053 2.2518 3.1416 1.3640 0.3582 0.8336 0.2639 0.9065 0.1000 0.9220 0.1000 1.1919 0.2751 -1.6400 0.2874 0.3022 1.2602 0.0000 0.0000 0.0000 0.0000 0.0000 0.0000 0.0000 
10 0.2866 2.4053 2.2518 3.1416 1.3640 0.3582 0.8336 0.2639 0.9065 0.1000 0.9220 0.1000 0.7524 0.1000 -2.3500 0.6129 0.3022 1.2602 0.0001 0.0096 123.0000 38.2349 0.2505 0.3992 38.8846 
11 0.2702 2.4501 2.2861 3.1095 1.2916 0.4058 0.9006 0.2238 0.8616 0.1310 0.9340 0.1173 0.7234 0.1000 -2.4510 0.6214 0.3738 1.3477 0.0000 0.0330 1000.0000 310.1819 0.2639 0.4185 310.8643 
12 0.2864 2.4057 2.2521 3.1413 1.3634 0.3586 0.8342 0.2635 0.9061 0.1003 0.9221 0.1002 3.1416 3.1416 -2.5930 0.7314 0.4013 1.2770 0.0004 0.0099 120.0000 38.3450 0.3186 0.4793 39.1429 
13 0.2467 2.5143 2.3355 3.0636 1.1879 0.4737 0.9964 0.1665 0.7974 0.1754 0.9510 0.1420 0.7145 0.1000 -2.2520 0.5783 0.4241 1.1751 0.0000 0.0098 155.0000 47.4945 0.2442 0.4110 48.1497 
14 0.2865 2.4054 2.2519 3.1415 1.3638 0.3584 0.8338 0.2638 0.9064 0.1001 0.9221 0.1001 3.1416 3.1363 -2.5570 0.7318 0.4269 1.1301 0.0004 0.0097 121.0000 36.9799 0.3349 0.4224 37.7372 
15 0.2829 2.4159 2.2600 3.1340 1.3469 0.3693 0.8493 0.2543 0.8959 0.1073 0.9247 0.1039 3.1416 3.1416 -2.5700 0.7365 0.4279 1.1045 0.0001 0.0099 136.0000 41.1559 0.2438 0.4278 41.8275 
16 0.2923 2.3891 2.2393 3.1416 1.3903 0.3413 0.8096 0.2786 0.9228 0.1000 0.9180 0.1000 3.1416 3.1416 -2.5940 0.7369 0.4362 1.1102 0.0003 0.0099 132.0000 41.0712 0.2887 0.4881 41.8480 
17 0.2943 2.3833 2.2347 3.1416 1.3998 0.3352 0.8009 0.2839 0.9287 0.1000 0.9166 0.1000 3.1416 3.1416 -2.4950 0.7379 0.4492 1.1284 0.0005 0.0097 129.0000 43.0652 0.2409 0.4369 43.7430 
18 3.1401 0.1074 0.1044 0.1050 0.1001 3.1390 3.1358 3.1386 3.1415 3.1414 3.1406 3.1358 3.1411 0.1001 -0.4580 0.0966 0.4541 1.1488 0.0000 0.0098 319.0000 102.8684 0.2612 0.4396 103.5691 
19 0.2753 2.4372 2.2765 3.1416 1.3122 0.3915 0.8810 0.2350 0.8744 0.1000 0.9299 0.1000 3.1416 3.1416 -2.5690 0.7080 0.4306 1.0528 0.0005 0.0099 134.0000 45.7031 0.2599 0.4579 46.4208 
20 0.2431 2.4493 2.2878 3.1416 1.3081 0.3958 0.8589 0.2409 0.9012 0.1000 0.9309 0.1000 3.1416 3.1416 -2.5800 0.7100 0.4438 1.0843 0.0000 0.0100 738.0000 230.2211 0.2229 0.4193 230.8632 
21 0.2821 2.4230 2.2774 3.1416 1.3128 0.4387 0.8591 0.2428 0.8742 0.1000 0.9324 0.1000 3.1416 3.1416 -2.5650 0.7256 0.4564 1.1197 0.0000 0.0098 654.0000 200.8863 0.2176 0.3936 201.4975 
22 3.1416 3.1416 3.1416 0.1000 3.1416 3.1416 0.1000 0.1000 0.1000 3.1416 0.1000 3.1416 3.1416 0.1000 0.2470 0.0470 0.4682 1.1555 0.0000 0.0100 376.0000 115.2796 0.1918 0.3846 115.8561 
23 0.2515 2.4564 2.2780 3.1416 1.3133 0.3327 0.8928 0.2311 0.8905 0.1000 0.9271 0.1000 3.1416 3.1416 -2.5280 0.6819 0.4870 1.2041 0.0002 0.0097 150.0000 45.3249 0.3057 0.4401 46.0707 
24 0.2842 2.4035 2.2738 3.1406 1.3360 0.4719 0.8102 0.2641 0.8974 0.1009 0.9304 0.1000 3.1416 3.1416 -2.5940 0.7556 0.4994 1.2463 0.0003 0.0099 152.0000 46.9683 0.2282 0.4361 47.6325 
25 0.2846 2.4010 2.2758 3.1406 1.3358 0.4883 0.8021 0.2665 0.8989 0.1008 0.9310 0.1000 3.1416 3.1416 -2.6520 0.7586 0.5131 1.2949 0.0004 0.0099 147.0000 45.8935 0.2359 0.4009 46.5303 
26 0.2788 2.3920 2.2919 3.1398 1.3365 0.5853 0.7461 0.2829 0.9172 0.1014 0.9336 0.1000 3.1416 3.1416 -2.5740 0.7601 0.5238 1.3497 0.0004 0.0098 126.0000 37.7320 0.2313 0.4501 38.4134 
27 0.2981 2.3054 2.2208 3.1416 1.2957 0.5240 0.8180 0.2751 0.8483 0.1000 0.9592 0.1000 3.1416 3.1416 -2.5490 0.7171 0.5372 1.3957 0.0001 0.0099 210.0000 64.1469 0.2194 0.3951 64.7614 
28 0.3512 2.4908 2.3357 3.1416 1.4018 0.5212 0.7904 0.2527 0.9094 0.1000 0.8922 0.1000 3.1416 3.1416 -2.4510 0.7577 0.5512 1.4273 0.0003 0.0099 273.0000 84.5434 0.2204 0.4260 85.1897 
29 0.1410 2.3461 2.2435 3.1364 1.2599 0.4511 0.7699 0.2908 0.9507 0.1044 0.9708 0.1000 3.1416 3.1416 -2.4890 0.6745 0.5588 1.4596 0.0005 0.0100 408.0000 123.7974 0.2363 0.4128 124.4464 
30 0.1000 0.1000 3.1416 3.1416 3.1416 0.1000 3.1416 3.1416 0.1000 0.1000 3.1416 3.1416 3.1416 0.1000 -0.4110 0.0805 0.5666 1.4830 0.0002 0.0100 373.0000 112.2818 0.2033 0.3845 112.8696 
31 0.1000 3.1416 0.1000 0.1000 3.1416 0.1000 3.1416 3.1416 3.1416 3.1416 0.1000 0.1000 3.1416 3.1416 -0.4940 0.0915 0.5543 1.3995 0.0002 0.0100 449.0000 137.1749 0.1937 0.4077 137.7764 
32 0.1000 0.1000 0.1000 3.1416 0.1000 3.1416 0.1000 0.1000 3.1416 0.1000 3.1416 0.1000 3.1416 0.1000 0.2360 0.0521 0.5398 1.3170 0.0002 0.0100 406.0000 124.8756 0.3038 0.4531 125.6325 
33 3.1416 0.1000 3.1416 0.1000 0.1000 0.1000 0.1000 3.1416 3.1416 3.1416 0.1000 3.1416 0.1000 3.1416 0.1480 0.0521 0.5515 1.3198 0.0003 0.0099 363.0000 110.8856 0.1917 0.3800 111.4572 
34 3.1416 3.1416 0.1000 0.1000 3.1416 3.1416 3.1416 3.1416 0.1000 0.1000 3.1416 0.1000 0.1000 0.1000 0.3200 0.0470 0.5563 1.2975 0.0003 0.0100 370.0000 116.3738 0.2050 0.3932 116.9721 
35 0.2878 2.3343 2.2591 3.1416 1.3093 0.4180 0.7692 0.2272 0.7626 0.1000 0.8814 0.1000 3.1416 3.1416 -2.5940 0.7155 0.5641 1.2815 0.0002 0.0097 228.0000 70.3974 0.2250 0.4799 71.1023 
36 0.2707 2.2888 2.2500 3.1416 1.3719 0.4452 0.8312 0.1336 0.8229 0.1000 0.9085 0.1000 3.1416 3.1416 -2.4320 0.6012 0.5861 1.3241 0.0001 0.0104 192.0000 60.0833 0.2188 0.4860 60.7880 
37 0.3327 2.4300 2.2411 3.1416 1.2355 0.4078 0.7756 0.4109 0.8042 0.1000 0.9206 0.1000 3.1416 3.1416 -2.3100 0.7441 0.5986 1.3638 0.0005 0.0098 132.0000 40.0883 0.2136 0.4856 40.7874 
38 0.1861 2.3576 2.3243 3.1416 1.4196 0.4774 0.8931 0.2605 0.9747 0.1000 0.9126 0.1000 3.1416 3.1416 -2.4950 0.7015 0.5893 1.3749 0.0003 0.0099 258.0000 80.1732 0.2233 0.6447 81.0412 
39 0.2848 2.4366 2.2152 3.1416 1.3221 0.4384 0.7538 0.1330 0.9730 0.1000 0.9942 0.1000 3.1416 3.1397 -2.3400 0.5516 0.6050 1.4158 0.0006 0.0096 165.0000 50.7647 0.2297 0.4992 51.4936 
40 0.2075 2.3390 2.3504 3.1109 1.3830 0.4329 0.8566 0.3111 0.8280 0.1276 0.8295 0.1000 3.1416 3.1141 -2.4430 0.7753 0.5990 1.4377 0.0003 0.0099 302.0000 92.3176 0.2417 0.5223 93.0816 
41 3.1416 3.1416 0.1000 3.1416 0.1000 0.1000 3.1416 0.1000 0.1000 3.1416 3.1416 3.1416 3.1416 3.1416 -0.0550 0.0625 0.6077 1.4752 0.0008 0.0100 370.0000 114.9826 0.1795 0.4526 115.6147 
42 0.1322 2.5212 2.4153 3.1416 1.3507 0.2084 0.8598 0.1234 0.7821 0.1000 0.7409 0.1000 0.6992 0.1000 -1.7490 0.3724 0.6071 1.4286 0.0001 0.0099 274.0000 83.4842 0.3225 0.5330 84.3398 
43 0.4211 2.3655 2.1433 3.0960 1.2492 0.5990 0.9257 0.3409 0.9558 0.1461 1.1327 0.1206 0.7037 0.1000 -1.3990 0.3930 0.5956 1.4384 0.0003 0.0092 91.0000 27.6190 0.2380 0.5110 28.3680 
44 3.1416 0.1000 3.1416 3.1416 3.1416 3.1416 3.1416 0.1000 3.1416 0.1000 0.1000 3.1416 3.1416 3.1416 0.0300 0.0625 0.4720 1.3305 0.0002 0.0097 415.0000 129.7342 0.1933 0.4812 130.4086 
45 0.1000 0.1000 0.1000 3.1416 3.1416 3.1416 0.1000 3.1416 0.1000 3.1416 3.1416 3.1416 0.1000 3.1416 0.1890 0.0521 0.4710 1.2922 0.0001 0.0056 413.0000 125.1552 0.1678 0.4789 125.8019 
46 0.1000 3.1416 3.1416 0.1000 0.1000 3.1416 3.1416 0.1000 3.1416 3.1416 3.1416 3.1416 0.1000 3.1416 0.1730 0.0534 0.4724 1.2618 0.0003 0.0100 430.0000 139.8153 0.1795 0.4542 140.4490 
47 0.1000 0.1000 3.1416 0.1000 0.1000 0.1000 3.1416 0.1000 0.1000 3.1416 0.1000 0.1000 3.1416 0.1000 0.1020 0.0625 0.4726 1.2296 0.0003 0.0100 387.0000 119.9231 0.2312 0.5746 120.7289 
48 0.2398 2.3898 2.2728 3.1416 1.4021 0.4578 0.8389 0.2933 0.8353 0.1000 1.0033 0.1000 3.1111 3.1416 -2.6330 0.7749 0.4701 1.1932 0.0009 0.0091 533.0000 164.6499 0.2379 0.5406 165.4284 
49 0.2298 2.3948 2.2702 3.1416 1.4231 0.4601 0.8457 0.2999 0.8181 0.1000 1.0299 0.1000 3.1268 3.1416 -2.5690 0.7733 0.4837 1.2271 0.0008 0.0100 236.0000 73.4145 0.2181 0.5434 74.1760 
50 3.1416 0.1000 0.1000 0.1000 3.1416 0.1000 0.1000 0.1000 3.1416 0.1000 3.1416 3.1416 0.1000 0.1000 0.4280 0.0382 0.4927 1.2634 0.0004 0.0100 381.0000 118.9523 0.2302 0.5551 119.7376 
51 3.1416 0.1000 0.1000 0.1000 0.1000 3.1416 0.1000 3.1416 0.1000 0.1000 0.1000 0.1000 3.1416 3.1416 -1.0460 0.1458 0.4985 1.2434 0.0005 0.0100 379.0000 114.3435 0.2027 0.4941 115.0403 
52 3.1416 3.1416 3.1416 3.1416 0.1000 3.1416 3.1416 3.1416 3.1416 3.1416 0.1000 0.1000 0.1000 0.1000 0.8590 0.0250 0.4842 1.1930 0.0004 0.0100 343.0000 110.8816 0.2661 0.5063 111.6541 
53 0.2804 2.3455 2.3446 3.1416 1.3734 0.4343 0.8395 0.2907 0.8630 0.1000 1.0261 0.1000 3.1142 3.1416 -2.5690 0.7762 0.5001 1.1962 0.0010 0.0084 268.0000 83.5163 0.2231 0.5055 84.2450 
54 0.2418 2.3897 2.2499 3.1416 1.4001 0.4642 0.8585 0.2946 0.8462 0.1000 0.9775 0.2042 3.1239 3.1416 -2.5760 0.7571 0.5167 1.2327 0.0010 0.0075 190.0000 61.5187 0.3657 0.5432 62.4275 
55 0.2399 2.4034 2.1880 3.1416 1.4278 0.4854 0.9130 0.3124 0.8435 0.1000 0.9778 0.1000 3.1416 3.1416 -2.6050 0.7761 0.5338 1.2703 0.0010 0.0075 230.0000 72.7045 0.2234 0.5308 73.4587 
56 0.2510 2.3934 2.2238 3.1416 1.4197 0.4715 0.8960 0.3043 0.8462 0.1993 1.0025 0.1000 3.1416 3.1416 -2.6910 0.8195 0.5504 1.3132 0.0010 0.0082 155.0000 48.2012 0.2102 0.5163 48.9277 
57 0.2503 2.3941 2.2131 3.1416 1.4371 0.4739 0.9162 0.3100 0.8401 0.2760 1.0219 0.1000 3.1416 3.1416 -2.5820 0.7663 0.5665 1.3524 0.0010 0.0087 141.0000 43.6292 0.2232 0.5628 44.4151 
58 0.3066 2.3627 2.2066 3.1416 1.4484 0.4703 1.0168 0.3386 0.8696 0.1499 1.0631 0.1000 3.1416 3.1416 -2.5870 0.7817 0.5807 1.3913 0.0009 0.0098 174.0000 56.4329 0.2253 0.5720 57.2303 
59 0.1648 2.4626 2.1537 3.1416 1.5105 0.4629 0.9114 0.3060 0.7652 0.1758 1.0209 0.1000 3.1416 3.1416 -2.5320 0.7729 0.5999 1.4373 0.0006 0.0100 153.0000 47.1773 0.2208 0.5803 47.9784 
60 0.2787 2.3728 2.2348 3.0012 1.4177 0.4758 0.9128 0.3095 0.8626 0.1832 1.0299 0.1000 3.1416 3.1416 -2.3650 0.7673 0.6144 1.4778 0.0010 0.0087 135.0000 44.0709 0.2308 0.6047 44.9064 
61 0.2507 2.3684 2.2461 3.1416 1.4076 0.4544 0.9486 0.3135 0.8556 0.2375 0.9752 0.2699 3.1416 3.1416 -2.3050 0.5614 0.6240 1.5234 0.0007 0.0099 142.0000 44.5593 0.2164 0.5861 45.3618 
62 0.2520 2.3296 2.1797 3.1416 1.5448 0.5218 0.8130 0.3796 0.8464 0.1000 1.0172 0.1000 3.1416 3.1416 -2.5560 0.7855 0.6263 1.5610 0.0010 0.0089 204.0000 66.1847 0.3556 0.7167 67.2570 
63 0.2383 2.4043 2.2382 3.1416 1.4238 0.4663 0.8805 0.2998 0.8317 0.1000 1.0154 0.1000 3.1416 3.0061 -2.5230 0.7298 0.6446 1.6083 0.0010 0.0069 184.0000 59.9502 0.2435 0.5766 60.7703 
64 0.2145 2.4218 2.1121 3.1416 1.4187 0.5556 0.9509 0.3200 0.8512 0.1000 0.8907 0.1000 3.1416 3.1416 -2.3980 0.7345 0.6614 1.6469 0.0010 0.0071 231.0000 72.8319 0.2281 0.5807 73.6407 
65 0.2342 2.3881 2.3433 3.1416 1.5189 0.3565 0.8524 0.3081 0.7807 0.1000 1.1392 0.1000 3.1416 3.1416 -2.3940 0.7216 0.6706 1.6852 0.0010 0.0098 176.0000 55.7023 0.2300 0.5738 56.5061 
66 0.2253 2.3501 2.2443 3.1416 1.4494 0.4967 0.7253 0.3135 0.8452 0.2782 0.9774 0.1000 3.1416 3.1416 -2.4480 0.7864 0.6640 1.7043 0.0010 0.0072 177.0000 57.3547 0.3215 0.5263 58.2025 
67 0.2322 2.3654 2.3195 3.1416 1.3449 0.6525 0.9567 0.3119 0.8158 0.1000 1.1280 0.1000 3.1416 3.1416 -2.3730 0.7227 0.6764 1.7438 0.0009 0.0095 197.0000 62.6054 0.2754 0.9414 63.8222 
68 0.4250 2.2933 2.1717 3.1416 1.5186 0.3765 0.9411 0.3168 0.8554 0.1000 0.9651 0.1000 3.1416 3.1416 -2.2510 0.7139 0.6870 1.7810 0.0010 0.0092 198.0000 64.5382 0.2761 0.6254 65.4396 
69 0.1191 2.4978 2.2321 3.1416 1.4379 0.4258 0.8592 0.3907 0.9412 0.1159 1.0291 0.1000 3.1416 3.1416 -2.3000 0.6728 0.6787 1.8075 0.0010 0.0066 199.0000 63.0041 0.2179 0.5608 63.7828 
70 0.2299 2.3910 2.2437 3.1416 1.3845 0.4661 0.8497 0.2478 0.7980 0.1448 0.9650 0.1000 3.0265 3.1416 -2.6710 0.7827 0.6700 1.8314 0.0010 0.0044 213.0000 70.1072 0.2204 0.5600 70.8876 
71 0.2292 2.3911 2.2435 3.1416 1.3845 0.4665 0.8497 0.2474 0.7967 0.1451 0.9649 0.1000 3.0231 3.1416 -2.6870 0.7825 0.6715 1.8650 0.0010 0.0049 220.0000 69.6687 0.2148 0.7169 70.6005 
72 0.1000 2.4775 2.1569 3.0331 1.3013 0.3907 0.6842 0.1000 0.7644 0.2970 0.9938 0.2131 0.7395 0.1000 -2.1700 0.5841 0.6731 1.8999 0.0001 0.0099 188.0000 61.9735 0.2435 0.5709 62.7879 
73 0.2271 2.3934 2.2435 3.1416 1.3845 0.4668 0.8489 0.2441 0.7915 0.1457 0.9644 0.1000 3.0220 3.1416 -2.6360 0.7803 0.6821 1.9149 0.0010 0.0050 157.0000 48.7771 0.2174 0.6248 49.6193 
74 0.1000 2.3485 2.5125 3.1416 1.3626 0.5594 0.7194 0.1000 0.7652 0.1000 1.0646 0.1000 0.7404 0.1000 -1.5040 0.3882 0.6883 1.9521 0.0000 0.0100 970.0000 316.8164 0.2682 0.6262 317.7109 
75 0.2869 2.6156 1.9882 3.0267 1.2059 0.1925 0.9638 0.2278 0.8661 0.2744 0.7902 0.1979 0.7335 0.1000 -2.1840 0.6252 0.6812 1.9656 0.0004 0.0098 118.0000 38.4132 0.2574 0.6234 39.2940 
76 0.4487 2.5452 2.2748 2.9415 1.3178 0.2926 0.8057 0.2987 0.7665 0.3379 0.7974 0.2317 0.7337 0.1000 -1.6790 0.4936 0.6883 1.9848 0.0001 0.0100 306.0000 99.5883 0.2401 0.6009 100.4293 
77 0.2141 2.3607 2.2246 3.1416 1.3696 0.4491 0.8638 0.2562 0.8072 0.1483 0.9805 0.1000 3.0238 3.1416 -2.6210 0.7724 0.6889 2.0234 0.0010 0.0050 193.0000 62.2681 0.2195 0.5726 63.0602 
78 0.1000 2.4923 2.0151 3.1416 1.2071 0.2639 1.0209 0.1000 0.9541 0.1000 0.9463 0.1000 0.7369 0.1000 -0.8950 0.1966 0.6955 2.0607 0.0009 0.0093 211.0000 69.9356 0.2568 0.6230 70.8153 
79 3.1416 0.1000 3.1416 3.1416 3.1416 0.1000 0.1000 3.1416 3.1416 3.1416 3.1416 0.1000 3.1416 3.1416 -0.2220 0.0737 0.4988 1.8461 0.0007 0.0099 350.0000 113.0081 0.1909 0.5190 113.7180 
80 0.1000 3.1416 0.1000 0.1000 0.1000 0.1000 0.1000 3.1416 0.1000 0.1000 0.1000 3.1416 3.1416 0.1000 0.8660 0.0228 0.4954 1.7921 0.0005 0.0078 380.0000 123.8705 0.2001 0.6381 124.7086 
81 3.1416 0.1000 0.1000 0.1000 3.1416 3.1416 3.1416 0.1000 0.1000 3.1416 0.1000 0.1000 0.1000 3.1416 -0.7520 0.1135 0.5093 1.7882 0.0009 0.0100 367.0000 116.1085 0.2004 0.6014 116.9102 
82 0.1000 3.1416 0.1000 3.1416 3.1416 0.1000 3.1416 0.1000 3.1416 3.1416 0.1000 3.1416 0.1000 0.1000 -0.4190 0.0956 0.5007 1.7279 0.0009 0.0100 411.0000 130.1206 0.1883 0.4735 130.7824 
83 0.1000 3.1416 3.1416 0.1000 3.1416 3.1416 0.1000 3.1416 3.1416 0.1000 3.1416 3.1416 3.1416 3.1416 -0.5560 0.0951 0.4951 1.6763 0.0006 0.0056 517.0000 167.6677 0.1744 0.4990 168.3411 
84 0.1000 0.1000 0.1000 0.1000 0.1000 0.1000 3.1416 3.1416 3.1416 0.1000 3.1416 0.1000 0.1000 3.1416 0.9810 0.0202 0.4883 1.6256 0.0008 0.0100 384.0000 125.3848 0.2179 0.5579 126.1605 
85 3.1416 0.1000 0.1000 3.1416 3.1416 0.1000 0.1000 3.1416 0.1000 3.1416 0.1000 0.1000 3.1416 0.1000 0.2580 0.0521 0.5042 1.6307 0.0010 0.0092 415.0000 135.3011 0.2083 0.6275 136.1370 
86 3.1416 3.1416 0.1000 3.1416 0.1000 3.1416 3.1416 3.1416 0.1000 0.1000 0.1000 3.1416 0.1000 3.1416 0.4750 0.0382 0.5063 1.6008 0.0010 0.0075 369.0000 121.2443 0.1620 0.5378 121.9441 
87 0.1000 0.1000 3.1416 0.1000 3.1416 3.1416 0.1000 3.1416 3.1416 3.1416 0.1000 0.1000 0.1000 0.1000 -0.9060 0.1264 0.5121 1.5803 0.0009 0.0056 443.0000 142.2374 0.2049 0.6416 143.0839 
88 3.1416 3.1416 3.1416 0.1000 0.1000 3.1416 0.1000 3.1416 0.1000 3.1416 3.1416 0.1000 3.1416 3.1416 -0.4610 0.0915 0.5026 1.5337 0.0010 0.0069 400.0000 125.9951 0.1768 0.5414 126.7133 
89 0.1000 3.1416 3.1416 3.1416 3.1416 3.1416 3.1416 0.1000 0.1000 3.1416 3.1416 0.1000 3.1416 3.1416 0.0100 0.0534 0.4962 1.4924 0.0010 0.0081 435.0000 144.0280 0.1783 0.6274 144.8337 
90 0.1000 0.1000 0.1000 0.1000 0.1000 3.1416 0.1000 0.1000 3.1416 3.1416 0.1000 3.1416 3.1416 3.1416 0.9850 0.0180 0.4943 1.4603 0.0010 0.0074 360.0000 120.1008 0.1930 0.5981 120.8919 
91 3.1416 3.1416 3.1416 0.1000 3.1416 0.1000 3.1416 0.1000 3.1416 0.1000 3.1416 0.1000 3.1416 0.1000 0.0260 0.0625 0.5096 1.4639 0.0010 0.0050 462.0000 155.0984 0.2274 0.7069 156.0327 
92 3.1416 0.1000 3.1416 3.1416 0.1000 3.1416 0.1000 3.1416 0.1000 0.1000 3.1416 3.1416 0.1000 0.1000 -0.1350 0.0654 0.5079 1.4340 0.0010 0.0061 478.0000 157.3813 0.1925 0.6377 158.2114 
93 0.2197 2.6013 2.2079 3.1416 1.2578 0.4743 0.8078 0.3567 0.7654 0.1843 0.8000 0.1600 0.7389 0.1000 -2.3920 0.7788 0.5041 1.4018 0.0010 0.0099 200.0000 65.8290 0.2274 0.6873 66.7438 
94 3.1416 3.1416 0.1000 3.1416 3.1416 3.1416 0.1000 0.1000 3.1416 3.1416 3.1416 0.1000 0.1000 3.1416 0.5900 0.0296 0.5166 1.4277 0.0010 0.0041 442.0000 141.9775 0.1782 0.5659 142.7215 
95 0.1000 0.1000 3.1416 0.1000 3.1416 3.1416 3.1416 3.1416 0.1000 0.1000 0.1000 3.1416 0.1000 0.1000 -0.8250 0.1194 0.5260 1.4187 0.0010 0.0037 407.0000 127.9580 0.2034 0.5858 128.7472 
96 0.1000 3.1416 3.1416 0.1000 3.1416 0.1000 0.1000 3.1416 0.1000 3.1416 3.1416 3.1416 0.1000 0.1000 -0.4820 0.0956 0.5159 1.3818 0.0010 0.0042 419.0000 134.6929 0.1843 0.5825 135.4597 
97 3.1416 0.1000 3.1416 0.1000 3.1416 0.1000 3.1416 0.1000 0.1000 3.1416 3.1416 3.1416 0.1000 3.1416 0.0950 0.0625 0.5087 1.3488 0.0010 0.0054 404.0000 132.1958 0.2057 0.6361 133.0377 
98 0.1000 3.1416 0.1000 3.1416 3.1416 3.1416 3.1416 3.1416 3.1416 0.1000 0.1000 3.1416 3.1416 0.1000 0.0530 0.0556 0.5088 1.3268 0.0010 0.0054 434.0000 142.4725 0.1880 0.6100 143.2706 
99 0.1594 2.8245 1.9654 3.1416 1.1295 0.4281 0.7201 0.3447 0.6190 0.4073 0.7018 0.2673 0.6951 0.1000 -1.7630 0.5128 0.5077 1.3038 0.0003 0.0097 178.0000 56.3734 0.2337 0.7652 57.3723 
56 0.2510 2.3934 2.2238 3.1416 1.4197 0.4715 0.8960 0.3043 0.8462 0.1993 1.0025 0.1000 3.1416 3.1416 -2.6910 0.8195 0.5504 1.3132 0.0010 0.0082 155.0000 48.2012 0.2102 0.5163 48.9277 
