  0   1443   2652   1524   1360 -1.8906 0.8541 0.0312 0.1749 0.0000 1.0000 1.0000 0.0000 0.0000 0.0000 0.0000 0.0000 0.0000 0.0000 
  1    256   1263   1883    147 -2.2266 1.2317 0.1094 0.2118 0.0000 1.0000 1.0000 0.0000 0.0000 0.0000 0.0000 0.0000 0.0000 0.0000 
  2    665   1678   1663   1245 -1.5547 0.8474 0.0000 0.1011 0.0000 1.0000 1.0000 0.0000 0.0000 0.0000 0.0000 0.0000 0.0000 0.0000 
  3   1701    584   2357    448 -1.7734 0.4916 0.0000 0.0216 0.0000 1.0000 1.0000 0.0000 0.0000 0.0000 0.0000 0.0000 0.0000 0.0000 
  4   1137   2390    572   1864 -1.5781 0.9702 0.0625 0.1568 0.0000 1.0000 1.0000 0.0000 0.0000 0.0000 0.0000 0.0000 0.0000 0.0000 
  5   2597   2075   1240   2271 -2.0000 0.9764 0.0391 0.1682 0.0000 1.0000 1.0000 0.0000 0.0000 0.0000 0.0000 0.0000 0.0000 0.0000 
  6   1936    850   2463   2847 -1.5547 1.3986 0.0703 0.0033 0.0000 1.0000 1.0000 0.0000 0.0000 0.0000 0.0000 0.0000 0.0000 0.0000 
  7   2188   2836    798    850 -1.7578 0.6889 0.0547 0.1544 0.0000 1.0000 1.0000 0.0000 0.0000 0.0000 0.0000 0.0000 0.0000 0.0000 
  8    938   1055    141   1629 -2.2891 1.4512 0.2656 0.0380 1.6190 1.0000 1.0000 0.0000 0.0000 0.0000 0.0000 0.0000 0.0000 0.0000 
  9   2878    364   2946   2550 -1.1016 0.6589 0.0078 0.0371 0.0000 1.0000 1.0000 0.0000 0.0000 0.0000 0.0000 0.0000 0.0000 0.0000 
 10    488    243    100    604 -1.7031 0.8246 0.0312 0.0781 0.0000 1.0000 1.0000 0.0001 0.0089 36.0000 39.4629 0.0492 0.0019 39.5139 
 11   1195    830    100   1939 -2.0859 1.6697 0.2344 0.0718 1.6667 0.8817 3.5546 0.0003 0.0092 31.0000 34.3040 0.0916 0.0018 34.3975 
 12    100   1302   2318    100 -2.4453 1.0993 0.1484 0.1856 0.0000 1.0282 7.3573 0.0003 0.0085 48.0000 53.1569 0.0971 0.0025 53.2564 
 13    100   1332   2661    100 -1.9844 0.8816 0.0312 0.1800 0.0000 0.7992 5.5546 0.0007 0.0090 42.0000 44.5342 0.0795 0.0016 44.6153 
 14    100    630    100   2705 -1.5547 1.2411 0.0703 0.0038 0.0000 1.2047 8.9472 0.0001 0.0096 51.0000 55.3257 0.0811 0.0017 55.4086 
 15    100   1279   2198    100 -2.1953 1.2450 0.1094 0.1943 0.0000 0.3400 4.3218 0.0009 0.0051 48.0000 53.3269 0.0839 0.0020 53.4128 
 16   1411   1116    100   1243 -2.3125 1.6969 0.3047 0.0243 2.6000 0.5698 3.1502 0.0007 0.0089 34.0000 38.1050 0.0879 0.0021 38.1950 
 17   1952   1021    100   1186 -1.9609 1.8646 0.1406 0.0112 0.0000 0.5791 4.4042 0.0002 0.0092 35.0000 39.2873 0.1131 0.0020 39.4025 
 18   1045   1221    100   1220 -2.1562 1.1565 0.1797 0.0096 0.0000 0.5544 5.9886 0.0007 0.0078 39.0000 43.7989 0.0827 0.0016 43.8832 
 19    100   1788   1998    100 -2.0703 0.6486 0.0078 0.3085 0.0000 0.8145 9.3002 0.0008 0.0100 63.0000 68.3690 0.0935 0.0018 68.4643 
 20    138   1345   2347    107 -2.0234 0.9365 0.0078 0.1890 0.0000 0.1396 1.9148 0.0009 0.0051 31.0000 33.7454 0.0759 0.0015 33.8228 
 21   3000   3000   1619   3000 -1.4688 1.0069 0.0547 0.0754 0.0000 0.7170 5.4819 0.0002 0.0093 49.0000 52.8882 0.3364 0.0018 53.2264 
 22    100    572   1981    100 -2.3516 2.1353 0.3438 0.0944 2.7500 0.9646 6.6415 0.0006 0.0097 50.0000 54.7821 0.0740 0.0019 54.8580 
 23    100    835   2059    100 -2.3906 1.7675 0.3047 0.1304 2.4375 0.2974 0.7117 0.0010 0.0046 49.0000 52.9647 0.0643 0.0018 53.0308 
 24    100    199   2243    100 -2.0781 2.1671 0.2969 0.0505 1.9000 0.8698 4.2447 0.0007 0.0075 60.0000 63.2518 0.0647 0.0016 63.3181 
 25   3000    858    100   3000 -2.3438 1.4400 0.2266 0.0456 2.0714 1.1819 3.5645 0.0010 0.0087 49.0000 54.2343 0.1431 0.0018 54.3792 
 26   3000    283    100   3000 -3.0938 1.3455 0.5156 0.0811 6.6000 1.0585 5.6342 0.0008 0.0026 79.0000 85.6707 0.1485 0.0026 85.8218 
 27   3000    100    100   3000 -2.9609 1.0772 0.3906 0.0826 3.3333 0.6448 4.2876 0.0002 0.0006 91.0000 98.6131 0.1345 0.0019 98.7495 
 28   3000    100    100   2821 -3.1328 1.4074 0.5625 0.1181 5.1429 0.5165 3.6358 0.0006 0.0026 71.0000 77.1182 0.1395 0.0024 77.2601 
 29   3000    100    100   2677 -3.2656 1.2360 0.6250 0.1419 8.0000 1.2041 6.2186 0.0008 0.0031 64.0000 69.9107 0.1063 0.0018 70.0187 
 30   3000    100    100   2439 -3.3516 1.2219 0.7188 0.1579 9.2000 1.0336 4.9511 0.0010 0.0037 66.0000 71.4864 0.1281 0.0026 71.6171 
 31   3000    100    100   2306 -3.3203 1.3690 0.7188 0.1521 15.3333 0.9659 4.4868 0.0009 0.0032 66.0000 72.9483 0.1292 0.0021 73.0797 
 32   3000    100    100   2121 -3.2422 1.5708 0.6875 0.1300 17.6000 1.9095 7.0778 0.0009 0.0035 74.0000 80.8774 0.1147 0.0018 80.9940 
 33   3000    100    100   2175 -3.3047 1.3159 0.6875 0.1376 14.6667 1.9098 10.2394 0.0008 0.0040 73.0000 80.5407 0.1401 0.0022 80.6830 
 34   3000    100    100   2118 -3.3047 1.3474 0.6953 0.1289 17.8000 1.0468 1.1001 0.0004 0.0025 75.0000 83.1948 0.1196 0.0030 83.3175 
 35   3000    100    100   2296 -3.4766 1.0231 0.7422 0.1515 23.7500 1.1834 3.9372 0.0009 0.0021 76.0000 83.2055 0.1196 0.0024 83.3276 
 36   3000    100    100   1663 -3.0938 1.2825 0.4922 0.0439 5.7273 1.5403 5.0975 0.0009 0.0049 68.0000 75.1638 0.1089 0.0024 75.2751 
 37   3000    100    494   2280 -3.4141 0.9689 0.6875 0.1377 11.0000 1.0928 2.7439 0.0009 0.0035 48.0000 53.1098 0.1062 0.0018 53.2178 
 38   3000    100    100    100 -1.6953 1.9773 0.1250 0.0115 0.0000 1.7239 3.0249 0.0007 0.0003 78.0000 86.0391 0.0848 0.0022 86.1262 
 39   3000    100    515   2303 -3.1562 1.4242 0.5859 0.1349 10.7143 1.3656 4.5731 0.0010 0.0045 67.0000 74.5473 0.1241 0.0018 74.6732 
 40   2662    100    100   2336 -3.3516 1.4581 0.7344 0.1355 18.8000 0.9034 1.8517 0.0009 0.0033 107.0000 116.2870 0.1123 0.0020 116.4014 
 41   2779   3000   3000    100 -2.0859 0.8036 0.0391 0.1748 0.0000 1.7547 8.8462 0.0004 0.0092 55.0000 63.5004 0.1820 0.0024 63.6848 
 42   2570    100    100   2351 -3.1016 1.9660 0.6406 0.1289 10.2500 1.8453 8.0743 0.0007 0.0034 57.0000 63.1551 0.0949 0.0019 63.2519 
 43    100   3000    100    100 -1.9062 0.8730 0.0938 0.0530 0.0000 1.8883 3.0001 0.0009 0.0001 100.0000 105.8263 0.0658 0.0017 105.8937 
 44    100   3000   3000    100 -2.3125 0.7362 0.1562 0.1713 0.0000 1.8836 4.6280 0.0009 0.0001 93.0000 100.8010 0.1076 0.0015 100.9102 
 45   3000    100    501   2262 -3.2188 1.4321 0.6484 0.1380 13.8333 1.2384 2.3776 0.0006 0.0060 59.0000 61.3747 0.1035 0.0016 61.4798 
 46   3000    100    100   2332 -3.4375 1.3346 0.7891 0.1542 20.2000 0.9827 1.7116 0.0004 0.0013 87.0000 94.3285 0.0988 0.0016 94.4289 
 47   3000    100    100   2318 -3.2344 1.7872 0.7109 0.1530 15.1667 1.4203 4.2053 0.0007 0.0012 96.0000 99.1019 0.0981 0.0015 99.2015 
 48   3000    100    592   2527 -3.0000 1.2441 0.4219 0.1015 2.8421 1.5297 5.3569 0.0009 0.0055 56.0000 57.2323 0.1084 0.0015 57.3422 
 49   2555    100    100   2254 -2.9062 2.2431 0.5859 0.1218 9.3750 1.7857 6.0844 0.0008 0.0053 55.0000 55.8028 0.0905 0.0015 55.8948 
 50    100   3000   3000   2651 -2.1250 1.0079 0.0781 0.1174 0.0000 1.6148 7.8080 0.0007 0.0096 57.0000 60.7826 0.1462 0.0015 60.9303 
 51   3000    100    571   1890 -3.4219 1.2379 0.7500 0.1116 16.0000 1.6261 8.1681 0.0003 0.0028 59.0000 60.0641 0.0988 0.0015 60.1644 
 52   3000    100    100   2047 -3.4141 1.1422 0.7109 0.1169 11.3750 1.6829 4.1083 0.0010 0.0013 93.0000 100.4414 0.0944 0.0016 100.5374 
 53   3000    100    100   2044 -3.2188 1.4321 0.6250 0.1169 13.3333 1.8436 6.8202 0.0009 0.0026 85.0000 89.9464 0.0938 0.0015 90.0417 
 54   3000    100    100   2063 -3.5312 0.8809 0.7500 0.1200 13.7143 1.2340 1.5610 0.0009 0.0014 84.0000 89.5813 0.0950 0.0016 89.6779 
 55   2999    100    100   1901 -3.3047 1.1899 0.6328 0.0901 8.1000 1.4281 0.9895 0.0009 0.0014 80.0000 85.2086 0.0922 0.0016 85.3024 
 56    100    100   3000   3000 -2.3750 0.7717 0.1797 0.1313 0.0000 1.6976 4.5650 0.0009 0.0002 80.0000 82.3611 0.1067 0.0016 82.4694 
 57   3000    100    683   1831 -3.5625 0.9724 0.8125 0.1036 20.8000 1.7743 5.4225 0.0006 0.0029 52.0000 53.9776 0.1599 0.0016 54.1391 
 58   3000    100    707   1837 -3.4297 1.1446 0.7422 0.1041 10.5556 1.3350 1.5084 0.0006 0.0022 58.0000 63.2035 0.0999 0.0016 63.3051 
 59   3000    100    767   1799 -3.2734 1.6176 0.7109 0.0982 22.7500 1.9117 4.9307 0.0007 0.0027 59.0000 60.6675 0.1005 0.0016 60.7697 
 60   3000    100    876   1691 -3.3125 1.5709 0.7031 0.0827 11.2500 1.7966 5.6908 0.0009 0.0047 59.0000 63.6016 0.1000 0.0017 63.7033 
 61   3000    100    469   1898 -3.2031 1.7694 0.6875 0.1112 14.6667 0.6876 0.8843 0.0009 0.0025 58.0000 61.4853 0.0969 0.0016 61.5838 
 62   3000    487    495   1911 -3.0078 1.8188 0.5859 0.1037 12.5000 1.0777 2.1335 0.0009 0.0050 43.0000 47.6100 0.1036 0.0015 47.7151 
 63   2537    100    815   1866 -3.0312 1.7943 0.6094 0.0726 13.0000 1.3043 4.2810 0.0010 0.0062 42.0000 46.1740 0.0946 0.0016 46.2702 
 64   3000    100    915   2148 -3.2266 0.9640 0.5234 0.0959 5.5833 1.4818 2.7994 0.0008 0.0031 64.0000 68.1614 0.1069 0.0016 68.2699 
 65   3000    100   1106   1460 -3.0938 1.5030 0.5547 0.0514 5.4615 1.1310 2.3206 0.0006 0.0041 52.0000 56.8353 0.1004 0.0016 56.9374 
 66   2062    100    100   2999 -2.6641 1.1225 0.2500 0.0460 2.0000 1.2682 1.9945 0.0010 0.0021 73.0000 80.4383 0.0947 0.0016 80.5346 
 67   3000    100    494   1642 -3.1562 1.5502 0.6016 0.0675 7.7000 1.3493 3.7909 0.0007 0.0024 87.0000 90.5452 0.0930 0.0017 90.6398 
 68   3000    100   1202   1956 -2.7578 1.6023 0.3516 0.0672 3.7500 1.2282 6.1640 0.0010 0.0031 87.0000 93.3865 0.1084 0.0016 93.4966 
 69   3000    100   3000    100 -1.0234 1.3302 0.0312 0.0084 0.0000 1.6104 4.6324 0.0009 0.0001 85.0000 91.5488 0.1091 0.0017 91.6596 
 70    100    100   3000   1539 -1.7422 0.7598 0.0391 0.2945 0.0000 1.7219 7.7030 0.0010 0.0036 70.0000 76.5141 0.0860 0.0017 76.6017 
 71    100   2999    100   2999 -1.5391 1.1481 0.0312 0.0405 0.0000 1.8796 3.4586 0.0010 0.0001 92.0000 99.1963 0.1091 0.0017 99.3070 
 72   2999    100    100   1773 -3.0391 1.4709 0.4922 0.0646 3.7059 1.9579 4.4483 0.0009 0.0012 86.0000 92.9055 0.0903 0.0017 92.9974 
 73   2999    100    876   2999 -2.2109 1.1756 0.0938 0.0171 0.0000 1.9660 5.4951 0.0008 0.0020 77.0000 81.3386 0.1204 0.0017 81.4607 
 74   3000   3000   3000   1770 -2.1250 1.1181 0.1172 0.0507 1.0714 1.8300 9.5844 0.0010 0.0057 66.0000 71.9215 0.1776 0.0017 72.1008 
 75   3000    100    443   2018 -3.1328 1.4862 0.6328 0.1279 10.1250 1.1240 1.9486 0.0005 0.0013 80.0000 87.5742 0.0996 0.0017 87.6755 
 76   3000    708    751   1595 -2.7812 1.7943 0.4688 0.0459 7.5000 1.2930 2.8591 0.0010 0.0060 42.0000 46.3738 0.1052 0.0017 46.4808 
 77   2551    100    405   1863 -3.1797 1.7391 0.6719 0.0783 9.5556 0.9613 0.8128 0.0006 0.0020 42.0000 46.6678 0.0887 0.0017 46.7582 
 78   2048    100    982   1458 -2.7188 2.3455 0.5156 0.0424 5.0769 0.9082 2.3726 0.0010 0.0097 44.0000 48.5970 0.0837 0.0016 48.6823 
 79   3000   3000    100    100 -2.3516 0.9069 0.1875 0.1939 0.0000 1.5271 2.7626 0.0010 0.0001 90.0000 97.1304 0.1066 0.0017 97.2387 
 80   2999   2999    100   2003 -1.3672 0.7381 0.0078 0.0048 0.0000 1.7113 4.3759 0.0008 0.0036 76.0000 82.1577 0.1360 0.0018 82.2955 
 81   3000   3000   1565    100 -1.9219 0.8757 0.0469 0.0718 0.0000 0.6513 2.1610 0.0010 0.0043 60.0000 65.4820 0.1282 0.0017 65.6120 
 82    100    100   1713   3000 -1.6719 0.8206 0.0391 0.0874 0.0000 0.6883 1.5583 0.0010 0.0038 67.0000 72.9884 0.0869 0.0016 73.0770 
 83   1634   3000   3000   3000 -1.9609 1.0772 0.0391 0.1612 0.0000 1.1631 3.9155 0.0009 0.0023 80.0000 87.3137 0.1731 0.0017 87.4886 
 84   1351   3000   3000   1018 -2.4375 0.7520 0.1328 0.2671 1.0625 0.9734 2.6466 0.0010 0.0078 54.0000 59.1087 0.1403 0.0019 59.2509 
 85   3000   1468   1195    100 -1.7500 0.6299 0.0156 0.1919 0.0000 1.4542 6.7643 0.0009 0.0049 48.0000 52.8088 0.1012 0.0017 52.9117 
 86    100   1537   3000   3000 -1.8594 1.1612 0.0547 0.1248 0.0000 1.2825 3.8254 0.0010 0.0020 81.0000 87.6196 0.1295 0.0017 87.7507 
 87   1362   3000   3000    100 -2.0312 0.5817 0.0078 0.1006 0.0000 0.5331 0.8578 0.0010 0.0022 76.0000 82.6459 0.1247 0.0017 82.7723 
 88   2999    100    100   1750 -2.7656 2.0706 0.4297 0.0603 5.0000 1.4222 1.7367 0.0002 0.0010 95.0000 102.3836 0.1567 0.0018 102.5421 
 89   2096   2017   3000   1398 -2.4141 0.9217 0.1484 0.0993 1.0556 1.7343 13.0792 0.0009 0.0094 31.0000 35.0658 0.1416 0.0017 35.2092 
 90   2401    100    100   1980 -3.0312 1.8573 0.5938 0.0809 7.6000 1.4793 1.9672 0.0008 0.0018 72.0000 77.5480 0.0838 0.0017 77.6335 
 91   3000    100    735   1387 -3.0391 1.4394 0.5078 0.0361 7.2222 1.6086 8.8574 0.0010 0.0028 73.0000 79.5630 0.0923 0.0017 79.6570 
 92   2999    540    100   2152 -3.1172 1.2539 0.5469 0.1331 8.7500 1.6226 2.7332 0.0009 0.0019 64.0000 69.8241 0.1012 0.0017 69.9270 
 93   2680    100    540   2132 -3.1406 1.8226 0.6562 0.1180 16.8000 1.8507 5.9115 0.0005 0.0016 55.0000 60.0677 0.0968 0.0018 60.1663 
 94   2261    100    729   2228 -2.7109 2.0181 0.4531 0.0614 4.4615 1.8204 6.5716 0.0009 0.0067 45.0000 49.1895 0.0948 0.0018 49.2861 
 95   2999    100    100   2435 -3.3047 1.3946 0.7031 0.1573 11.2500 1.3148 3.9698 0.0010 0.0009 109.0000 117.1167 0.0990 0.0018 117.2175 
 96   2999    582    100   2093 -2.9062 2.0541 0.5391 0.1189 8.6250 1.9525 3.8532 0.0010 0.0023 58.0000 63.3624 0.1010 0.0018 63.4651 
 97   2999    100    454   2094 -3.2422 1.6810 0.7031 0.1349 11.2500 0.7911 0.4748 0.0008 0.0016 67.0000 72.8173 0.0997 0.0018 72.9188 
 98   2999    909   1511   1546 -2.3594 1.6809 0.2500 0.0310 2.2857 1.9832 6.7704 0.0010 0.0070 37.0000 41.0499 0.1178 0.0018 41.1695 
 99   2999    100    100   2426 -3.2734 1.2554 0.6641 0.1576 9.4444 1.1449 1.8257 0.0009 0.0012 104.0000 111.8670 0.0990 0.0018 111.9679 
100    100   2999   2999   1341 -1.9141 1.0713 0.0234 0.1335 0.0000 1.1711 2.6624 0.0010 0.0023 82.0000 89.0479 0.1253 0.0018 89.1751 
101   2999    100    491   2070 -3.3750 1.2441 0.7266 0.1332 9.3000 1.6674 4.1648 0.0009 0.0024 75.0000 81.6718 0.1000 0.0019 81.7737 
102    100   1499    100    100 -2.2656 0.7320 0.0312 0.3086 0.0000 0.9020 2.7513 0.0008 0.0035 88.0000 95.1345 0.0425 0.0019 95.1788 
103   1580   2999    100    100 -1.8359 1.0044 0.0859 0.1628 0.0000 1.6210 7.4881 0.0004 0.0017 81.0000 91.0285 0.0854 0.0019 91.1157 
104   2999    100    100   2417 -3.3438 1.3297 0.7266 0.1570 11.6250 1.9633 7.3100 0.0009 0.0013 107.0000 116.7023 0.0993 0.0019 116.8035 
105   3000   2308   3000   3000 -1.8438 1.0463 0.0469 0.2847 0.0000 0.9899 2.1460 0.0009 0.0039 90.0000 97.3110 0.1830 0.0019 97.4958 
106   2999   1956   2999    851 -2.5156 0.7557 0.1484 0.2725 0.0000 1.1318 2.8848 0.0007 0.0036 60.0000 65.5250 0.1463 0.0019 65.6732 
107   1359    100   1031    100 -2.1094 2.0509 0.2734 0.0496 1.9444 1.9929 10.5817 0.0009 0.0048 61.0000 66.7498 0.0547 0.0020 66.8064 
108   2999   2224   2108   1299 -2.4609 0.8174 0.0859 0.2067 0.0000 1.3397 3.3626 0.0005 0.0038 44.0000 48.2879 0.1422 0.0018 48.4320 
109   1910   1855   3000    100 -1.9453 0.9655 0.0000 0.3096 0.0000 0.7739 1.9971 0.0008 0.0052 51.0000 56.0314 0.1177 0.0020 56.1511 
110   2999    100    100   2210 -3.3828 1.3405 0.7422 0.1426 19.0000 1.6015 2.1049 0.0007 0.0015 99.0000 106.9695 0.0958 0.0019 107.0672 
111   2999    100    100   1479 -2.7500 1.1496 0.2344 0.0175 1.7647 1.9943 5.9168 0.0009 0.0010 101.0000 109.5308 0.0846 0.0019 109.6174 
112   2999    100    425   2158 -3.3438 1.3612 0.7266 0.1404 23.2500 1.6290 3.9436 0.0010 0.0020 74.0000 80.6481 0.0993 0.0019 80.7493 
113    100   3000   1609    100 -1.6719 0.8049 0.0312 0.1086 0.0000 1.2246 5.8299 0.0008 0.0024 83.0000 90.3908 0.0858 0.0019 90.4786 
114   2999    100    100   2472 -3.2734 1.2868 0.6641 0.1570 12.1429 1.4541 3.8097 0.0009 0.0009 121.0000 130.2284 0.1001 0.0020 130.3306 
115   2999    100    594   2016 -3.2109 1.3016 0.6406 0.1261 11.7143 1.6363 4.7162 0.0007 0.0014 76.0000 82.7979 0.1003 0.0020 82.9003 
116   2999    100   1269    993 -2.8281 1.2773 0.3672 0.0107 2.3500 1.3660 6.3433 0.0009 0.0037 75.0000 81.8307 0.0940 0.0019 81.9266 
117   2735    100    739   1633 -3.1797 1.7234 0.6719 0.0596 12.2857 0.8214 2.3386 0.0009 0.0029 58.0000 64.1163 0.0930 0.0021 64.2114 
118   2999    100    697   1896 -3.1719 1.3875 0.6328 0.1111 9.0000 0.9886 1.6754 0.0008 0.0018 75.0000 82.3721 0.0995 0.0020 82.4735 
119   2999    100    330   2252 -3.3672 1.3680 0.7422 0.1483 11.8750 1.2651 2.1190 0.0005 0.0010 76.0000 82.7442 0.0993 0.0019 82.8454 
120    100    100   1247   1204 -2.7422 1.2952 0.3281 0.3181 1.6800 1.8785 8.0158 0.0010 0.0032 57.0000 63.0346 0.0538 0.0020 63.0904 
121   1075    100   1336   1528 -1.8672 1.3917 0.1719 0.0125 1.2222 1.0628 3.1840 0.0009 0.0063 33.0000 37.3052 0.1185 0.0020 37.4257 
122   2999    100    100   2485 -3.2578 1.4842 0.6953 0.1572 8.9000 1.9014 6.7460 0.0007 0.0014 107.0000 116.4338 0.1002 0.0021 116.5360 
123    100    100    989    100 -1.3516 0.9699 0.0234 0.0101 0.0000 1.8169 8.5150 0.0006 0.0018 114.0000 123.2364 0.0343 0.0021 123.2728 
124    100   1932    100   1256 -1.6875 0.8307 0.0703 0.0181 0.0000 1.4062 4.9529 0.0006 0.0040 66.0000 75.8001 0.0660 0.0022 75.8683 
125    100   2999   1800   2999 -2.1484 0.9463 0.0781 0.0416 0.0000 1.5713 6.0993 0.0009 0.0018 81.0000 88.9642 0.1336 0.0021 89.0999 
126   2999    100    329   2207 -3.1406 1.5076 0.6328 0.1460 8.1000 1.3803 3.7395 0.0010 0.0015 83.0000 90.2495 0.0992 0.0022 90.3509 
127   2999    447    100   2344 -3.1094 1.3265 0.5703 0.1651 6.0833 1.7353 4.3024 0.0007 0.0014 63.0000 69.4213 0.1032 0.0024 69.5269 
128   1986    100    100   1734 -3.0547 1.6742 0.5938 0.0722 7.6000 1.4206 3.2851 0.0009 0.0026 73.0000 80.5762 0.0741 0.0045 80.6548 
129   2536    100    559   1437 -2.5234 2.3302 0.3750 0.0271 2.0870 1.2793 2.8247 0.0010 0.0029 46.0000 51.5167 0.0840 0.0024 51.6031 
130   1939   2999   2999   1726 -2.6016 1.0920 0.2500 0.0854 1.5238 1.9568 10.1075 0.0007 0.0029 72.0000 79.8806 0.1574 0.0021 80.0401 
131   1351   2999   1598   2999 -2.3516 1.1904 0.1328 0.2058 1.1333 1.7983 10.1927 0.0009 0.0035 60.0000 66.8050 0.1498 0.0024 66.9572 
132   2306   2999   2414   1130 -2.3828 0.8995 0.1250 0.0772 0.0000 0.8254 1.5901 0.0007 0.0037 52.0000 57.9239 0.1465 0.0022 58.0726 
133   1259   2999   2359   2111 -2.7578 0.8779 0.2734 0.0754 1.7500 0.8067 2.1796 0.0010 0.0052 44.0000 49.7719 0.1437 0.0023 49.9179 
134   1230   2284   2999   2035 -2.3047 1.3946 0.1484 0.0997 1.0556 0.8537 1.8617 0.0009 0.0034 43.0000 48.2715 0.1421 0.0021 48.4157 
135   2652    100    100   2540 -3.0000 1.7480 0.5703 0.1313 10.4286 0.8765 1.0169 0.0010 0.0019 75.0000 83.0136 0.0967 0.0022 83.1125 
136   1706    100    100   2232 -2.5156 1.5273 0.3359 0.1067 3.9091 0.7518 0.9288 0.0009 0.0025 68.0000 75.6017 0.0774 0.0023 75.6814 
137   2999    100    796   1965 -3.4609 0.9748 0.7188 0.1105 18.4000 1.3737 3.8775 0.0008 0.0021 103.0000 113.1359 0.1026 0.0024 113.2409 
138   1874   1402    100   2999 -2.0078 1.0787 0.1094 0.0249 0.0000 0.5408 0.7380 0.0007 0.0045 57.0000 63.7527 0.1112 0.0022 63.8661 
139   2023   2999   2204   2115 -2.4453 1.0521 0.1875 0.1202 1.7143 1.0717 2.0474 0.0009 0.0026 50.0000 56.4762 0.1536 0.0022 56.6320 
140   2999    100    797   1949 -3.3438 1.2825 0.7031 0.1097 15.0000 1.0517 1.9312 0.0009 0.0035 81.0000 89.6391 0.1026 0.0023 89.7440 
141   2999    100    957   1797 -3.1953 1.9064 0.6875 0.0899 14.6667 1.5305 4.7639 0.0008 0.0023 97.0000 106.9184 0.1020 0.0023 107.0227 
142    100   1752   1553   2999 -1.6094 1.2320 0.0781 0.1247 0.0000 1.6056 3.7884 0.0009 0.0023 57.0000 63.5551 0.1113 0.0023 63.6687 
143   2999   1917    100    100 -1.8438 0.7943 0.0312 0.3705 0.0000 1.3614 5.2338 0.0010 0.0022 103.0000 113.4592 0.0907 0.0023 113.5522 
144   2999    446    592   2162 -3.0781 1.3954 0.5703 0.1320 6.6364 1.5840 3.0290 0.0010 0.0026 44.0000 49.6058 0.1075 0.0024 49.7156 
145   1302   1534    100    100 -2.7031 1.2340 0.3281 0.3270 2.8000 0.8703 1.9993 0.0008 0.0035 71.0000 78.7799 0.0607 0.0026 78.8433 
146   2999   1779   2999   1738 -2.1953 1.1348 0.1406 0.1908 0.0000 1.3932 4.8907 0.0007 0.0027 64.0000 71.6397 0.1555 0.0023 71.7976 
147   2788    100    345   2087 -3.3047 1.5206 0.7266 0.1259 18.6000 0.6337 0.6077 0.0010 0.0013 59.0000 66.3960 0.0951 0.0024 66.4935 
148   1346   1493   1025    100 -2.0625 0.8465 0.0156 0.1844 0.0000 0.7493 1.7684 0.0008 0.0043 39.0000 44.3209 0.0743 0.0026 44.3978 
149   1422   2201   2168   2999 -2.3047 1.0009 0.0625 0.0954 0.0000 1.4144 4.9527 0.0007 0.0040 43.0000 48.7352 0.1471 0.0023 48.8846 
150   2055   2086   2253   1883 -2.3203 0.7549 0.1406 0.0404 0.0000 0.8908 2.6655 0.0008 0.0069 29.0000 33.4350 0.1379 0.0025 33.5755 
151   2999    100   1589   1520 -3.0234 1.4561 0.4844 0.0313 6.2000 0.9636 2.2065 0.0006 0.0033 65.0000 73.0239 0.1088 0.0024 73.1352 
152   2509    100   1524   1510 -2.7188 1.7785 0.3906 0.0130 5.5556 1.7838 9.9357 0.0010 0.0063 47.0000 53.0936 0.1434 0.0025 53.2395 
153    100   1532   2999   1398 -2.3125 0.6732 0.1406 0.1881 0.0000 1.6292 7.3094 0.0008 0.0039 60.0000 66.8892 0.1049 0.0024 66.9965 
154   2999    100    732   2068 -3.1562 1.6289 0.6250 0.1189 13.3333 1.0605 1.8024 0.0008 0.0013 77.0000 86.1709 0.1036 0.0024 86.2769 
155   2999    100    922   1659 -3.3594 1.2242 0.6953 0.0791 11.1250 0.5604 0.4939 0.0009 0.0017 90.0000 99.4963 0.1015 0.0026 99.6003 
156   2999    100   1907   1056 -2.7656 1.2360 0.3125 0.0140 2.3529 1.1372 5.2799 0.0010 0.0039 83.0000 91.9912 0.1045 0.0025 92.0982 
157   2999    437    904   1998 -3.1719 1.2773 0.5547 0.0979 5.9167 1.2180 2.0090 0.0009 0.0031 39.0000 44.5204 0.1094 0.0025 44.6323 
158   2999   1190   2261    930 -2.2031 1.8009 0.2188 0.0324 1.2174 1.2182 4.7735 0.0010 0.0046 40.0000 45.7592 0.1242 0.0024 45.8859 
159   2777    100    100   2133 -3.2422 1.6023 0.6875 0.1238 12.5714 0.8300 1.4694 0.0010 0.0013 87.0000 96.6574 0.0912 0.0025 96.7512 
160   2999    100   1081   1684 -3.3359 1.2012 0.6797 0.0744 12.4286 1.5437 5.0781 0.0008 0.0028 75.0000 84.1194 0.1025 0.0026 84.2245 
161   3000    282    810   1764 -3.2266 1.4050 0.6641 0.0927 7.7273 0.5134 0.9755 0.0008 0.0020 64.0000 72.5348 0.1027 0.0025 72.6400 
162    100    100    100   1699 -2.4531 0.7222 0.0781 0.4357 0.0000 1.7887 12.1076 0.0008 0.0011 97.0000 107.6379 0.0452 0.0028 107.6859 
163   2999    100   1048   1953 -3.0938 1.7077 0.5938 0.0853 7.6000 1.5724 4.8066 0.0010 0.0035 92.0000 103.0096 0.1055 0.0027 103.1178 
164   2999    100   1467    100 -1.5859 0.6067 0.0000 0.0102 0.0000 1.6328 9.7815 0.0008 0.0012 81.0000 90.3813 0.0841 0.0027 90.4681 
165   1626    100    100   1117 -2.5000 1.9685 0.3984 0.0325 2.8333 1.0932 3.1377 0.0009 0.0038 74.0000 83.0894 0.0594 0.0028 83.1516 
166   2999   1344    100   1912 -1.6953 1.3001 0.0859 0.1196 0.0000 1.0660 3.3576 0.0005 0.0031 90.0000 100.9510 0.1095 0.0081 101.0686 
167    100    612   1879   1430 -2.1562 0.7785 0.0312 0.2752 0.0000 1.2062 4.5930 0.0006 0.0052 50.0000 57.4551 0.0732 0.0045 57.5329 
168   2999    100    100   2265 -3.4219 1.2379 0.7500 0.1482 19.2000 1.8641 10.2304 0.0006 0.0006 133.0000 147.3322 0.0967 0.0045 147.4334 
169   1752   2999    100   2999 -1.1875 1.5079 0.0000 0.1358 0.0000 1.4404 5.7215 0.0005 0.0013 106.0000 118.0448 0.1334 0.0040 118.1821 
170   2999    100    100   2537 -3.2969 1.7222 0.7031 0.1553 12.8571 1.8265 7.9950 0.0010 0.0009 118.0000 133.7962 0.1016 0.0058 133.9037 
171   2999    100    950   1531 -3.2969 1.3127 0.6719 0.0619 10.7500 1.9907 11.7767 0.0009 0.0021 72.0000 81.3702 0.0995 0.0047 81.4744 
172    100   2999   1725   1896 -1.7656 1.1100 0.0391 0.1351 0.0000 1.5898 8.4031 0.0010 0.0028 72.0000 81.7751 0.1152 0.0051 81.8954 
173   1587    100   2999   1589 -1.5938 0.6526 0.0156 0.0009 0.0000 1.7366 12.7903 0.0004 0.0035 56.0000 63.6087 0.1079 0.0044 63.7210 
174   2999    100    404   2057 -3.2969 1.3915 0.6953 0.1321 11.1250 1.2494 2.0681 0.0005 0.0022 74.0000 84.2712 0.0983 0.0043 84.3739 
175   2999    100    635   1778 -3.1953 1.8592 0.6953 0.0970 12.7143 1.8053 9.8661 0.0010 0.0018 93.0000 104.6811 0.1000 0.0051 104.7863 
176   2999    100   1206   1593 -3.3047 1.1899 0.6562 0.0595 10.5000 1.7616 9.4937 0.0008 0.0024 84.0000 94.5134 0.1030 0.0048 94.6212 
177   2653    413    100   2478 -3.3047 1.4419 0.7188 0.1359 11.5000 1.2966 6.2713 0.0010 0.0037 59.0000 67.0010 0.0991 0.0040 67.1041 
178   2609    100    100   2999 -2.9219 1.0175 0.3359 0.0722 2.6875 1.8488 16.5324 0.0008 0.0009 109.0000 122.0662 0.1024 0.0048 122.1735 
179   2791    100    317   2312 -3.0000 1.9370 0.5938 0.1392 9.5000 1.1432 3.4331 0.0008 0.0016 62.0000 71.3377 0.0960 0.0040 71.4377 
180   2999    100    943   1472 -3.2656 1.2517 0.6250 0.0540 8.0000 1.6731 6.0308 0.0009 0.0021 79.0000 88.7390 0.0973 0.0042 88.8405 
181   2999    100    100   2253 -3.3359 1.4374 0.7188 0.1474 15.3333 1.3102 3.3715 0.0010 0.0010 126.0000 140.7335 0.0967 0.0048 140.8350 
182   2999    335    100   2481 -3.3203 1.1801 0.6797 0.1680 10.8750 1.6193 9.5191 0.0007 0.0010 83.0000 93.4554 0.1033 0.0050 93.5637 
183   1122    100    100   2999 -1.9453 1.1860 0.1172 0.0444 0.0000 1.1292 3.7601 0.0010 0.0021 123.0000 147.3123 0.0940 0.0052 147.4115 
184   2999    100   1440   1861 -2.8359 1.3508 0.3750 0.0421 4.8000 1.5156 4.8870 0.0008 0.0019 76.0000 86.8793 0.1096 0.0058 86.9946 
185   2425    516    100   2342 -2.9766 1.9443 0.6016 0.1214 8.5556 1.1670 4.5662 0.0007 0.0024 51.0000 58.8031 0.0960 0.0052 58.9043 
186   2721    100    959   1741 -3.0312 1.8258 0.5859 0.0695 12.5000 1.7918 9.5332 0.0010 0.0033 59.0000 67.7371 0.0963 0.0061 67.8396 
187   1621    754    100    100 -2.4531 2.0765 0.3594 0.1132 2.7059 0.9240 3.1775 0.0008 0.0022 78.0000 88.6200 0.0971 0.0059 88.7230 
188   2460    637    895   2087 -2.8359 1.6973 0.4766 0.0781 6.7778 1.7312 9.5318 0.0009 0.0072 28.0000 34.3672 0.1057 0.0095 34.4824 
189   2422    586   1238   1140 -2.5938 1.4557 0.2734 0.0115 2.1875 1.8654 11.9214 0.0003 0.0039 35.0000 44.4958 0.1114 0.0053 44.6124 
190   1679   2999   1854    100 -2.2578 0.5866 0.1094 0.1849 0.0000 1.8827 8.2093 0.0007 0.0029 72.0000 87.5263 0.1316 0.0074 87.6653 
191    986   2001   2999    866 -2.1094 0.9328 0.0859 0.2109 0.0000 1.4008 4.5913 0.0009 0.0045 46.0000 53.8903 0.1172 0.0063 54.0138 
192   2999    336    329   2383 -3.0938 1.5030 0.6016 0.1554 9.6250 1.1099 3.1795 0.0009 0.0019 55.0000 67.9061 0.1232 0.0069 68.0362 
193   2280   2146   2227    691 -2.1016 0.9581 0.0234 0.2119 0.0000 1.9335 10.5555 0.0007 0.0042 27.0000 32.9650 0.1225 0.0041 33.0915 
194   2999    100    100   2563 -3.1250 1.4961 0.6016 0.1527 7.7000 1.3775 3.3486 0.0009 0.0006 114.0000 128.7104 0.1020 0.0061 128.8185 
195   1995   1010   1093   2999 -2.0234 0.6687 0.0391 0.0139 0.0000 1.0318 2.9249 0.0009 0.0062 38.0000 45.3779 0.1223 0.0083 45.5085 
196   2999    100    718   1695 -3.3438 1.4400 0.7266 0.0842 15.5000 1.4272 5.8279 0.0009 0.0017 93.0000 105.4008 0.0972 0.0071 105.5051 
197   2999    100   1103   1369 -3.2734 1.2554 0.6328 0.0419 10.1250 1.3276 4.6570 0.0008 0.0021 78.0000 95.5188 0.1137 0.0098 95.6423 
198   2089   1017   1761   1683 -1.9688 1.4006 0.1094 0.0202 0.0000 1.9920 11.5881 0.0008 0.0057 31.0000 40.2807 0.1298 0.0056 40.4161 
199   2999    100    100   2180 -3.3281 1.3088 0.7031 0.1389 18.0000 1.5726 4.3396 0.0010 0.0007 115.0000 139.0730 0.1111 0.0074 139.1916 
 57   3000    100    683   1831 -3.5625 0.9724 0.8125 0.1036 20.8000 1.7743 5.4225 0.0006 0.0029 52.0000 53.9776 0.1599 0.0016 54.1391 
