0 2.4127 0.3714 2.6095 0.4974 2.4489 3.1263 -0.1430 0.1694 2.8570 0.1000 0.9917 0.0000 0.0000 0.0000 0.0000
1 1.6951 2.2374 2.3217 2.9926 1.9050 1.1341 -0.3250 0.0697 2.6750 0.1000 0.9917 0.0000 0.0000 0.0000 0.0000
2 0.1996 0.4156 1.7142 2.9317 0.5578 1.3477 -0.6310 0.0199 2.3690 0.1000 0.9917 0.0000 0.0000 0.0000 0.0000
3 0.5509 2.3067 1.7936 1.6280 3.0228 2.7390 1.7100 0.0590 4.7100 0.1000 0.9917 0.0000 0.0000 0.0000 0.0000
4 2.3463 0.6834 3.1077 1.4749 1.2239 0.7528 -0.3800 0.0039 2.6200 0.1000 0.9917 0.0000 0.0000 0.0000 0.0000
5 3.0583 2.5676 0.6512 0.1504 1.1143 1.7554 -0.1910 0.0242 2.8090 0.1000 0.9917 0.0000 0.0000 0.0000 0.0000
6 0.9622 1.3776 2.1793 0.4757 0.7877 1.5953 -0.4360 0.0397 2.5640 0.1000 0.9917 0.0000 0.0000 0.0000 0.0000
7 1.7512 2.5580 2.0382 2.5425 1.9548 0.4644 -0.0240 0.0647 2.9760 0.1000 0.9917 0.0000 0.0000 0.0000 0.0000
8 1.9040 1.7452 2.8996 1.1227 1.3215 1.8792 0.8830 0.0960 3.8830 0.1000 0.9917 0.0000 0.0000 0.0000 0.0000
9 0.6954 1.4577 1.9714 2.7377 1.1952 2.3267 -0.3780 0.1688 2.6220 0.1000 0.9917 0.0000 0.0000 0.0000 0.0000
10 3.0398 0.9627 0.4572 0.8617 0.3595 1.3437 1.3210 0.0427 4.3210 0.1000 0.9917 0.0000 0.0000 0.0000 0.0000
11 2.1471 1.0583 3.0450 2.3084 0.6328 1.2040 0.2370 0.0141 3.2370 0.1000 0.9917 0.0000 0.0000 0.0000 0.0000
12 1.7130 1.5459 1.3987 0.3569 1.6587 0.8296 0.1300 0.1788 3.1300 0.1000 0.9917 0.0000 0.0000 0.0000 0.0000
13 2.5126 1.9896 2.2013 2.7175 2.5929 1.4256 1.5110 0.0008 4.5110 0.1000 0.9917 0.0000 0.0000 0.0000 0.0000
14 1.3330 0.5651 1.2190 0.9373 1.8732 1.2106 -0.2880 0.1916 2.7120 0.1000 0.9917 0.0000 0.0000 0.0000 0.0000
15 0.5431 2.3708 2.5153 0.3030 0.7395 1.5965 2.7100 0.0066 5.7100 0.1000 0.9917 0.0000 0.0000 0.0000 0.0000
16 1.0035 1.3954 2.5947 0.9766 1.9398 0.8193 -0.1440 0.1800 2.8560 0.1000 0.9917 0.0000 0.0000 0.0000 0.0000
17 2.8396 0.1632 0.8081 0.6476 2.4473 2.5194 -0.3960 0.0117 2.6040 0.1000 0.9917 0.0000 0.0000 0.0000 0.0000
18 2.2682 1.1310 0.8601 1.0879 2.1089 2.8538 0.2830 0.0263 3.2830 0.1000 0.9917 0.0000 0.0000 0.0000 0.0000
19 0.8261 2.7719 2.2458 0.8877 2.3437 0.7706 -0.0720 0.0830 2.9280 0.1000 0.9917 0.0000 0.0000 0.0000 0.0000
20 2.3643 1.4352 0.7599 2.2702 0.4319 0.4572 -0.4820 0.0582 2.5180 0.1000 0.9917 0.0000 0.0000 0.0000 0.0000
21 2.8678 2.7737 2.2664 2.1798 0.5332 1.2798 -1.5270 0.3676 1.4730 0.1000 0.9917 0.0000 0.0000 0.0000 0.0000
22 2.7948 2.4187 1.8571 2.5547 1.2769 2.7259 -0.5490 0.0410 2.4510 0.1000 0.9917 0.0000 0.0000 0.0000 0.0000
23 0.6000 2.8328 2.3539 1.4474 1.6855 0.5233 0.0290 0.2346 3.0290 0.1000 0.9917 0.0000 0.0000 0.0000 0.0000
24 1.0838 2.3998 0.6269 1.8302 1.8277 0.2138 -0.4330 0.0697 2.5670 0.1000 0.9917 0.0000 0.0000 0.0000 0.0000
25 1.9154 1.1283 1.4394 3.0013 2.3154 0.5752 0.0080 0.1608 3.0080 0.1000 0.9917 0.0000 0.0000 0.0000 0.0000
26 0.9048 2.3252 0.2743 0.5330 1.4368 1.4522 -0.4670 0.0981 2.5330 0.1000 0.9917 0.0000 0.0000 0.0000 0.0000
27 2.6380 2.4241 1.0172 0.2097 0.4317 0.3550 -1.2850 0.4836 1.7150 0.1000 0.9917 0.0000 0.0000 0.0000 0.0000
28 0.1784 1.0846 0.8507 0.4313 1.4325 1.3560 -0.7960 0.0171 2.2040 0.1000 0.9917 0.0000 0.0000 0.0000 0.0000
29 2.5657 2.3554 0.1288 0.8313 0.1210 0.8671 1.4380 0.0132 4.4380 0.1000 0.9917 0.0000 0.0000 0.0000 0.0000
30 2.2632 0.1815 2.6397 1.7126 2.3011 1.8878 0.3130 0.0282 3.3130 0.1000 0.9917 0.0000 0.0000 0.0000 0.0000
31 1.9810 2.6465 2.4356 2.8407 0.2441 1.0353 -0.5290 0.0870 2.4710 0.1000 0.9917 0.0000 0.0000 0.0000 0.0000
32 2.3786 2.4660 2.6442 1.6366 1.6920 1.8213 -0.4950 0.1577 2.5050 0.1000 0.9917 0.0000 0.0000 0.0000 0.0000
33 2.1677 2.9962 2.8081 1.0716 2.3863 1.2322 0.7240 0.0138 3.7240 0.1000 0.9917 0.0000 0.0000 0.0000 0.0000
34 1.7669 1.8658 2.4184 1.5858 2.5215 3.0210 0.3110 0.0462 3.3110 0.1000 0.9917 0.0000 0.0000 0.0000 0.0000
35 3.1086 0.2395 1.7922 1.5711 1.7021 2.2317 -0.3130 0.0815 2.6870 0.1000 0.9917 0.0000 0.0000 0.0000 0.0000
36 1.7717 0.7559 0.6058 2.8009 2.9862 1.8079 1.1690 0.0030 4.1690 0.1000 0.9917 0.0000 0.0000 0.0000 0.0000
37 0.6864 0.4753 1.0478 0.4410 0.6693 1.7485 -0.2030 0.0639 2.7970 0.1000 0.9917 0.0000 0.0000 0.0000 0.0000
38 0.4265 1.7684 2.3733 2.0088 0.7326 2.9385 0.3410 0.0319 3.3410 0.1000 0.9917 0.0000 0.0000 0.0000 0.0000
39 0.6700 0.7861 0.9375 3.0023 1.5979 1.3733 -1.1600 0.2290 1.8400 0.1000 0.9917 0.0000 0.0000 0.0000 0.0000
40 1.6300 0.3117 0.2903 2.0487 1.4614 0.7518 -0.2000 0.0853 2.8000 0.1000 0.9917 0.0000 0.0000 0.0000 0.0000
41 2.9613 2.7627 3.0515 2.2351 0.9165 1.3873 -0.8790 0.0899 2.1210 0.1000 0.9917 0.0000 0.0000 0.0000 0.0000
42 0.4989 1.5572 0.5727 2.4628 2.5437 0.4481 -0.2670 0.0138 2.7330 0.1000 0.9917 0.0000 0.0000 0.0000 0.0000
43 1.2713 1.9593 0.4717 1.7887 2.3673 0.8151 0.4230 0.0464 3.4230 0.1000 0.9917 0.0000 0.0000 0.0000 0.0000
44 2.5835 0.6349 1.5857 2.3677 1.5508 2.3714 0.5150 0.0102 3.5150 0.1000 0.9917 0.0000 0.0000 0.0000 0.0000
45 0.9928 2.1877 1.8797 1.6525 0.1155 2.2661 -0.3960 0.0356 2.6040 0.1000 0.9917 0.0000 0.0000 0.0000 0.0000
46 1.3722 1.6096 0.7492 2.2530 1.3104 0.6090 -0.3880 0.0341 2.6120 0.1000 0.9917 0.0000 0.0000 0.0000 0.0000
47 1.7383 2.3294 2.5636 3.0546 2.9547 0.4995 0.8230 0.0373 3.8230 0.1000 0.9917 0.0000 0.0000 0.0000 0.0000
48 2.3421 1.9186 2.3293 1.3050 0.8424 1.0104 1.1170 0.0037 4.1170 0.1000 0.9917 0.0000 0.0000 0.0000 0.0000
49 1.8840 2.3812 2.8828 1.8789 1.1863 0.3612 1.4370 0.0224 4.4370 0.1000 0.9917 0.0000 0.0000 0.0000 0.0000
50 0.2901 0.4573 3.1350 2.1578 2.0990 1.2783 -0.2780 0.0566 2.7220 0.1000 0.9917 0.0000 0.0000 0.0000 0.0000
51 1.1955 3.0541 2.6676 0.9299 0.1566 3.0484 -0.0180 0.0350 2.9820 0.1000 0.9917 0.0000 0.0000 0.0000 0.0000
52 0.8720 0.9163 0.2584 0.8871 0.9552 2.9002 0.5150 0.0434 3.5150 0.1000 0.9917 0.0000 0.0000 0.0000 0.0000
53 2.6413 2.7891 1.8283 0.8250 0.9651 2.9741 0.3090 0.1363 3.3090 0.1000 0.9917 0.0000 0.0000 0.0000 0.0000
54 0.4217 2.2685 1.6279 1.1380 0.7917 2.8146 0.2590 0.0214 3.2590 0.1000 0.9917 0.0000 0.0000 0.0000 0.0000
55 1.6761 2.5778 2.5638 0.8816 0.9723 1.0542 0.3730 0.1034 3.3730 0.1000 0.9917 0.0000 0.0000 0.0000 0.0000
56 2.0023 2.9813 2.7739 1.7336 1.2392 2.3575 -0.5290 0.0499 2.4710 0.1000 0.9917 0.0000 0.0000 0.0000 0.0000
57 1.7772 1.0876 0.6103 2.4316 2.9777 2.6599 -0.4010 0.1433 2.5990 0.1000 0.9917 0.0000 0.0000 0.0000 0.0000
58 0.1755 2.4191 0.6473 1.8317 3.0976 2.0116 -1.2160 0.1617 1.7840 0.1000 0.9917 0.0000 0.0000 0.0000 0.0000
59 0.7893 2.2645 1.7612 0.6651 2.2631 0.3957 -0.6620 0.0881 2.3380 0.1000 0.9917 0.0000 0.0000 0.0000 0.0000
60 2.3138 0.8582 0.8631 1.7261 1.3730 2.0755 0.6900 0.1998 3.6900 0.1000 0.9917 0.0000 0.0000 0.0000 0.0000
61 1.3335 0.1498 0.2817 2.4875 2.5997 2.6185 0.5990 0.0467 3.5990 0.1000 0.9917 0.0000 0.0000 0.0000 0.0000
62 2.9664 0.9140 0.3642 0.7470 0.8055 2.2607 0.8580 0.0361 3.8580 0.1000 0.9917 0.0000 0.0000 0.0000 0.0000
63 2.1000 1.5855 0.5857 0.6769 0.8068 2.0127 -1.0660 0.1193 1.9340 0.1000 0.9917 0.0000 0.0000 0.0000 0.0000
64 3.0999 3.1113 2.2085 0.5792 1.9737 2.8334 -0.4150 0.2138 2.5850 0.1000 0.9917 0.0000 0.0000 0.0000 0.0000
65 0.2109 2.0305 2.8684 0.1897 2.1575 0.7999 -0.0680 0.1786 2.9320 0.1000 0.9917 0.0000 0.0000 0.0000 0.0000
66 1.0062 1.8700 0.7913 3.0990 1.5683 0.1116 0.3440 0.0419 3.3440 0.1000 0.9917 0.0000 0.0000 0.0000 0.0000
67 2.7365 2.4556 2.9022 0.2891 1.0422 0.8095 -0.3560 0.0137 2.6440 0.1000 0.9917 0.0000 0.0000 0.0000 0.0000
68 0.5054 0.5614 1.5355 1.1306 1.1943 1.1884 1.0600 0.0091 4.0600 0.1000 0.9917 0.0000 0.0000 0.0000 0.0000
69 2.8172 2.0013 0.9757 1.9372 2.6908 0.3637 0.7030 0.0142 3.7030 0.1000 0.9917 0.0000 0.0000 0.0000 0.0000
70 2.6433 0.1259 0.2824 1.1011 0.4099 0.2928 -0.9970 0.1284 2.0030 0.1000 0.9917 0.0000 0.0000 0.0000 0.0000
71 3.0245 2.2979 0.1527 0.7157 1.2714 0.7487 -0.0510 0.1845 2.9490 0.1000 0.9917 0.0000 0.0000 0.0000 0.0000
72 2.6744 1.7826 1.1025 3.0415 0.4377 2.2023 0.1350 0.0369 3.1350 0.1000 0.9917 0.0000 0.0000 0.0000 0.0000
73 0.5440 1.4339 0.7633 2.3890 1.0021 1.2831 0.6630 0.0007 3.6630 0.1000 0.9917 0.0000 0.0000 0.0000 0.0000
74 0.6114 2.0717 2.6156 0.7412 2.6975 2.4271 -0.1790 0.0039 2.8210 0.1000 0.9917 0.0000 0.0000 0.0000 0.0000
75 2.3910 2.3041 2.6232 1.7743 2.8347 1.8864 0.0340 0.0397 3.0340 0.1000 0.9917 0.0000 0.0000 0.0000 0.0000
76 3.0284 0.2990 1.5124 1.9862 1.6029 0.9481 -0.1880 0.0953 2.8120 0.1000 0.9917 0.0000 0.0000 0.0000 0.0000
77 2.0084 0.1717 0.7970 2.8594 0.9414 1.7844 0.3740 0.0382 3.3740 0.1000 0.9917 0.0000 0.0000 0.0000 0.0000
78 1.3436 0.3654 0.4790 0.9294 0.3791 2.8088 -0.3580 0.0789 2.6420 0.1000 0.9917 0.0000 0.0000 0.0000 0.0000
79 0.3496 1.0789 0.5538 0.7820 0.9005 2.3303 -0.2500 0.0232 2.7500 0.1000 0.9917 0.0000 0.0000 0.0000 0.0000
80 0.8187 1.1648 0.6055 2.8132 0.7966 1.2167 -0.0380 0.0941 2.9620 0.1000 0.9917 0.0000 0.0000 0.0000 0.0000
81 2.5500 0.6185 2.9235 2.5140 0.7154 0.5979 -0.2660 0.0455 2.7340 0.1000 0.9917 0.0000 0.0000 0.0000 0.0000
82 2.8139 2.1237 0.6193 2.9345 1.0887 1.1060 1.2710 0.0631 4.2710 0.1000 0.9917 0.0000 0.0000 0.0000 0.0000
83 0.2652 0.9574 0.2653 2.0589 2.1685 0.7208 0.1240 0.0064 3.1240 0.1000 0.9917 0.0000 0.0000 0.0000 0.0000
84 2.0619 1.2498 2.5774 2.4990 0.4746 1.0124 -0.5700 0.0698 2.4300 0.1000 0.9917 0.0000 0.0000 0.0000 0.0000
85 1.6823 1.1409 1.6555 2.1961 3.1299 1.9836 -0.5600 0.0341 2.4400 0.1000 0.9917 0.0000 0.0000 0.0000 0.0000
86 1.9894 1.0353 0.8916 1.3084 3.1092 2.1947 0.2200 0.0238 3.2200 0.1000 0.9917 0.0000 0.0000 0.0000 0.0000
87 0.1349 1.5094 0.8591 2.8767 1.0246 0.1311 -0.3390 0.0899 2.6610 0.1000 0.9917 0.0000 0.0000 0.0000 0.0000
88 1.6833 2.8998 0.5248 2.2057 0.7266 0.1315 -0.0830 0.0111 2.9170 0.1000 0.9917 0.0000 0.0000 0.0000 0.0000
89 1.0538 1.7344 2.3169 0.4542 3.0476 0.5259 0.0040 0.0606 3.0040 0.1000 0.9917 0.0000 0.0000 0.0000 0.0000
90 1.5478 2.8810 0.4082 0.3007 1.9663 2.8767 0.8810 0.0224 3.8810 0.1000 0.9917 0.0000 0.0000 0.0000 0.0000
91 1.0346 0.7358 3.1391 1.5158 2.6462 0.3592 0.1810 0.1067 3.1810 0.1000 0.9917 0.0000 0.0000 0.0000 0.0000
92 0.6441 2.4812 1.8881 1.4507 1.8579 2.6286 -0.0730 0.0882 2.9270 0.1000 0.9917 0.0000 0.0000 0.0000 0.0000
93 1.5927 1.0503 1.4149 0.2746 2.3987 2.9364 0.3100 0.0450 3.3100 0.1000 0.9917 0.0000 0.0000 0.0000 0.0000
94 2.1709 1.9714 2.3521 3.0009 1.8587 1.8678 0.6820 0.0002 3.6820 0.1000 0.9917 0.0000 0.0000 0.0000 0.0000
95 1.4353 0.7857 1.8177 1.8031 0.3533 1.1588 0.0210 0.0419 3.0210 0.1000 0.9917 0.0000 0.0000 0.0000 0.0000
96 0.5731 1.3008 0.1076 3.1365 2.5659 1.2280 -0.8320 0.1598 2.1680 0.1000 0.9917 0.0000 0.0000 0.0000 0.0000
97 0.3217 0.4689 2.9403 1.2887 0.7980 3.0999 -0.7590 0.1100 2.2410 0.1000 0.9917 0.0000 0.0000 0.0000 0.0000
98 2.1741 3.0009 1.8265 1.5540 0.8436 0.9085 0.7620 0.0004 3.7620 0.1000 0.9917 0.0000 0.0000 0.0000 0.0000
99 3.1225 2.5729 2.9543 0.9535 1.5121 1.8482 1.7750 0.0103 4.7750 0.1000 0.9917 -1.5270 0.0000 0.0000 24.2449
100 0.6707 0.7828 0.8805 3.0732 1.6872 1.3466 -1.2150 0.2259 1.7850 0.1000 0.9917 -1.5270 0.0193 0.0008 27.4352
101 0.7591 2.1115 1.9868 0.7149 2.2538 0.4956 -0.6270 0.0682 2.3730 0.1104 0.9680 -1.5270 0.0302 0.0009 30.5235
102 2.8703 2.7740 2.2796 2.1858 0.5366 1.2834 -1.4760 0.3662 1.5240 0.1205 0.9646 -1.5270 0.0029 0.0009 33.8922
103 0.6163 0.7215 0.9693 3.1355 1.6330 1.3337 -1.1950 0.1975 1.8050 0.1226 0.9337 -1.5270 0.0170 0.0010 37.7497
104 0.1313 2.4223 0.5258 1.8651 3.1028 1.9323 -0.9330 0.1101 2.0670 0.1329 0.9165 -1.5270 0.0134 0.0006 40.5931
105 2.8712 2.7764 2.2434 2.1864 0.5156 1.2818 -1.3880 0.3701 1.6120 0.1371 0.9067 -1.5270 0.0056 0.0009 43.4064
106 0.5359 2.0095 1.6550 0.7460 2.2419 0.4721 -0.7190 0.1430 2.2810 0.1400 0.8861 -1.5270 0.0312 0.0010 46.1628
107 0.5773 0.8180 0.9848 3.0860 1.7434 1.4331 -1.2930 0.2102 1.7070 0.1453 0.8856 -1.5270 0.0148 0.0009 49.4783
108 2.8676 2.7712 2.3253 2.1803 0.5668 1.2838 -1.5270 0.3600 1.4730 0.1525 0.8729 -1.5270 0.0038 0.0008 52.0730
109 0.5437 0.7696 0.8731 3.1228 1.6817 1.4981 -1.0180 0.1310 1.9820 0.1578 0.8541 -1.5270 0.0124 0.0009 55.5117
110 2.6544 2.4398 1.1073 0.1079 0.4675 0.2846 -1.5960 0.5117 1.4040 0.1610 0.8483 -1.5270 0.0090 0.0008 58.2719
111 2.8822 2.7811 2.3849 2.2174 0.5771 1.3098 -1.4050 0.3402 1.5950 0.1680 0.8409 -1.5960 0.0066 0.0010 61.3865
112 0.6398 0.8556 1.0720 3.0726 1.8106 1.2781 -1.5750 0.2847 1.4250 0.1699 0.8279 -1.5960 0.0105 0.0008 64.3215
113 0.6409 0.8689 1.0920 3.0753 1.8350 1.2540 -1.5500 0.2755 1.4500 0.1778 0.8228 -1.5960 0.0058 0.0008 67.0595
114 0.6783 0.8455 1.1041 3.0736 1.8251 1.2877 -1.4400 0.2614 1.5600 0.1817 0.8116 -1.5960 0.0076 0.0010 69.8992
115 2.8909 2.7526 2.3222 2.1240 0.5913 1.2366 -1.5600 0.3273 1.4400 0.1850 0.8033 -1.5960 0.0070 0.0009 73.3497
116 2.8955 2.7613 2.3451 2.1232 0.5543 1.2095 -1.5220 0.3122 1.4780 0.1892 0.7946 -1.5960 0.0083 0.0009 76.9496
117 0.5859 0.8857 1.0546 3.0733 1.8190 1.2348 -1.7140 0.3061 1.2860 0.1936 0.7870 -1.5960 0.0044 0.0007 79.5867
118 3.0009 2.7986 2.2969 2.1278 0.6551 1.2454 -1.1600 0.2588 1.8400 0.1965 0.7805 -1.7140 0.0108 0.0010 82.6965
119 0.5422 0.9068 1.0390 3.0722 1.8206 1.2036 -1.8090 0.3151 1.1910 0.1958 0.7791 -1.7140 0.0045 0.0008 85.5449
120 2.7689 2.6442 2.3794 2.1296 0.5154 1.2564 -1.8850 0.4123 1.1150 0.2003 0.7722 -1.8090 0.0053 0.0008 88.6042
121 2.7506 2.6151 2.3916 2.1284 0.5021 1.2620 -2.0010 0.4189 0.9990 0.2050 0.7706 -1.8850 0.0036 0.0008 91.5295
122 0.4250 0.9526 1.0296 3.1005 1.8726 1.1151 -1.1330 0.2368 1.8670 0.2088 0.7624 -2.0010 0.0050 0.0006 94.1433
123 2.7343 2.5732 2.4092 2.1318 0.4807 1.2741 -1.9200 0.4227 1.0800 0.1935 0.7546 -2.0010 0.0038 0.0008 96.9506
124 2.7063 2.6247 2.4132 2.0989 0.4830 1.2867 -1.9260 0.4153 1.0740 0.1976 0.7443 -2.0010 0.0051 0.0010 100.2681
125 2.7025 2.6000 2.4059 2.1587 0.4961 1.2302 -1.8710 0.4092 1.1290 0.2024 0.7356 -2.0010 0.0055 0.0010 103.4024
126 2.7769 2.5856 2.4064 2.0927 0.4570 1.2948 -1.9450 0.4202 1.0550 0.2067 0.7285 -2.0010 0.0041 0.0010 107.0322
127 0.6106 1.0206 1.0439 3.0778 1.7127 1.2217 -1.6840 0.2991 1.3160 0.2110 0.7219 -2.0010 0.0037 0.0008 110.2805
128 2.7520 2.5707 2.3877 2.1046 0.5089 1.3266 -1.9300 0.4240 1.0700 0.2155 0.7201 -2.0010 0.0042 0.0010 114.1741
129 2.7552 2.5938 2.4356 2.1283 0.4274 1.3151 -1.8850 0.4199 1.1150 0.2196 0.7148 -2.0010 0.0047 0.0010 117.6784
130 0.5662 0.9237 1.0887 2.9246 1.7340 1.1871 -1.7600 0.4021 1.2400 0.2231 0.7105 -2.0010 0.0046 0.0010 121.4914
131 2.7384 2.5000 1.2808 0.1000 0.4851 0.1000 -1.7930 0.3754 1.2070 0.2266 0.7100 -2.0010 0.0063 0.0008 125.1929
132 2.7543 2.5663 2.3585 2.0791 0.4581 1.2626 -2.0270 0.4142 0.9730 0.2321 0.7127 -2.0010 0.0030 0.0010 129.9222
133 2.7545 2.5521 2.3441 2.0732 0.4397 1.2552 -2.0110 0.4082 0.9890 0.2355 0.7094 -2.0270 0.0033 0.0008 133.0776
134 0.5358 0.9437 1.2618 3.0174 1.6479 1.2001 -1.6110 0.3216 1.3890 0.2385 0.7062 -2.0270 0.0058 0.0010 136.2616
135 0.6740 0.9007 1.1080 2.9949 1.6786 1.0289 -1.6310 0.2981 1.3690 0.2428 0.7069 -2.0270 0.0039 0.0006 139.3927
136 2.7600 2.5399 2.3459 2.0779 0.4289 1.2507 -2.0530 0.4066 0.9470 0.2470 0.7079 -2.0270 0.0040 0.0010 142.2671
137 2.7709 2.5156 2.3418 2.0858 0.4067 1.2400 -1.9750 0.4005 1.0250 0.2498 0.7054 -2.0530 0.0047 0.0009 145.3142
138 2.8261 2.6171 1.2106 0.1000 0.6408 0.1000 -1.9470 0.3925 1.0530 0.2526 0.7030 -2.0530 0.0146 0.0010 150.4575
139 2.8211 2.7296 1.2265 0.1000 0.5717 0.1000 -1.8710 0.3923 1.1290 0.2568 0.7043 -2.0530 0.0108 0.0008 154.6995
140 2.7266 2.5623 2.3346 2.0506 0.4006 1.2732 -1.8930 0.4030 1.1070 0.2603 0.7024 -2.0530 0.0047 0.0010 158.2600
141 2.8014 2.5048 2.3735 2.0988 0.4615 1.2312 -2.0670 0.4039 0.9330 0.2627 0.7010 -2.0530 0.0035 0.0009 161.7327
142 2.9657 2.5749 1.2359 0.1000 0.6264 0.1000 -1.6040 0.3263 1.3960 0.2655 0.6998 -2.0670 0.0061 0.0009 165.3149
143 2.8121 2.4902 2.3798 2.1043 0.4598 1.2259 -2.0500 0.4019 0.9500 0.2660 0.6994 -2.0670 0.0036 0.0008 168.5061
144 0.6815 1.1053 1.2134 2.8760 1.8305 1.1826 -0.5610 0.2101 2.4390 0.2686 0.6984 -2.0670 0.0049 0.0007 171.6680
145 2.8101 2.4995 2.3818 2.0904 0.4675 1.2224 -2.0460 0.3947 0.9540 0.2535 0.7065 -2.0670 0.0035 0.0007 174.8486
146 2.6730 2.6515 1.2055 0.1000 0.6593 0.1000 -1.8890 0.4008 1.1110 0.2556 0.7056 -2.0670 0.0050 0.0010 179.1856
147 2.8099 2.4859 2.3639 2.1160 0.4658 1.2354 -2.0720 0.4113 0.9280 0.2583 0.7039 -2.0670 0.0033 0.0008 182.5061
148 2.7146 2.6751 1.3485 0.1000 0.6450 0.1594 -1.9470 0.4544 1.0530 0.2605 0.7032 -2.0720 0.0071 0.0009 186.5348
149 2.8137 2.4760 2.3638 2.1254 0.4604 1.2367 -1.9810 0.4138 1.0190 0.2635 0.7025 -2.0720 0.0038 0.0010 189.7701
150 2.8107 2.5088 2.4027 2.0742 0.4523 1.2090 -2.0360 0.3765 0.9640 0.2654 0.7023 -2.0720 0.0037 0.0010 193.2942
151 2.8191 2.5080 2.4022 2.0954 0.4295 1.1972 -2.0350 0.3780 0.9650 0.2677 0.7022 -2.0720 0.0030 0.0010 196.6994
152 2.8040 2.4952 2.3966 2.0626 0.4738 1.2316 -2.0950 0.3853 0.9050 0.2699 0.7022 -2.0720 0.0028 0.0006 199.8402
153 2.8141 2.4748 2.4158 2.0453 0.4697 1.2430 -2.0360 0.3774 0.9640 0.2718 0.7023 -2.0950 0.0040 0.0008 203.0654
154 0.4790 0.8164 1.0951 3.0301 1.5757 1.0967 -1.8250 0.3445 1.1750 0.2741 0.7026 -2.0950 0.0036 0.0008 206.8092
155 0.4983 0.6919 1.2812 3.1416 1.4796 0.9541 -1.4900 0.2774 1.5100 0.2770 0.7052 -2.0950 0.0058 0.0008 210.5014
156 2.8493 2.4571 2.4295 2.0715 0.4107 1.2361 -2.0550 0.3718 0.9450 0.2794 0.7073 -2.0950 0.0056 0.0010 214.0445
157 2.7929 2.4478 2.4424 2.0887 0.4339 1.2142 -2.0320 0.3770 0.9680 0.2821 0.7080 -2.0950 0.0046 0.0009 217.7988
158 2.6216 2.7798 1.3743 0.1000 0.5489 0.1000 -1.7440 0.3773 1.2560 0.2844 0.7087 -2.0950 0.0051 0.0008 222.2017
159 2.8669 2.4734 2.3962 2.0535 0.4279 1.2521 -2.0570 0.3701 0.9430 0.2859 0.7094 -2.0950 0.0048 0.0008 225.6259
160 2.8595 2.4891 2.4199 2.0546 0.3990 1.1930 -2.0650 0.3382 0.9350 0.2880 0.7102 -2.0950 0.0057 0.0010 229.1887
161 2.7194 2.6492 1.3189 0.1000 0.8198 0.1000 -1.9200 0.3944 1.0800 0.2901 0.7111 -2.0950 0.0065 0.0010 234.0399
162 2.7416 2.7227 1.2421 0.1000 0.7535 0.2515 -1.9950 0.5094 1.0050 0.2928 0.7129 -2.0950 0.0054 0.0008 238.6993
163 0.4581 0.6616 1.1408 2.9078 1.6790 1.0963 -1.8220 0.3882 1.1780 0.2952 0.7144 -2.0950 0.0045 0.0008 243.4701
164 2.8735 2.4459 2.4150 2.0963 0.3737 1.2108 -2.0770 0.3603 0.9230 0.2968 0.7170 -2.0950 0.0049 0.0009 247.3977
165 2.8751 2.4407 2.4198 2.1002 0.3648 1.2105 -2.0430 0.3589 0.9570 0.2991 0.7184 -2.0950 0.0061 0.0008 250.6023
166 2.7514 2.8246 1.2021 0.1000 0.8196 0.1569 -1.9170 0.4345 1.0830 0.3007 0.7198 -2.0950 0.0054 0.0009 254.5685
167 2.8561 2.4962 2.4495 2.0676 0.3871 1.2105 -2.0420 0.3529 0.9580 0.3031 0.7213 -2.0950 0.0031 0.0004 259.0518
168 2.6801 2.6229 1.2739 0.1000 0.7840 0.2824 -1.8990 0.4709 1.1010 0.3048 0.7228 -2.0950 0.0069 0.0010 263.8600
169 2.8609 2.4322 2.4041 2.0865 0.3998 1.2681 -2.0280 0.3817 0.9720 0.3069 0.7247 -2.0950 0.0042 0.0007 267.4689
170 2.8602 2.4505 2.3894 2.0730 0.4012 1.1657 -2.0360 0.3313 0.9640 0.3085 0.7264 -2.0950 0.0039 0.0009 271.2005
171 2.8106 2.7987 1.3719 0.1000 0.7690 0.2560 -1.8720 0.4773 1.1280 0.3103 0.7281 -2.0950 0.0056 0.0010 275.6849
172 2.8733 2.4593 2.4501 2.1238 0.4273 1.2021 -2.1110 0.3810 0.8890 0.3125 0.7301 -2.0950 0.0049 0.0009 280.6842
173 2.8890 2.4373 2.4720 2.1477 0.4146 1.1885 -2.0880 0.3780 0.9120 0.3144 0.7316 -2.1110 0.0036 0.0006 284.2566
174 2.8867 2.4306 2.4782 2.1596 0.3893 1.1795 -2.0260 0.3740 0.9740 0.3163 0.7336 -2.1110 0.0051 0.0007 287.4786
175 0.1000 1.2929 0.1000 0.1000 1.5543 1.0246 -0.3740 0.0376 2.6260 0.3177 0.7353 -2.1110 0.0197 0.0010 291.8478
176 2.6814 2.6689 1.0739 0.1000 0.9054 0.1000 -1.9160 0.3955 1.0840 0.3168 0.7328 -2.1110 0.0052 0.0010 296.3844
177 2.5412 2.8080 1.2153 0.1000 0.9436 0.1000 -1.6690 0.3681 1.3310 0.3196 0.7360 -2.1110 0.0064 0.0010 300.8524
178 0.1492 0.4498 1.2974 2.9569 1.6396 1.1154 -0.6270 0.1922 2.3730 0.3208 0.7383 -2.1110 0.0126 0.0010 305.1027
179 2.9038 2.4498 2.4532 2.1059 0.4556 1.2134 -2.0370 0.3740 0.9630 0.3181 0.7442 -2.1110 0.0047 0.0010 308.8565
180 2.8705 2.4715 2.5058 2.1004 0.3462 1.1733 -1.9730 0.3314 1.0270 0.3198 0.7463 -2.1110 0.0105 0.0008 312.7394
181 2.8719 2.4022 2.4032 2.1660 0.4229 1.2132 -2.1920 0.3998 0.8080 0.3212 0.7484 -2.1110 0.0055 0.0009 316.0372
182 2.9008 2.3191 2.3847 2.2333 0.3897 1.2176 -2.0200 0.3920 0.9800 0.3230 0.7511 -2.1920 0.0048 0.0009 319.1626
183 2.9820 2.3654 2.3628 2.1826 0.3518 1.0902 -1.8570 0.2855 1.1430 0.3249 0.7526 -2.1920 0.0104 0.0009 322.8600
184 2.9542 2.8194 1.0593 0.1000 1.0578 0.1000 -1.4730 0.2799 1.5270 0.3265 0.7545 -2.1920 0.0065 0.0006 328.4926
185 0.1000 3.1074 0.1000 2.6646 3.1416 2.4234 0.9190 0.0271 3.9190 0.3273 0.7562 -2.1920 0.0280 0.0009 333.8864
186 2.8400 2.3444 2.4754 2.2096 0.4297 1.3215 -2.0160 0.3987 0.9840 0.3282 0.7657 -2.1920 0.0049 0.0009 337.3428
187 2.8361 2.3641 2.4214 2.2395 0.2314 1.3073 -1.8810 0.3519 1.1190 0.3303 0.7681 -2.1920 0.0070 0.0005 341.5522
188 2.7946 2.3549 2.4298 2.1972 0.4658 1.1787 -2.0310 0.4086 0.9690 0.3321 0.7706 -2.1920 0.0034 0.0008 345.8356
189 2.9341 2.3391 2.4108 2.1370 0.4936 1.2850 -1.9670 0.3830 1.0330 0.3340 0.7732 -2.1920 0.0065 0.0010 350.4156
190 2.8664 2.4421 2.4228 2.2674 0.4475 1.2282 -2.0520 0.4206 0.9480 0.3358 0.7758 -2.1920 0.0035 0.0010 356.8907
191 2.7081 2.8740 1.0514 0.1000 0.6674 0.3009 -1.8300 0.4860 1.1700 0.3377 0.7783 -2.1920 0.0062 0.0008 362.7323
192 2.9321 2.3144 2.6076 2.3509 0.4024 1.2026 -1.8900 0.3715 1.1100 0.3398 0.7816 -2.1920 0.0077 0.0010 366.0899
193 3.1188 2.3405 2.6092 2.1753 0.2298 1.3549 -1.5850 0.2443 1.4150 0.3421 0.7847 -2.1920 0.0129 0.0010 369.9472
194 2.7666 2.3282 2.3645 2.3519 0.4811 1.2944 -1.8090 0.4024 1.1910 0.3436 0.7876 -2.1920 0.0064 0.0007 373.7056
195 2.7968 2.3018 2.5023 2.1470 0.3626 1.1760 -1.8270 0.3353 1.1730 0.3450 0.7900 -2.1920 0.0036 0.0008 378.6436
196 3.0199 2.3788 2.5545 2.6006 0.1278 1.0126 -1.8050 0.2691 1.1950 0.3458 0.7929 -2.1920 0.0106 0.0004 382.7057
197 3.1416 2.1538 2.7211 2.8969 0.1000 1.0826 -0.8780 0.1016 2.1220 0.3475 0.7965 -2.1920 0.0115 0.0009 387.1265
198 2.5999 2.3450 1.1747 0.1000 0.8620 0.1000 -1.0810 0.2411 1.9190 0.3462 0.7987 -2.1920 0.0055 0.0008 392.8242
199 2.8750 2.5167 2.4834 2.3483 0.2800 1.0806 -2.0750 0.3753 0.9250 0.3416 0.8010 -2.1920 0.0055 0.0009 397.3798
181 2.8719 2.4022 2.4032 2.1660 0.4229 1.2132 -2.1920 0.3998 0.8080 0.3212 0.7484 -2.1110 0.0055 0.0009 397.3798
