0 0.1205 0.2530 2.2247 1.9467 2.1565 0.3055 -0.3850 0.0808 2.6150 0.1000 0.9935 0.0000 0.0000 0.0000 0.0000
1 3.0150 2.3783 0.1356 1.8333 1.0928 0.8076 0.0140 0.0329 3.0140 0.1000 0.9935 0.0000 0.0000 0.0000 0.0000
2 1.9673 3.0896 0.1958 2.5479 2.9349 0.3647 -0.1190 0.0464 2.8810 0.1000 0.9935 0.0000 0.0000 0.0000 0.0000
3 2.8292 0.1438 1.0792 0.1711 0.6402 0.6227 -0.0560 0.1683 2.9440 0.1000 0.9935 0.0000 0.0000 0.0000 0.0000
4 1.8084 1.4245 3.0431 2.3971 0.3273 0.3141 -0.1370 0.0292 2.8630 0.1000 0.9935 0.0000 0.0000 0.0000 0.0000
5 0.9484 2.5788 2.5390 2.6496 2.7339 2.3236 -0.0080 0.0493 2.9920 0.1000 0.9935 0.0000 0.0000 0.0000 0.0000
6 1.8011 2.6595 2.6041 2.5869 2.7750 1.7177 -0.3620 0.0454 2.6380 0.1000 0.9935 0.0000 0.0000 0.0000 0.0000
7 0.3639 1.9997 2.2312 2.9860 2.3721 2.8243 0.1600 0.0350 3.1600 0.1000 0.9935 0.0000 0.0000 0.0000 0.0000
8 2.8760 1.0968 2.9164 1.8316 1.4185 1.4522 -0.1560 0.0379 2.8440 0.1000 0.9935 0.0000 0.0000 0.0000 0.0000
9 1.6101 1.3602 2.2958 0.8797 1.4260 2.0767 -0.8110 0.2793 2.1890 0.1000 0.9935 0.0000 0.0000 0.0000 0.0000
10 3.0517 2.3217 1.7883 1.2400 2.1080 2.9118 0.9140 0.0715 3.9140 0.1000 0.9935 0.0000 0.0000 0.0000 0.0000
11 0.1536 1.2757 0.9626 2.4585 2.1287 0.1086 -0.2270 0.0578 2.7730 0.1000 0.9935 0.0000 0.0000 0.0000 0.0000
12 2.8282 1.3416 0.5219 0.4006 0.3169 0.8546 -0.7080 0.0661 2.2920 0.1000 0.9935 0.0000 0.0000 0.0000 0.0000
13 0.3497 2.2444 0.5188 1.4155 2.0999 1.4428 -1.2370 0.1396 1.7630 0.1000 0.9935 0.0000 0.0000 0.0000 0.0000
14 0.9864 1.4786 1.4995 1.8600 1.8941 1.0617 0.8460 0.0770 3.8460 0.1000 0.9935 0.0000 0.0000 0.0000 0.0000
15 2.1708 2.6980 3.0407 1.9827 0.9948 0.1017 0.8760 0.0454 3.8760 0.1000 0.9935 0.0000 0.0000 0.0000 0.0000
16 1.4073 3.1107 3.1101 2.2566 0.6892 0.7170 -0.4750 0.0880 2.5250 0.1000 0.9935 0.0000 0.0000 0.0000 0.0000
17 0.5711 1.4173 2.9950 0.7341 2.5831 1.7693 -1.1390 0.1405 1.8610 0.1000 0.9935 0.0000 0.0000 0.0000 0.0000
18 0.9125 1.4799 0.2634 2.0296 2.8499 1.0853 -0.3820 0.1125 2.6180 0.1000 0.9935 0.0000 0.0000 0.0000 0.0000
19 3.0491 0.9788 1.1753 2.2144 0.7512 0.2126 -0.1900 0.0956 2.8100 0.1000 0.9935 0.0000 0.0000 0.0000 0.0000
20 1.6195 1.5922 0.5935 0.6287 0.4442 0.6789 0.1850 0.0865 3.1850 0.1000 0.9935 0.0000 0.0000 0.0000 0.0000
21 0.5567 2.0785 2.8089 1.9190 0.7950 1.7791 0.0470 0.0207 3.0470 0.1000 0.9935 0.0000 0.0000 0.0000 0.0000
22 3.0042 1.1922 2.3184 0.1163 2.4290 2.7138 -0.2880 0.2633 2.7120 0.1000 0.9935 0.0000 0.0000 0.0000 0.0000
23 1.7523 2.8244 1.9138 2.4792 1.5904 1.2645 0.2450 0.0240 3.2450 0.1000 0.9935 0.0000 0.0000 0.0000 0.0000
24 0.9261 1.8060 2.4460 0.2061 2.1406 0.2018 -0.0580 0.0998 2.9420 0.1000 0.9935 0.0000 0.0000 0.0000 0.0000
25 2.0579 2.2766 2.8886 2.0855 2.0816 2.1763 0.2030 0.0286 3.2030 0.1000 0.9935 0.0000 0.0000 0.0000 0.0000
26 2.1487 2.2103 2.1716 2.6774 1.1860 2.9974 0.4120 0.0128 3.4120 0.1000 0.9935 0.0000 0.0000 0.0000 0.0000
27 0.6858 0.2352 0.2565 1.7684 2.7054 0.4744 -0.3750 0.0600 2.6250 0.1000 0.9935 0.0000 0.0000 0.0000 0.0000
28 2.7926 1.6187 2.1188 0.6016 3.1198 1.5094 -0.0130 0.0099 2.9870 0.1000 0.9935 0.0000 0.0000 0.0000 0.0000
29 0.8298 1.9946 0.2385 2.0781 2.6517 0.4774 -0.5020 0.0819 2.4980 0.1000 0.9935 0.0000 0.0000 0.0000 0.0000
30 0.8693 0.9341 0.6935 1.9867 2.5779 1.4914 1.2600 0.0182 4.2600 0.1000 0.9935 0.0000 0.0000 0.0000 0.0000
31 2.2145 2.8593 2.5886 1.2550 2.8208 0.6689 0.4810 0.0660 3.4810 0.1000 0.9935 0.0000 0.0000 0.0000 0.0000
32 2.6037 0.3589 1.0722 0.4142 1.8150 0.4389 -0.4370 0.0994 2.5630 0.1000 0.9935 0.0000 0.0000 0.0000 0.0000
33 1.9480 0.6072 2.1453 1.6076 1.0487 0.5269 0.7760 0.0051 3.7760 0.1000 0.9935 0.0000 0.0000 0.0000 0.0000
34 2.4037 0.6870 1.1103 2.8945 2.7782 2.2978 -0.5160 0.0297 2.4840 0.1000 0.9935 0.0000 0.0000 0.0000 0.0000
35 2.0387 2.6637 2.6429 2.6287 2.3888 1.3635 -0.1760 0.0808 2.8240 0.1000 0.9935 0.0000 0.0000 0.0000 0.0000
36 2.4039 1.2992 1.8131 0.1777 0.5765 2.1503 -0.0400 0.0603 2.9600 0.1000 0.9935 0.0000 0.0000 0.0000 0.0000
37 0.3593 0.4011 2.7596 2.8272 3.0598 2.5001 2.1980 0.0091 5.1980 0.1000 0.9935 0.0000 0.0000 0.0000 0.0000
38 1.0139 1.9420 1.6710 0.3516 0.5838 1.9652 -0.0950 0.0065 2.9050 0.1000 0.9935 0.0000 0.0000 0.0000 0.0000
39 1.3891 1.8497 2.9057 0.3204 0.5805 3.0737 0.0140 0.0715 3.0140 0.1000 0.9935 0.0000 0.0000 0.0000 0.0000
40 0.4540 1.2208 1.7839 0.9086 1.2686 0.6035 0.1230 0.1440 3.1230 0.1000 0.9935 0.0000 0.0000 0.0000 0.0000
41 2.5616 0.7864 2.2955 1.4965 1.6359 0.3428 -0.6130 0.0430 2.3870 0.1000 0.9935 0.0000 0.0000 0.0000 0.0000
42 2.7954 0.1453 2.7359 0.1559 1.2626 1.4525 -0.2250 0.0781 2.7750 0.1000 0.9935 0.0000 0.0000 0.0000 0.0000
43 1.9593 0.9073 3.1323 1.1480 0.7684 2.3376 1.7000 0.0194 4.7000 0.1000 0.9935 0.0000 0.0000 0.0000 0.0000
44 2.1011 1.9474 3.0006 2.7849 1.0292 2.8259 -0.0140 0.1608 2.9860 0.1000 0.9935 -1.2370 0.0000 0.0000 11.1703
45 0.6101 1.4165 2.9710 0.7329 2.5402 1.7808 -1.0260 0.1329 1.9740 0.1000 0.9935 -1.2370 0.0226 0.0007 13.3850
46 0.5350 1.4254 3.0276 0.6995 2.6224 1.7575 -1.2760 0.1614 1.7240 0.1098 0.9481 -1.2370 0.0163 0.0009 15.9921
47 0.3439 2.2701 0.4865 1.4171 2.1166 1.4251 -1.1540 0.1378 1.8460 0.1309 0.9130 -1.2760 0.0089 0.0009 18.5747
48 0.3538 2.2168 0.5574 1.4104 2.0776 1.4672 -1.3070 0.1414 1.6930 0.1415 0.8826 -1.2760 0.0057 0.0009 20.7789
49 0.5026 1.4311 3.0546 0.6761 2.6579 1.7473 -1.3350 0.1756 1.6650 0.1516 0.8585 -1.3070 0.0039 0.0009 23.0984
50 0.3495 2.2009 0.5913 1.3968 2.0518 1.4979 -1.3170 0.1450 1.6830 0.1671 0.8418 -1.3350 0.0048 0.0007 25.4118
51 0.3365 2.2093 0.5959 1.3812 2.0446 1.5136 -1.2500 0.1525 1.7500 0.1811 0.8296 -1.3350 0.0102 0.0009 27.6464
52 0.3815 2.1744 0.5913 1.4327 2.0592 1.4686 -0.9590 0.1236 2.0410 0.1890 0.8206 -1.3350 0.0051 0.0009 30.1763
53 0.4906 1.4332 3.0647 0.6674 2.6710 1.7437 -1.4410 0.1804 1.5590 0.1481 0.8154 -1.3350 0.0043 0.0010 32.4285
54 0.2838 2.2747 0.5515 1.3340 2.0751 1.5228 -1.4940 0.1835 1.5060 0.1644 0.8172 -1.4410 0.0036 0.0008 35.4720
55 0.2498 2.3016 0.5491 1.2969 2.0756 1.5494 -1.5860 0.1951 1.4140 0.1982 0.8265 -1.4940 0.0057 0.0007 37.7582
56 0.2108 2.3322 0.5472 1.2544 2.0747 1.5805 -1.5830 0.1989 1.4170 0.2286 0.8336 -1.5860 0.0072 0.0009 39.7368
57 0.2058 2.3367 0.5466 1.2493 2.0735 1.5844 -1.5440 0.1987 1.4560 0.2481 0.8299 -1.5860 0.0083 0.0010 41.9584
58 0.2224 2.3294 0.5546 1.2399 2.0975 1.5792 -1.6460 0.2037 1.3540 0.2570 0.8255 -1.5860 0.0121 0.0009 44.3146
59 0.2266 2.3416 0.5708 1.1808 2.1494 1.5938 -1.5380 0.2086 1.4620 0.2728 0.8263 -1.6460 0.0076 0.0009 46.6096
60 0.1000 2.3390 0.5557 1.2510 2.0845 1.5834 -1.4470 0.1848 1.5530 0.2860 0.8236 -1.6460 0.0157 0.0010 49.5535
61 0.3445 1.4692 3.1416 0.5208 2.8164 1.7157 -1.4240 0.2095 1.5760 0.2903 0.8206 -1.6460 0.0079 0.0009 52.3317
62 0.2932 2.3769 0.5179 1.2035 2.0503 1.6230 -1.6690 0.1944 1.3310 0.3027 0.8212 -1.6460 0.0063 0.0010 54.5926
63 0.3088 2.4011 0.5013 1.1843 2.0314 1.6449 -1.5500 0.1883 1.4500 0.3181 0.8247 -1.6690 0.0061 0.0010 56.9591
64 0.2929 2.4379 0.5927 1.2107 2.0544 1.5829 -1.6460 0.2360 1.3540 0.3219 0.8211 -1.6690 0.0122 0.0010 60.0914
65 0.2940 2.4618 0.5936 1.2392 2.0797 1.6304 -1.5990 0.2188 1.4010 0.3340 0.8227 -1.6690 0.0047 0.0008 62.6206
66 0.2851 2.4244 0.5776 1.1520 2.0248 1.5452 -1.6760 0.2442 1.3240 0.3435 0.8251 -1.6690 0.0054 0.0009 64.7173
67 0.2830 2.4366 0.5802 1.1292 2.0152 1.5344 -1.7670 0.2469 1.2330 0.3536 0.8290 -1.6760 0.0049 0.0008 66.9640
68 0.2734 2.4829 0.5891 1.0353 1.9755 1.4824 -1.6160 0.2299 1.3840 0.3620 0.8354 -1.7670 0.0065 0.0009 69.2696
69 0.2765 2.4179 0.6872 1.0690 1.9438 1.6101 -1.4360 0.2292 1.5640 0.3671 0.8331 -1.7670 0.0063 0.0009 71.9056
70 0.2803 2.5206 0.4772 1.1230 2.0738 1.4661 -1.7290 0.2275 1.2710 0.3663 0.8350 -1.7670 0.0060 0.0009 74.4404
71 0.2867 2.5608 0.4507 1.0825 2.1120 1.4680 -1.6410 0.2154 1.3590 0.3775 0.8413 -1.7670 0.0093 0.0010 76.7330
72 0.3514 1.6072 3.1416 0.1947 2.7036 1.9721 0.8190 0.0619 3.8190 0.3822 0.8437 -1.7670 0.0224 0.0009 79.3775
73 0.2831 2.4563 0.5216 1.1612 2.0303 1.4611 -1.7960 0.2382 1.2040 0.3000 0.9227 -1.7670 0.0046 0.0009 81.6385
74 0.2759 2.4637 0.5131 1.1734 2.0053 1.4399 -1.7770 0.2283 1.2230 0.3046 0.9283 -1.7960 0.0043 0.0008 84.4236
75 0.2699 2.4766 0.5090 1.1796 1.9940 1.4403 -1.7830 0.2257 1.2170 0.3101 0.9349 -1.7960 0.0052 0.0008 87.1184
76 0.2663 2.4846 0.5050 1.1824 1.9867 1.4406 -1.7570 0.2237 1.2430 0.3151 0.9417 -1.7960 0.0064 0.0009 89.9426
77 0.2856 2.4352 0.5054 1.1512 2.0183 1.4298 -1.7510 0.2252 1.2490 0.3199 0.9489 -1.7960 0.0050 0.0009 92.7458
78 0.2692 2.4991 0.5470 1.1868 2.0237 1.4267 -1.7650 0.2428 1.2350 0.3253 0.9568 -1.7960 0.0043 0.0009 95.4296
79 0.2599 2.5117 0.4930 1.1896 1.9705 1.4496 -1.7630 0.2213 1.2370 0.3306 0.9647 -1.7960 0.0051 0.0010 98.0034
80 0.3400 1.3531 3.1416 0.7725 2.9117 1.4882 -0.2420 0.0325 2.7580 0.3356 0.9728 -1.7960 0.0103 0.0009 100.9390
81 0.3101 2.4799 0.5275 1.1794 2.0154 1.4582 -1.7720 0.2371 1.2280 0.2720 0.9869 -1.7960 0.0030 0.0007 103.7426
82 0.2552 2.4700 0.5292 1.1811 2.0296 1.4599 -1.8530 0.2423 1.1470 0.2761 0.9960 -1.7960 0.0032 0.0008 106.7329
83 0.1878 2.5123 0.5570 1.1830 2.0442 1.4010 -1.6670 0.2411 1.3330 0.2787 1.0038 -1.8530 0.0045 0.0007 109.5531
84 0.3560 2.5932 0.5121 1.2090 1.9602 1.4492 -1.7090 0.2320 1.2910 0.2828 1.0125 -1.8530 0.0064 0.0009 112.1552
85 0.2556 2.4908 0.3805 1.1505 1.9018 1.4430 -1.5820 0.1611 1.4180 0.2881 1.0207 -1.8530 0.0066 0.0008 114.7913
86 0.3637 2.4845 0.5696 1.1609 2.0643 1.4117 -1.8510 0.2471 1.1490 0.2913 1.0295 -1.8530 0.0038 0.0006 117.6279
87 0.3711 2.4879 0.5730 1.1558 2.0669 1.4028 -1.7820 0.2453 1.2180 0.2956 1.0394 -1.8530 0.0033 0.0008 120.6026
88 0.3739 2.5104 0.5617 1.1325 2.0386 1.3435 -1.6820 0.2049 1.3180 0.2987 1.0484 -1.8530 0.0056 0.0007 123.5723
89 0.3414 2.4916 0.5562 1.1994 2.0828 1.4568 -1.7960 0.2570 1.2040 0.3015 1.0574 -1.8530 0.0037 0.0009 126.4645
90 0.3797 2.4565 0.5289 1.1663 2.0616 1.4643 -1.7300 0.2357 1.2700 0.3048 1.0669 -1.8530 0.0026 0.0006 129.4788
91 0.3264 2.5451 0.6132 1.1999 2.0838 1.4375 -1.7960 0.2825 1.2040 0.3082 1.0768 -1.8530 0.0039 0.0009 132.4103
92 0.3662 2.6226 0.6224 1.1914 2.1391 1.4268 -1.7050 0.3038 1.2950 0.3116 1.0862 -1.8530 0.0055 0.0009 134.7186
93 0.3176 2.4862 0.6099 1.2162 2.0296 1.4320 -1.8400 0.2624 1.1600 0.3154 1.0950 -1.8530 0.0031 0.0010 138.2603
94 0.3182 2.4879 0.6118 1.2183 2.0267 1.4312 -1.8330 0.2622 1.1670 0.3181 1.1047 -1.8530 0.0025 0.0007 141.2120
95 0.3095 2.4693 0.6136 1.2019 2.0558 1.4262 -1.8560 0.2674 1.1440 0.3203 1.1145 -1.8530 0.0028 0.0009 144.3630
96 0.3084 2.4660 0.6197 1.2003 2.0598 1.4224 -1.8420 0.2693 1.1580 0.3222 1.1243 -1.8560 0.0028 0.0008 147.2502
97 0.3082 2.4658 0.6211 1.2001 2.0601 1.4215 -1.8110 0.2697 1.1890 0.3243 1.1342 -1.8560 0.0029 0.0008 150.3730
98 0.3191 2.4955 0.6217 1.2260 2.0166 1.4262 -1.7730 0.2624 1.2270 0.3265 1.1442 -1.8560 0.0031 0.0007 153.9532
99 0.3037 2.4612 0.6049 1.1831 2.0922 1.4240 -1.8280 0.2731 1.1720 0.3288 1.1544 -1.8560 0.0029 0.0010 157.2008
100 0.3022 2.4730 0.5858 1.2084 2.0861 1.4287 -1.8250 0.2654 1.1750 0.3310 1.1644 -1.8560 0.0029 0.0010 160.3758
101 0.3079 2.4592 0.6257 1.1704 2.0928 1.4173 -1.8500 0.2788 1.1500 0.3331 1.1745 -1.8560 0.0029 0.0008 163.9756
102 0.3078 2.4590 0.6279 1.1702 2.0944 1.4156 -1.8950 0.2796 1.1050 0.3350 1.1847 -1.8560 0.0032 0.0008 167.0590
103 0.3017 2.4572 0.6911 1.1456 2.1488 1.3697 -1.8170 0.3035 1.1830 0.3364 1.1950 -1.8950 0.0037 0.0008 169.8902
104 0.2785 2.5163 0.7548 1.1828 2.1054 1.3352 -1.7310 0.2863 1.2690 0.3398 1.2049 -1.8950 0.0052 0.0006 173.1341
105 0.3174 2.4531 0.6536 1.0794 2.2430 1.3539 -1.9170 0.3210 1.0830 0.3430 1.2138 -1.8950 0.0067 0.0009 175.8382
106 0.3175 2.4577 0.6660 1.0419 2.2977 1.3263 -1.8490 0.3364 1.1510 0.3450 1.2267 -1.9170 0.0055 0.0010 178.8503
107 0.2850 2.4977 0.6787 1.0135 2.3674 1.2770 -1.8370 0.3454 1.1630 0.3477 1.2348 -1.9170 0.0103 0.0009 181.0858
108 0.2837 2.4146 0.6348 1.0478 2.2463 1.3028 -1.7570 0.3111 1.2430 0.3510 1.2428 -1.9170 0.0055 0.0008 183.9795
109 0.3579 2.5123 0.7099 1.0592 2.3356 1.3753 -1.8210 0.3537 1.1790 0.3531 1.2523 -1.9170 0.0040 0.0006 186.8783
110 0.3400 2.5807 0.6885 0.9465 2.4884 1.2761 -1.7600 0.3689 1.2400 0.3563 1.2602 -1.9170 0.0093 0.0007 189.4254
111 0.2818 2.5221 0.6600 1.1267 2.3354 1.3415 -1.9270 0.3438 1.0730 0.3596 1.2669 -1.9170 0.0055 0.0010 192.5843
112 0.2681 2.5345 0.6638 1.1350 2.3659 1.3323 -1.9530 0.3478 1.0470 0.3618 1.2746 -1.9270 0.0043 0.0007 195.5367
113 0.2451 2.5549 0.6709 1.1486 2.4123 1.3192 -1.9720 0.3484 1.0280 0.3633 1.2841 -1.9530 0.0051 0.0009 198.4256
114 0.2259 2.5716 0.6770 1.1587 2.4478 1.3089 -1.8620 0.3432 1.1380 0.3653 1.2936 -1.9720 0.0054 0.0009 201.2736
115 0.3057 2.5445 0.6250 1.1568 2.3953 1.3000 -1.8270 0.3356 1.1730 0.3673 1.3002 -1.9720 0.0053 0.0009 204.4940
116 0.2035 2.5506 0.7110 1.1076 2.3838 1.3636 -1.7870 0.3439 1.2130 0.3697 1.3083 -1.9720 0.0047 0.0010 207.1574
117 0.2848 2.5629 0.7427 1.1589 2.4048 1.2246 -1.7510 0.3128 1.2490 0.3724 1.3189 -1.9720 0.0063 0.0008 210.0947
118 0.2614 2.5097 0.5845 1.1003 2.4935 1.3680 -1.9830 0.3527 1.0170 0.3746 1.3261 -1.9720 0.0062 0.0008 213.0566
119 0.2526 2.5117 0.5640 1.0929 2.5418 1.3696 -1.9800 0.3499 1.0200 0.3772 1.3370 -1.9830 0.0054 0.0007 217.2534
120 0.2487 2.5137 0.5567 1.0904 2.5591 1.3692 -1.9610 0.3485 1.0390 0.3792 1.3463 -1.9830 0.0053 0.0010 220.6387
121 0.2412 2.5214 0.5466 1.0872 2.5798 1.3658 -1.9330 0.3463 1.0670 0.3809 1.3548 -1.9830 0.0060 0.0006 223.6890
122 0.2744 2.4877 0.5912 1.1015 2.5074 1.3821 -1.9850 0.3541 1.0150 0.3825 1.3630 -1.9830 0.0048 0.0009 226.5086
123 0.2770 2.4837 0.5943 1.1022 2.5111 1.3842 -1.9850 0.3549 1.0150 0.3842 1.3716 -1.9850 0.0047 0.0009 229.3570
124 0.2777 2.4827 0.5951 1.1024 2.5125 1.3848 -1.9910 0.3551 1.0090 0.3857 1.3804 -1.9850 0.0044 0.0010 232.1877
125 0.2824 2.4751 0.6022 1.1035 2.5251 1.3885 -1.9780 0.3571 1.0220 0.3871 1.3894 -1.9910 0.0047 0.0008 235.0985
126 0.2854 2.4781 0.6028 1.1046 2.5291 1.3922 -1.9640 0.3566 1.0360 0.3886 1.3982 -1.9910 0.0061 0.0009 238.3202
127 0.2613 2.4612 0.5896 1.0945 2.5095 1.3664 -2.0160 0.3567 0.9840 0.3901 1.4071 -1.9910 0.0046 0.0009 241.4308
128 0.2421 2.4247 0.5917 1.0789 2.5590 1.3469 -2.0270 0.3633 0.9730 0.3915 1.4159 -2.0160 0.0058 0.0009 244.1808
129 0.2331 2.4093 0.5896 1.0685 2.5933 1.3397 -2.0320 0.3643 0.9680 0.3939 1.4253 -2.0270 0.0045 0.0006 247.2084
130 0.2276 2.4013 0.5868 1.0616 2.6165 1.3358 -2.0040 0.3637 0.9960 0.3958 1.4347 -2.0320 0.0047 0.0007 250.2128
131 0.2272 2.3984 0.5780 1.0521 2.6456 1.3363 -2.0220 0.3611 0.9780 0.3974 1.4428 -2.0320 0.0094 0.0010 253.0764
132 0.2226 2.3970 0.5716 1.0470 2.6651 1.3339 -2.0250 0.3582 0.9750 0.3992 1.4518 -2.0320 0.0089 0.0008 256.0420
133 0.2188 2.3960 0.5666 1.0434 2.6792 1.3315 -2.0170 0.3557 0.9830 0.4009 1.4607 -2.0320 0.0077 0.0008 259.2327
134 0.2203 2.4054 0.6048 1.0690 2.6522 1.3438 -1.9940 0.3604 1.0060 0.4025 1.4694 -2.0320 0.0108 0.0010 262.3453
135 0.2366 2.3922 0.5430 1.0361 2.6241 1.3271 -1.9680 0.3574 1.0320 0.4040 1.4780 -2.0320 0.0060 0.0008 265.1833
136 0.1997 2.4198 0.5994 1.0682 2.7110 1.3433 -1.9900 0.3476 1.0100 0.4056 1.4865 -2.0320 0.0075 0.0008 268.0467
137 0.2017 2.4120 0.6089 1.0840 2.5908 1.3356 -2.0130 0.3588 0.9870 0.4075 1.4944 -2.0320 0.0061 0.0010 271.3210
138 0.2580 2.4096 0.6160 1.0902 2.6157 1.3355 -2.0190 0.3687 0.9810 0.4091 1.5031 -2.0320 0.0063 0.0008 274.3543
139 0.2370 2.4145 0.5988 1.1020 2.6168 1.3104 -2.0610 0.3589 0.9390 0.4107 1.5119 -2.0320 0.0060 0.0010 276.9918
140 0.2209 2.4101 0.5721 1.1144 2.6912 1.2518 -1.8550 0.3252 1.1450 0.4122 1.5211 -2.0610 0.0069 0.0009 280.5113
141 0.2400 2.3907 0.6331 1.0320 2.6347 1.4100 -1.9150 0.3497 1.0850 0.4126 1.5263 -2.0610 0.0051 0.0009 283.1540
142 0.1423 2.4143 0.5717 1.0533 2.5846 1.3370 -1.9770 0.3392 1.0230 0.4139 1.5346 -2.0610 0.0037 0.0007 286.7030
143 0.1710 2.4090 0.4590 0.9433 2.8099 1.3753 -1.8240 0.2896 1.1760 0.4160 1.5428 -2.0610 0.0098 0.0007 289.2343
144 0.2111 2.3920 0.5681 1.1362 2.5921 1.3800 -1.9090 0.3283 1.0910 0.4182 1.5482 -2.0610 0.0035 0.0009 293.2900
145 0.2223 2.4287 0.6288 1.0207 2.5949 1.2987 -2.0540 0.3842 0.9460 0.4198 1.5580 -2.0610 0.0025 0.0006 297.1844
146 0.2207 2.4281 0.6299 1.0188 2.5965 1.2976 -2.0410 0.3844 0.9590 0.4210 1.5670 -2.0610 0.0036 0.0010 302.0095
147 0.2342 2.4161 0.6223 1.0184 2.5854 1.2949 -2.0130 0.3866 0.9870 0.4221 1.5761 -2.0610 0.0046 0.0006 305.5304
148 0.1977 2.4542 0.6425 1.0259 2.6227 1.3102 -1.9940 0.3760 1.0060 0.4234 1.5854 -2.0610 0.0036 0.0009 309.6791
149 0.2714 2.4037 0.5992 1.0226 2.5749 1.3002 -1.9910 0.3849 1.0090 0.4249 1.5948 -2.0610 0.0036 0.0009 313.3334
139 0.2370 2.4145 0.5988 1.1020 2.6168 1.3104 -2.0610 0.3589 0.9390 0.4107 1.5119 -2.0320 0.0060 0.0010 313.3334
