0 1.8249 2.9186 1.4072 1.1303 1.3553 1.4885 2.3713 3.0155 2.2584 2.5411 1.0993 1.5084 0.1158 2.8161 0.2650 0.0608 3.2650 0.6747 1.0845 0.0000 0.0000 0.0000 0.0000
1 2.8588 2.2750 1.1339 1.1536 1.8732 1.1419 1.5513 0.7029 2.5745 2.9061 2.2336 2.8285 2.9329 1.6119 0.0340 0.0588 3.0340 0.6747 1.0845 0.0000 0.0000 0.0000 0.0000
2 0.2075 2.2036 1.4330 1.1819 0.9007 1.8360 2.7224 1.0727 1.8596 1.4637 2.6324 1.6481 3.0291 0.3084 -0.2580 0.0402 2.7420 0.6747 1.0845 0.0000 0.0000 0.0000 0.0000
3 3.0107 1.0933 2.4696 1.4208 0.9650 2.7920 1.9485 0.5905 1.9740 1.6889 3.0789 1.6625 1.9355 2.1551 -0.8080 0.0633 2.1920 0.6747 1.0845 0.0000 0.0000 0.0000 0.0000
4 0.1333 1.4791 2.9780 1.7051 0.8787 0.8527 1.0923 1.5250 0.9693 1.6822 0.5964 0.3798 0.3015 1.3346 0.1390 0.0607 3.1390 0.6747 1.0845 0.0000 0.0000 0.0000 0.0000
5 0.6344 0.9392 0.7061 1.2624 2.1781 0.1512 1.0124 2.6989 0.2357 2.9938 0.4351 1.1086 2.9383 2.4442 0.3000 0.0100 3.3000 0.6747 1.0845 0.0000 0.0000 0.0000 0.0000
6 0.8725 1.4496 1.1370 1.8574 0.2140 2.4090 1.4331 2.7095 0.4733 0.6194 2.6143 2.1512 1.2702 2.1151 0.4260 0.0037 3.4260 0.6747 1.0845 0.0000 0.0000 0.0000 0.0000
7 0.2536 0.8551 0.5937 3.0440 2.8476 2.8707 2.0078 3.1359 0.9966 1.0262 2.7861 2.6088 2.5008 2.2273 0.4310 0.0040 3.4310 0.6747 1.0845 0.0000 0.0000 0.0000 0.0000
8 2.1314 0.1721 1.0321 1.1789 2.6879 0.9762 1.9927 2.1418 1.4259 1.2779 1.0595 1.4039 1.6463 0.6699 0.3510 0.0011 3.3510 0.6747 1.0845 0.0000 0.0000 0.0000 0.0000
9 2.6021 0.8723 1.3227 0.2088 1.0163 2.1368 1.9230 2.6157 2.0909 1.1018 3.0761 2.5426 2.3324 2.8569 0.1850 0.0208 3.1850 0.6747 1.0845 0.0000 0.0000 0.0000 0.0000
10 2.4999 1.4810 3.0866 1.5163 1.3517 0.6743 0.6783 1.5920 2.3617 1.3044 2.3701 0.7738 0.1407 3.1323 -0.2300 0.0004 2.7700 0.6747 1.0845 0.0000 0.0000 0.0000 0.0000
11 0.6526 1.8316 1.2563 0.9157 0.3840 2.0618 1.6561 1.0957 2.0502 2.8671 1.0948 2.1026 2.3668 0.4363 -0.1550 0.0623 2.8450 0.6747 1.0845 0.0000 0.0000 0.0000 0.0000
12 2.3289 2.3245 2.5407 0.1947 2.9761 1.7815 1.5291 1.6829 2.6315 0.7690 0.4961 0.2427 1.1804 0.1157 0.8880 0.0370 3.8880 0.6747 1.0845 0.0000 0.0000 0.0000 0.0000
13 2.0444 0.8067 2.0706 0.9474 0.8034 1.1533 0.3505 1.5712 0.6316 1.6278 0.5669 0.6665 1.8753 2.5001 0.5010 0.0876 3.5010 0.6747 1.0845 0.0000 0.0000 0.0000 0.0000
14 1.9182 0.4458 1.5455 2.3262 2.1469 2.6919 2.3391 2.9356 0.7277 1.4712 1.6933 0.1589 0.2232 0.6931 0.6070 0.0371 3.6070 0.6747 1.0845 0.0000 0.0000 0.0000 0.0000
15 1.0338 2.5368 0.7889 1.9343 1.5620 2.6603 0.4524 0.5602 0.5052 0.9617 1.0786 1.0085 1.2602 0.4598 0.3060 0.0305 3.3060 0.6747 1.0845 0.0000 0.0000 0.0000 0.0000
16 0.2376 0.6318 2.5298 1.9548 2.0778 2.6115 2.1225 0.4932 1.6753 1.4837 2.4941 2.5954 2.3465 1.6860 -0.3810 0.1428 2.6190 0.6747 1.0845 0.0000 0.0000 0.0000 0.0000
17 1.6646 1.0522 1.4974 0.2273 1.7523 1.0853 2.8607 2.9712 0.4090 1.9412 1.0616 2.2728 2.9154 2.9548 1.2000 0.0106 4.2000 0.6747 1.0845 0.0000 0.0000 0.0000 0.0000
18 0.9294 1.0585 1.7483 2.3467 0.2968 1.4489 1.7692 2.5028 2.6717 2.0608 2.0247 1.4267 2.3611 1.4624 -0.5140 0.0944 2.4860 0.6747 1.0845 0.0000 0.0000 0.0000 0.0000
19 1.2815 2.2062 2.5838 2.9353 1.9838 1.9778 0.3504 2.9568 0.2584 2.5341 0.2184 1.8305 1.2781 2.5254 0.3000 0.0066 3.3000 0.6747 1.0845 0.0000 0.0000 0.0000 0.0000
20 0.2476 1.7372 1.9416 1.1440 1.1363 2.7413 2.8081 2.3171 2.1537 1.6200 2.1364 2.5879 0.3139 0.1691 0.6040 0.0112 3.6040 0.6747 1.0845 0.0000 0.0000 0.0000 0.0000
21 2.9548 1.5685 0.9712 0.7053 0.6881 1.5776 0.2006 0.7229 3.0269 2.7648 2.8358 0.8909 1.0222 2.7477 -0.4810 0.0338 2.5190 0.6747 1.0845 0.0000 0.0000 0.0000 0.0000
22 2.5252 0.9793 2.6016 0.5960 3.1211 2.1613 1.1973 2.6769 2.1293 2.4551 2.2278 0.2409 2.7183 3.0997 0.4170 0.0071 3.4170 0.6747 1.0845 0.0000 0.0000 0.0000 0.0000
23 0.4352 2.9499 2.9981 2.9152 2.6010 2.3402 0.5235 2.9338 1.5182 2.5325 0.9964 2.7544 0.1202 1.6223 0.9760 0.0771 3.9760 0.6747 1.0845 0.0000 0.0000 0.0000 0.0000
24 2.7449 2.0462 1.7740 2.6777 2.5097 1.1754 1.9632 2.2916 2.5075 0.4711 1.4100 3.0018 0.2120 1.8343 0.8140 0.0173 3.8140 0.6747 1.0845 0.0000 0.0000 0.0000 0.0000
25 1.9393 1.5326 0.7061 1.1761 1.5795 3.1018 2.2788 0.2868 1.8080 1.7205 2.9889 3.0045 2.6930 2.7636 0.1920 0.0080 3.1920 0.6747 1.0845 0.0000 0.0000 0.0000 0.0000
26 2.2985 2.6785 2.8560 2.5950 0.9354 1.9123 0.2450 1.5811 1.5479 2.5638 1.2023 0.5882 0.8381 2.9171 -0.0140 0.0339 2.9860 0.6747 1.0845 0.0000 0.0000 0.0000 0.0000
27 2.3517 2.0040 0.4418 2.1880 1.0775 2.3340 2.6170 2.6069 1.5740 0.1581 2.8203 0.7743 1.9779 0.4203 -0.0560 0.1040 2.9440 0.6747 1.0845 0.0000 0.0000 0.0000 0.0000
28 2.1518 0.8799 0.7883 1.6220 1.5075 2.4921 2.9968 1.3235 0.8347 2.8085 3.0537 0.8288 0.9724 1.4060 -0.0250 0.0047 2.9750 0.6747 1.0845 0.0000 0.0000 0.0000 0.0000
29 1.7529 2.4700 1.5087 2.2847 1.7846 1.5255 1.7436 2.9131 0.5423 0.1094 1.0720 2.4563 1.9621 0.7689 -0.0600 0.0235 2.9400 0.6747 1.0845 0.0000 0.0000 0.0000 0.0000
30 2.0887 2.8618 2.8541 1.0792 2.9155 0.6326 0.1732 3.0549 1.8672 2.4958 1.1316 0.3420 0.4206 0.8344 -0.0680 0.0125 2.9320 0.6747 1.0845 0.0000 0.0000 0.0000 0.0000
31 2.6298 1.1899 0.2261 0.8205 2.7617 0.8047 2.7589 1.8911 2.9731 0.7765 1.4738 2.8304 3.0481 0.5939 0.9780 0.0939 3.9780 0.6747 1.0845 0.0000 0.0000 0.0000 0.0000
32 0.4684 2.9116 2.5787 0.8022 2.3246 1.3366 1.7900 1.8534 2.9614 1.7380 0.7016 0.7328 1.1195 0.3046 0.1560 0.0267 3.1560 0.6747 1.0845 0.0000 0.0000 0.0000 0.0000
33 0.1493 0.6128 0.7212 2.0212 0.4986 1.7605 2.8737 0.3200 0.3391 2.1371 3.0342 0.8069 1.7522 1.9632 0.8360 0.0266 3.8360 0.6747 1.0845 0.0000 0.0000 0.0000 0.0000
34 0.2827 0.4499 2.5794 1.4080 2.6545 1.6173 0.6144 0.9616 0.2094 0.3588 1.2879 3.0785 2.0127 1.5645 0.2700 0.0154 3.2700 0.6747 1.0845 0.0000 0.0000 0.0000 0.0000
35 3.1055 1.6738 0.9602 1.9451 2.9370 1.2313 1.3841 2.4849 1.7491 2.3640 1.7081 0.5375 2.2941 1.8975 0.0620 0.0029 3.0620 0.6747 1.0845 0.0000 0.0000 0.0000 0.0000
36 2.2411 0.9182 0.8473 0.7030 1.7113 0.5114 1.2156 2.6319 3.0006 0.2070 2.3114 1.4865 2.5448 1.8213 0.3300 0.0676 3.3300 0.6747 1.0845 0.0000 0.0000 0.0000 0.0000
37 1.8775 2.9551 0.7910 0.1739 1.2041 2.5266 0.4613 1.9453 1.6106 2.6836 0.8740 0.9609 0.9129 1.2831 -0.2390 0.0338 2.7610 0.6747 1.0845 0.0000 0.0000 0.0000 0.0000
38 2.3835 2.4119 3.1105 2.2097 2.0451 2.1334 0.6455 1.5823 0.6240 2.5823 2.2574 1.6847 2.3539 2.7362 0.3160 0.0566 3.3160 0.6747 1.0845 0.0000 0.0000 0.0000 0.0000
39 0.4103 2.8935 2.7462 2.9439 0.3629 0.8355 0.5442 0.1092 1.2901 0.7124 1.8922 1.5381 1.7674 2.1713 0.3090 0.0645 3.3090 0.6747 1.0845 0.0000 0.0000 0.0000 0.0000
40 0.7934 2.0626 1.3719 0.4799 2.0579 2.5945 0.7696 1.3507 1.5173 1.1305 0.2124 0.6993 2.9188 0.4191 0.3000 0.0074 3.3000 0.6747 1.0845 0.0000 0.0000 0.0000 0.0000
41 0.2523 2.3669 1.6054 1.6176 1.1424 0.4397 0.9202 0.3658 2.9027 0.1303 0.4321 1.1150 3.0273 2.9059 -0.3620 0.0689 2.6380 0.6747 1.0845 0.0000 0.0000 0.0000 0.0000
42 1.2658 1.4904 0.5828 1.1036 0.3372 2.5485 2.3808 1.2974 1.4271 0.7554 2.8384 0.9693 0.7059 1.1839 0.1190 0.0063 3.1190 0.6747 1.0845 0.0000 0.0000 0.0000 0.0000
43 2.5794 2.8477 2.0397 0.6879 2.5882 2.9285 1.4781 2.2619 1.6428 1.4611 2.3589 0.8219 2.2810 1.0788 -0.1820 0.0868 2.8180 0.6747 1.0845 0.0000 0.0000 0.0000 0.0000
44 1.4545 1.2097 2.6049 0.3541 0.6153 2.3965 0.7250 2.2786 1.5303 1.8438 0.8264 0.1057 3.0479 2.9149 0.6710 0.0500 3.6710 0.6747 1.0845 -0.8080 0.0000 0.0000 21.9046
45 2.9666 1.1359 2.4584 1.4501 0.9118 2.7455 1.8735 0.5826 2.1234 1.7604 3.1384 1.5807 1.9076 2.0558 -0.4330 0.0702 2.5670 0.6747 1.0845 -0.8080 0.0428 0.0010 27.8649
46 0.8972 1.1404 1.7165 2.2298 0.3290 1.5027 1.7957 2.3572 2.6158 2.0915 1.9972 1.4758 2.3889 1.3644 -0.4280 0.0571 2.5720 0.1489 0.9475 -0.8080 0.0888 0.0006 37.1388
47 1.0676 1.0474 1.8708 2.4301 0.3787 1.5217 1.8152 2.3420 2.7408 1.9935 2.2290 1.4169 2.3884 1.5290 -0.3560 0.0402 2.6440 0.2128 0.9239 -0.8080 0.1242 0.0010 48.4984
48 3.0402 1.0633 2.4764 1.3999 1.0035 2.8242 2.0015 0.5965 1.8681 1.6386 3.0360 1.7204 1.9548 2.2250 -1.0180 0.0661 1.9820 0.2594 0.9108 -0.8080 0.0228 0.0008 55.4277
49 3.0672 1.0352 2.4833 1.3805 1.0402 2.8543 2.0512 0.6011 1.7693 1.5919 2.9959 1.7744 1.9719 2.2896 -1.0370 0.0771 1.9630 0.3136 0.8563 -1.0180 0.0224 0.0009 62.6632
50 3.0673 1.0365 2.4841 1.3817 1.0374 2.8534 2.0485 0.5994 1.7754 1.5946 2.9993 1.7710 1.9706 2.2859 -1.0930 0.0768 1.9070 0.3456 0.7871 -1.0370 0.0148 0.0009 70.6119
51 3.1187 1.0104 2.5194 1.3720 1.0464 2.8927 2.0826 0.5679 1.7252 1.5663 2.9985 1.7975 1.9726 2.3241 -1.0810 0.0877 1.9190 0.3721 0.7402 -1.0930 0.0164 0.0009 78.6109
52 3.1018 1.0098 2.5009 1.3664 1.0649 2.8884 2.0932 0.5913 1.6935 1.5543 2.9747 1.8142 1.9829 2.3376 -0.9990 0.0852 2.0010 0.4181 0.7066 -1.0930 0.0171 0.0010 86.7505
53 3.1416 1.0018 2.5536 1.3719 1.0021 2.8877 2.0574 0.5227 1.7865 1.5886 3.0312 1.7802 1.9495 2.3430 -1.0550 0.0773 1.9450 0.4158 0.6807 -1.0930 0.0161 0.0010 96.2574
54 3.1416 1.0253 2.5549 1.3787 1.0268 2.9466 2.1027 0.5614 1.7372 1.5653 3.0597 1.7798 2.0244 2.2489 -0.9180 0.0915 2.0820 0.4528 0.6615 -1.0930 0.0309 0.0009 105.6306
55 3.0850 0.9977 2.4793 1.3675 1.0391 2.8046 2.0262 0.5620 1.7706 1.5942 2.9427 1.7974 1.8922 2.4143 -1.1670 0.0586 1.8330 0.4599 0.6548 -1.0930 0.0141 0.0009 113.9722
56 3.0922 0.9713 2.4646 1.3579 1.0456 2.7621 2.0078 0.5427 1.7643 1.5947 2.8942 1.8165 1.8326 2.5073 -1.0590 0.0366 1.9410 0.4864 0.6456 -1.1670 0.0122 0.0009 120.8859
57 2.9484 0.9354 2.5743 1.3785 1.0278 2.7787 2.0508 0.5452 1.7972 1.5629 2.9037 1.8733 1.9308 2.4833 -0.7550 0.0665 2.2450 0.5018 0.6288 -1.1670 0.0269 0.0010 132.6938
58 3.1416 1.0679 2.3317 1.3373 1.0679 2.8334 1.9935 0.5714 1.6965 1.6284 2.9665 1.7084 1.8026 2.3868 -0.8930 0.0618 2.1070 0.4416 0.6539 -1.1670 0.0260 0.0009 141.4451
59 3.1416 1.0063 2.4786 1.3967 1.0419 2.7627 2.0148 0.6048 1.8227 1.6039 2.9294 1.7974 1.9251 2.3526 -0.8790 0.0460 2.1210 0.3988 0.6510 -1.1670 0.0078 0.0010 151.4357
60 3.0864 1.0413 2.4904 1.2771 0.9746 2.9237 2.0150 0.4973 1.7391 1.6134 3.0650 1.7439 1.8834 2.4726 -1.0680 0.0398 1.9320 0.4142 0.6509 -1.1670 0.0109 0.0010 162.2379
61 3.1416 0.8548 2.4467 1.3685 1.0182 2.9599 2.0124 0.4411 1.6928 1.6535 3.0952 1.7899 1.8263 2.4332 -0.8800 0.0480 2.1200 0.4641 0.6376 -1.1670 0.0254 0.0010 176.8812
62 3.1416 1.9932 1.7101 0.3719 0.2675 1.5105 0.1000 0.1407 3.1416 2.6838 3.1416 0.6684 0.1000 3.1416 0.1370 0.0834 3.1370 0.4801 0.6376 -1.1670 0.1057 0.0010 192.2949
63 3.1348 1.2040 2.5489 1.2656 0.9870 2.8740 2.0858 0.5030 1.7414 1.5228 2.9692 1.7071 1.8908 2.4613 -1.1340 0.0649 1.8660 0.4616 0.6406 -1.1670 0.0098 0.0010 201.9298
64 3.1416 1.2298 2.5264 1.2610 0.9606 2.9061 2.0832 0.5749 1.7431 1.4877 3.0027 1.6961 1.9333 2.5289 -1.0570 0.0387 1.9430 0.4994 0.6337 -1.1670 0.0227 0.0009 212.7003
65 0.3507 1.0098 1.5691 2.8375 0.1000 0.9781 1.5664 2.9846 3.1416 2.5537 1.8966 1.1973 2.8386 0.9878 0.8980 0.0025 3.8980 0.5212 0.6282 -1.1670 0.0603 0.0009 221.1369
66 3.1025 1.1658 2.5601 1.2454 1.0109 2.8536 2.0749 0.4523 1.7243 1.5781 2.9470 1.7288 1.8683 2.3891 -0.8550 0.0906 2.1450 0.4433 0.6646 -1.1670 0.0114 0.0010 230.8907
67 3.1319 1.0959 2.4631 1.3910 0.9769 2.9047 2.0516 0.6130 1.7900 1.5001 3.0492 1.7136 1.9252 2.5163 -0.9040 0.0205 2.0960 0.4412 0.6780 -1.1670 0.0081 0.0008 241.8163
68 3.1416 1.0984 2.4955 1.1497 0.9457 2.8857 1.9945 0.6480 1.7170 1.6394 3.0046 1.7982 1.9984 2.4694 -0.6910 0.0565 2.3090 0.4492 0.6800 -1.1670 0.0101 0.0009 252.9342
69 3.0524 1.0804 2.4856 1.4250 1.0733 2.8730 2.0774 0.4741 1.7644 1.5207 3.0116 1.7100 1.8678 2.4070 -1.1170 0.0806 1.8830 0.3685 0.7209 -1.1670 0.0082 0.0010 263.9857
70 3.1416 1.0892 0.1000 1.0909 0.6158 1.4923 0.1000 0.7626 3.1416 3.1416 3.0073 0.6269 1.5164 2.6934 0.6740 0.0534 3.6740 0.4182 0.7164 -1.1670 0.0952 0.0010 275.9158
71 3.0519 1.0738 2.4980 1.4285 0.9989 2.8945 2.0934 0.5169 1.7527 1.5251 2.9862 1.7300 1.8147 2.3846 -1.2250 0.0765 1.7750 0.3643 0.7265 -1.1670 0.0148 0.0010 292.0350
72 3.0456 1.1057 2.5120 1.4630 0.9583 2.9258 2.1346 0.5210 1.7396 1.4860 2.9693 1.7217 1.7502 2.3790 -1.0850 0.0798 1.9150 0.3893 0.7343 -1.2250 0.0074 0.0009 302.4512
73 3.0502 1.0346 2.4895 1.4321 0.9666 2.8412 2.1304 0.4676 1.7097 1.4542 2.9761 1.5975 1.8541 2.3895 -1.0850 0.0767 1.9150 0.4115 0.7338 -1.2250 0.0161 0.0010 317.4437
74 3.0765 1.1426 2.5290 1.4570 1.1142 2.9184 2.2531 0.4990 1.7917 1.5419 3.0118 1.6665 1.7740 2.4608 -1.0120 0.0601 1.9880 0.4386 0.7304 -1.2250 0.0198 0.0010 334.9674
75 3.0749 1.1621 2.4900 1.4842 1.0150 2.9229 1.9936 0.4182 1.7226 1.3714 2.9830 1.7626 1.8196 2.3840 -0.7030 0.0508 2.2970 0.4532 0.7313 -1.2250 0.0093 0.0010 345.4475
76 0.1000 3.1416 0.3884 1.5470 0.5769 0.1000 0.4877 0.1000 3.1416 0.1000 0.1000 0.5942 3.1416 3.1416 0.0590 0.1266 3.0590 0.3838 0.7807 -1.2250 0.1527 0.0009 365.7982
77 3.0390 1.0277 2.4998 1.3918 0.9821 2.8703 2.1498 0.5571 1.7589 1.5940 2.9925 1.6779 1.8278 2.3920 -1.0790 0.0579 1.9210 0.3773 0.7742 -1.2250 0.0063 0.0009 377.5397
78 3.0623 1.0155 2.4551 1.3184 1.0031 2.8694 2.1875 0.5321 1.8211 1.4971 3.0058 1.7017 1.8110 2.3793 -1.0930 0.0641 1.9070 0.4026 0.7745 -1.2250 0.0104 0.0010 394.3259
79 0.1000 0.1000 3.1416 2.3397 2.3921 3.1416 2.6814 0.1000 2.2491 1.5993 3.0471 3.0204 3.0821 1.3127 0.7770 0.0147 3.7770 0.4232 0.7735 -1.2250 0.0919 0.0010 410.3705
80 3.0657 1.0654 2.4447 1.4242 0.9521 2.9140 2.1798 0.4869 1.7808 1.6121 2.9202 1.6793 1.8909 2.4226 -1.0450 0.0525 1.9550 0.4074 0.7740 -1.2250 0.0110 0.0010 447.9578
81 3.1416 3.1416 0.1000 0.1000 0.1000 3.1416 0.1000 0.1000 3.1416 3.1416 0.1000 3.1416 0.1000 0.1000 -0.2760 0.0666 2.7240 0.4235 0.7766 -1.2250 0.0565 0.0010 465.9070
82 3.0673 1.0679 2.5367 1.4056 0.9857 2.7730 2.1705 0.5597 1.6969 1.5632 3.0871 1.6955 1.8062 2.4064 -1.0000 0.0747 2.0000 0.4207 0.7744 -1.2250 0.0062 0.0010 486.0462
83 3.0575 1.0079 2.5563 1.3643 1.0588 2.9460 2.0907 0.5806 1.7854 1.5391 2.9385 1.6085 1.8105 2.3952 -0.7120 0.0526 2.2880 0.4291 0.7800 -1.2250 0.0055 0.0008 498.6384
84 3.0537 1.0780 2.4215 1.3994 0.9702 2.8376 2.1533 0.4815 1.7684 1.5579 3.0288 1.7845 1.8642 2.3937 -1.0300 0.0579 1.9700 0.3689 0.8276 -1.2250 0.0087 0.0009 513.3164
85 3.1416 1.2236 2.4731 1.3161 0.8750 2.8298 2.3083 0.4273 1.7447 1.4660 3.0050 1.6595 1.8292 2.5983 -0.8630 0.0097 2.1370 0.3774 0.8320 -1.2250 0.0079 0.0010 543.4461
86 0.1000 3.1416 3.1416 3.1416 3.1416 0.1000 3.1416 0.1000 3.1416 0.1000 0.1000 0.1000 3.1416 3.1416 0.5000 0.0360 3.5000 0.3813 0.8415 -1.2250 0.0882 0.0010 571.5051
87 3.1416 3.1416 0.1000 0.1000 0.1000 0.1000 0.1000 0.1000 3.1416 3.1416 0.1000 3.1416 0.1000 0.1000 -0.5960 0.0849 2.4040 0.3742 0.8312 -1.2250 0.0874 0.0010 603.1382
88 3.1416 3.1416 0.1000 0.1000 0.1000 0.1000 0.1000 0.1000 3.1416 3.1416 0.1000 3.1416 0.1000 1.2488 0.8810 0.0396 3.8810 0.3750 0.8362 -1.2250 0.0441 0.0010 630.7311
89 3.0118 1.0536 2.4661 1.4669 0.9937 2.8670 2.0727 0.5196 1.7251 1.6215 3.0176 1.7646 1.8605 2.3600 -1.0440 0.0774 1.9560 0.3286 0.8313 -1.2250 0.0055 0.0009 649.7593
90 3.1416 3.1416 3.1416 3.1416 0.1000 0.1000 3.1416 0.1000 0.1000 3.1416 0.1000 3.1416 3.1416 0.1000 0.3780 0.0382 3.3780 0.3568 0.8499 -1.2250 0.1647 0.0010 675.4010
91 3.1416 0.1000 3.1416 3.1416 0.1000 3.1416 3.1416 0.1000 3.1416 3.1416 0.1000 3.1416 0.1000 3.1416 -0.2460 0.0737 2.7540 0.3472 0.8368 -1.2250 0.2175 0.0010 699.1077
92 3.1416 0.1000 0.1000 3.1416 0.1000 3.1416 0.1000 0.1000 3.1416 3.1416 0.1000 3.1416 0.1000 0.1000 0.0520 0.0569 3.0520 0.3403 0.8313 -1.2250 0.2134 0.0010 725.4703
93 0.1000 0.1000 3.1416 0.1000 3.1416 0.1000 0.1000 0.1000 3.1416 3.1416 3.1416 3.1416 0.1000 3.1416 0.7260 0.0360 3.7260 0.3288 0.8189 -1.2250 0.2420 0.0010 743.1639
94 3.0251 1.1747 2.4705 1.3752 0.9827 2.8643 2.1843 0.5457 1.7827 1.4880 3.0244 1.6872 1.9085 2.3476 -1.1620 0.0607 1.8380 0.3210 0.8058 -1.2250 0.0055 0.0010 763.0544
95 3.1416 0.1000 3.1416 3.1416 0.1000 0.1000 3.1416 0.1000 3.1416 3.1416 0.1000 0.1000 0.1000 3.1416 0.2990 0.0438 3.2990 0.3513 0.8262 -1.2250 0.1585 0.0009 796.1252
96 0.1000 3.1416 0.1000 3.1416 3.1416 0.1000 3.1416 0.1000 3.1416 3.1416 3.1416 0.1000 0.1000 0.1000 0.9040 0.0250 3.9040 0.3415 0.8137 -1.2250 0.5205 0.0010 823.7711
97 3.0965 1.1400 2.4652 1.4245 0.9847 2.8301 2.2182 0.5509 1.7839 1.4837 2.9804 1.7074 1.8882 2.3065 -0.9570 0.0651 2.0430 0.3385 0.8052 -1.2250 0.0089 0.0011 845.5072
98 2.9608 1.1448 2.4587 1.3356 0.9945 2.8968 2.1470 0.5021 1.7679 1.5149 3.0778 1.6828 1.8939 2.4159 -1.2520 0.0455 1.7480 0.3404 0.8184 -1.2250 0.0050 0.0010 860.1115
99 2.9250 1.1617 2.4464 1.3232 0.9999 2.9078 2.1631 0.4949 1.7677 1.5109 3.1061 1.6673 1.9052 2.4178 -1.1680 0.0368 1.8320 0.3476 0.8326 -1.2520 0.0053 0.0009 882.5570
100 3.1416 3.1416 0.1000 0.1000 0.1000 3.1416 0.1000 3.1416 0.1000 3.1416 0.1000 0.1000 0.1000 0.1000 -0.9910 0.1473 2.0090 0.3682 0.8447 -1.2520 0.3907 0.0010 914.2102
101 3.1416 3.1416 0.1000 0.1000 0.1000 3.1416 0.1000 3.1416 0.1000 3.1416 0.1000 0.5988 0.1000 0.1000 -1.0020 0.1364 1.9980 0.3766 0.8616 -1.2520 0.0334 0.0010 951.9435
102 2.9500 1.1154 2.4170 1.3242 1.0618 2.8505 2.1531 0.4644 1.7783 1.5343 3.1182 1.6617 1.9684 2.4162 -1.2410 0.0405 1.7590 0.3943 0.8678 -1.2520 0.0041 0.0004 974.3256
103 3.1416 3.1416 0.1000 0.1000 0.1000 3.1416 0.1000 3.1416 0.6002 3.1416 0.1000 0.3751 0.1000 0.1000 -0.6800 0.2692 2.3200 0.4116 0.8733 -1.2520 0.0199 0.0010 1004.9366
104 0.1000 3.1416 3.1416 0.1000 0.1000 0.1000 3.1416 0.1000 3.1416 0.1000 3.1416 3.1416 3.1416 0.1000 -0.7900 0.1142 2.2100 0.4148 0.8789 -1.2520 0.0704 0.0010 1035.5965
105 3.1416 3.1416 0.1000 0.1000 0.1000 3.1416 0.1000 3.1416 0.1000 3.1416 0.6126 0.3727 0.1000 0.1000 -0.6820 0.2731 2.3180 0.4162 0.8858 -1.2520 0.0161 0.0010 1071.4831
106 0.1000 3.1416 3.1416 0.1000 0.1000 0.1000 3.1416 0.1000 3.1416 0.1000 3.1416 2.2547 3.1416 0.1000 -0.1920 0.0500 2.8080 0.4201 0.8905 -1.2520 0.0179 0.0010 1107.5908
107 0.1000 3.1416 3.1416 0.1000 0.1000 0.1000 3.1416 0.1000 2.2369 0.1000 3.1416 3.1416 3.1416 0.1000 0.6030 0.0245 3.6030 0.4151 0.8934 -1.2520 0.0234 0.0010 1143.4893
108 0.1000 0.1000 0.1000 3.1416 0.1000 3.1416 0.1000 0.1000 3.1416 0.1000 0.1000 3.1416 3.1416 3.1416 0.2590 0.0521 3.2590 0.3842 0.9066 -1.2520 0.0669 0.0010 1172.0757
109 3.1416 3.1416 0.1000 0.1000 0.1000 3.1416 0.1000 2.6828 0.1000 3.1416 0.1000 0.3684 0.1000 0.1000 -0.5260 0.0694 2.4740 0.3792 0.8967 -1.2520 0.0233 0.0010 1206.3951
110 3.1416 3.1416 0.1000 0.1000 0.1000 3.1416 0.1000 3.1416 0.1000 3.1416 0.1000 0.3671 0.5635 0.1000 -1.5750 0.2544 1.4250 0.3754 0.9051 -1.2520 0.0235 0.0010 1249.7368
111 2.6730 1.3214 2.2832 1.1997 1.2257 2.9314 2.4390 0.2636 1.7450 1.4344 3.1416 1.3598 2.2845 2.5100 -0.3230 0.0018 2.6770 0.3786 0.9321 -1.5750 0.0149 0.0005 1264.7070
112 3.1416 3.1416 0.1000 0.1000 0.1000 3.1416 0.1000 3.1416 0.1000 3.1416 0.1000 0.3669 0.7127 0.1000 -1.5980 0.2725 1.4020 0.3722 0.9368 -1.5750 0.0081 0.0009 1299.5831
113 3.1416 3.1416 0.1000 0.1000 0.1000 3.1416 0.1000 3.1416 0.1000 3.1416 0.1000 0.3670 0.7328 0.1000 -1.6390 0.2744 1.3610 0.3918 0.9374 -1.5980 0.0063 0.0007 1347.6115
114 3.1416 3.1416 0.1000 0.1000 0.1000 3.1416 0.1000 3.1416 0.1000 3.1416 0.1000 0.3671 0.8127 0.1000 -1.5280 0.2809 1.4720 0.4065 0.9374 -1.6390 0.0051 0.0010 1395.4604
115 3.1416 3.1416 0.1000 0.1000 0.1000 3.1416 0.1000 3.1416 0.1000 3.1416 0.1000 0.3665 0.7015 0.2229 -1.7220 0.3547 1.2780 0.4123 0.9343 -1.6390 0.0082 0.0010 1441.4272
116 3.1416 3.1416 0.1000 0.1000 0.1000 3.1416 0.1000 3.1416 0.1000 3.1416 0.1000 0.3661 0.7220 0.3405 -1.6280 0.3797 1.3720 0.4228 0.9330 -1.7220 0.0056 0.0010 1473.6965
117 3.1416 3.1416 0.1000 0.1000 0.1000 3.1416 0.2558 3.1416 0.1000 3.1416 0.1000 0.3657 0.7241 0.2816 -1.4120 0.3841 1.5880 0.4346 0.9265 -1.7220 0.0074 0.0010 1515.3489
118 3.1416 3.1416 0.1000 0.1000 0.1000 3.1416 0.1000 3.1416 0.1000 2.9604 0.1000 0.3681 0.7178 0.2529 -1.3330 0.3311 1.6670 0.4376 0.9317 -1.7220 0.0051 0.0010 1560.0416
119 3.1416 3.1416 0.1000 0.1000 0.2959 3.1416 0.1000 3.1416 0.1000 3.1416 0.1000 0.3606 0.7137 0.2316 -1.3050 0.3740 1.6950 0.4380 0.9404 -1.7220 0.0050 0.0010 1616.1824
120 2.9368 3.1416 0.1000 0.1000 0.1000 3.1416 0.1000 3.1416 0.1000 3.1416 0.1000 0.3810 0.7110 0.2171 -1.5520 0.2833 1.4480 0.4386 0.9487 -1.7220 0.0050 0.0010 1675.1182
121 3.1416 3.1416 0.1000 0.1000 0.1000 2.9255 0.1000 3.1416 0.1000 3.1416 0.1000 0.3818 0.7192 0.2160 -1.4000 0.2971 1.6000 0.4509 0.9445 -1.7220 0.0046 0.0010 1734.9210
122 3.1304 3.1416 0.3256 0.1000 0.1000 3.1416 0.1000 3.1416 0.1000 3.1416 0.1000 0.3568 0.7213 0.2092 -1.5220 0.3785 1.4780 0.4585 0.9444 -1.7220 0.0051 0.0010 1797.7665
123 3.1298 3.1416 0.1000 0.3367 0.1000 3.1416 0.1000 3.1416 0.1000 3.1416 0.1000 0.3569 0.7299 0.2073 -1.8480 0.3614 1.1520 0.4697 0.9405 -1.7220 0.0052 0.0010 1860.6220
124 3.1316 3.1416 0.1000 0.4749 0.1000 3.1416 0.1000 3.1416 0.1000 3.1416 0.1000 0.3524 0.7556 0.2103 -1.8680 0.3683 1.1320 0.4741 0.9488 -1.8480 0.0052 0.0009 1903.7416
125 3.1321 3.1416 0.1000 0.5216 0.1000 3.1416 0.1000 3.1416 0.1000 3.1416 0.1000 0.3509 0.7727 0.2101 -1.8740 0.3710 1.1260 0.4863 0.9436 -1.8680 0.0060 0.0010 1940.1671
126 3.1322 3.1416 0.1000 0.5429 0.1000 3.1416 0.1000 3.1416 0.1000 3.1416 0.1000 0.3501 0.7840 0.2093 -1.9020 0.3724 1.0980 0.4968 0.9380 -1.8740 0.0054 0.0010 1980.9686
127 3.1327 3.1416 0.1000 0.6118 0.1000 3.1416 0.1000 3.1416 0.1000 3.1416 0.1000 0.3470 0.8220 0.2076 -1.9480 0.3777 1.0520 0.5074 0.9330 -1.9020 0.0061 0.0010 2020.6231
128 3.1339 3.1416 0.1000 0.7077 0.1000 3.1416 0.1000 3.1416 0.1000 3.1416 0.1000 0.3414 0.8831 0.2044 -1.9540 0.3856 1.0460 0.5207 0.9281 -1.9480 0.0070 0.0010 2059.3577
129 3.1342 3.1416 0.1000 0.7327 0.1000 3.1416 0.1000 3.1416 0.1000 3.1416 0.1000 0.3397 0.9029 0.2019 -1.9380 0.3866 1.0620 0.5335 0.9223 -1.9540 0.0058 0.0009 2102.3780
130 3.1336 3.1416 0.1000 0.7381 0.1000 3.1416 0.1000 3.1416 0.1000 3.1416 0.1000 0.3391 0.9117 0.1977 -1.8600 0.3840 1.1400 0.5431 0.9170 -1.9540 0.0078 0.0010 2147.7113
131 3.1277 3.1416 0.1000 0.6842 0.1000 3.1416 0.1000 3.1416 0.1000 3.1416 0.1000 0.2287 0.8551 0.2477 -1.8080 0.3952 1.1920 0.5495 0.9132 -1.9540 0.0082 0.0010 2199.4646
132 3.1415 3.1416 0.1000 0.6729 0.1000 3.1416 0.1000 3.1416 0.1000 3.1416 0.1000 0.4863 0.8701 0.1677 -1.8830 0.3346 1.1170 0.5574 0.9106 -1.9540 0.0054 0.0010 2236.5537
133 3.1336 3.0129 0.1000 0.6607 0.1000 3.1416 0.1000 3.1416 0.1000 3.1416 0.1000 0.4195 0.8728 0.1503 -1.9250 0.3323 1.0750 0.5674 0.9059 -1.9540 0.0062 0.0010 2276.4639
134 3.0406 3.0949 0.1000 0.6721 0.1000 3.1416 0.1000 3.1416 0.1000 3.1416 0.1000 0.4180 0.8844 0.1000 -1.5650 0.2622 1.4350 0.5783 0.9010 -1.9540 0.0062 0.0010 2321.2498
135 3.1416 3.1077 0.1000 0.6675 0.1000 3.1416 0.1000 3.1416 0.1000 3.1416 0.1000 0.4082 0.8496 0.3567 -1.9450 0.4378 1.0550 0.5594 0.9187 -1.9540 0.0069 0.0009 2358.3835
136 3.1416 3.1416 0.1000 0.1000 3.1416 0.1000 0.1000 0.1000 0.1000 0.1000 3.1416 0.1000 0.1000 3.1416 0.4240 0.0438 3.4240 0.5708 0.9139 -1.9540 0.0251 0.0010 2403.3119
137 3.1416 3.1102 0.1000 0.6701 0.1000 3.1416 0.1000 3.1416 0.1000 3.1416 0.1000 0.4089 0.8531 0.3641 -1.8370 0.4386 1.1630 0.5722 0.9086 -1.9540 0.0059 0.0010 2444.8882
138 3.1416 2.9892 0.1000 0.6421 0.1000 3.1416 0.1000 3.1416 0.1000 3.1416 0.1000 0.3510 0.8412 0.3171 -1.8950 0.4396 1.1050 0.5810 0.9058 -1.9540 0.0052 0.0010 2496.6252
139 3.1416 3.1416 0.1000 0.6163 0.1000 3.1416 0.1000 3.1416 0.1000 3.1416 0.1000 0.3738 0.9621 0.3386 -1.8570 0.4654 1.1430 0.5900 0.9041 -1.9540 0.0038 0.0010 2554.0272
140 3.1416 3.1416 0.1000 0.7474 0.1000 3.1416 0.1000 3.1416 0.1000 3.1416 0.1000 0.3929 0.7497 0.3202 -1.9290 0.4186 1.0710 0.5988 0.9033 -1.9540 0.0035 0.0010 2607.5665
141 3.1416 3.1416 0.1000 0.8113 0.1000 3.1416 0.1000 3.1416 0.1000 3.1416 0.1000 0.3933 0.7662 0.3512 -1.9180 0.4322 1.0820 0.6080 0.9029 -1.9540 0.0055 0.0010 2659.0608
142 3.1416 3.1416 0.1000 0.8938 0.1000 3.1416 0.1000 3.1416 0.1000 3.1416 0.1000 0.3897 0.8285 0.4067 -1.6750 0.4488 1.3250 0.6167 0.9030 -1.9540 0.0061 0.0010 2709.7048
143 3.1416 3.1135 0.1721 0.6344 0.1000 3.1416 0.1000 3.1416 0.1000 3.1416 0.1000 0.3863 0.7588 0.2729 -2.0010 0.4190 0.9990 0.6108 0.9041 -1.9540 0.0039 0.0010 2761.2286
144 3.1416 3.1102 0.2838 0.6512 0.1000 3.1416 0.1000 3.1416 0.1000 3.1416 0.1000 0.3857 0.7581 0.2735 -2.1430 0.4294 0.8570 0.6138 0.9041 -2.0010 0.0041 0.0010 2803.4845
145 3.1416 3.1012 0.4771 0.7134 0.1000 3.1416 0.1000 3.1416 0.1000 3.1416 0.1000 0.3859 0.7643 0.2734 -1.9370 0.4135 1.0630 0.6102 0.9086 -2.1430 0.0048 0.0010 2842.0152
146 3.1416 2.7929 0.4097 0.7101 0.1000 3.1416 0.1000 3.1416 0.1000 3.1416 0.1000 0.3357 0.7167 0.2804 -1.9640 0.4135 1.0360 0.6192 0.9048 -2.1430 0.0074 0.0010 2893.0390
147 3.1416 2.8796 0.7220 0.8946 0.1000 3.1416 0.1000 3.1416 0.1000 3.1416 0.1000 0.1000 0.9584 0.2123 -0.9390 0.1952 2.0610 0.6295 0.9050 -2.1430 0.0103 0.0010 2941.6852
148 3.1416 2.9837 0.3167 0.6411 0.1000 3.1416 0.1000 3.1416 0.1000 3.1416 0.1000 0.5134 0.6496 0.3069 -1.9770 0.3975 1.0230 0.5811 0.9370 -2.1430 0.0032 0.0010 2991.0501
149 3.1416 2.8652 0.3569 0.6177 0.1000 3.1416 0.1000 3.1416 0.1000 3.1416 0.1000 0.6821 0.7561 0.3953 -1.8520 0.4174 1.1480 0.5896 0.9346 -2.1430 0.0062 0.0009 3038.4766
144 3.1416 3.1102 0.2838 0.6512 0.1000 3.1416 0.1000 3.1416 0.1000 3.1416 0.1000 0.3857 0.7581 0.2735 -2.1430 0.4294 0.8570 0.6138 0.9041 -2.0010 0.0041 0.0010 3038.4766
