0 1.1538 0.5169 2.3479 0.1014 1.2421 2.8118 2.4978 1.1874 3.1280 1.5147 0.5043 0.5231 2.7490 0.5072 0.6460 0.0777 3.6460 0.2209 0.9893 0.0000 0.0000 0.0000 0.0000
1 3.0931 2.5765 1.0940 0.3357 0.1746 0.1758 3.0280 2.8477 1.9881 1.0893 1.6049 0.6702 2.8646 0.2915 0.5500 0.0131 3.5500 0.2209 0.9893 0.0000 0.0000 0.0000 0.0000
2 1.5743 1.0682 2.6602 0.3983 1.6742 1.7591 1.9719 1.7726 2.0107 2.4493 0.6804 0.7608 0.3871 0.2410 0.2360 0.0688 3.2360 0.2209 0.9893 0.0000 0.0000 0.0000 0.0000
3 0.1052 2.9193 2.0212 1.4108 2.2281 0.1110 1.0166 1.8154 2.9063 1.6251 1.6741 1.2941 0.7707 2.8050 0.0540 0.0162 3.0540 0.2209 0.9893 0.0000 0.0000 0.0000 0.0000
4 1.0273 0.8596 2.3675 0.1095 1.5249 2.0669 2.5502 2.5120 0.1421 2.8340 2.4103 0.9944 1.6805 0.8279 -0.2240 0.0433 2.7760 0.2209 0.9893 0.0000 0.0000 0.0000 0.0000
5 2.8360 0.5648 2.1008 2.0464 0.7623 1.5959 2.4491 0.8036 2.4399 0.1109 0.1592 2.7410 1.1777 2.2941 0.4280 0.0102 3.4280 0.2209 0.9893 0.0000 0.0000 0.0000 0.0000
6 0.4663 1.7816 1.4652 2.4373 1.4128 0.7031 2.7812 1.0639 1.8538 1.0149 1.2674 1.9342 0.9448 1.0606 0.3910 0.0292 3.3910 0.2209 0.9893 0.0000 0.0000 0.0000 0.0000
7 2.1427 3.0563 0.1372 0.3553 1.6767 1.7449 2.9945 1.8219 1.6345 2.7446 0.1989 3.1118 0.5348 0.1461 -0.6010 0.1290 2.3990 0.2209 0.9893 0.0000 0.0000 0.0000 0.0000
8 0.2563 1.7998 1.2308 0.6472 1.2545 1.0137 2.2953 0.8708 1.5981 2.3994 0.3914 0.7511 0.8999 1.4700 -0.7540 0.0592 2.2460 0.2209 0.9893 0.0000 0.0000 0.0000 0.0000
9 1.3527 1.1078 0.8472 1.7889 0.4582 2.1800 0.9989 0.7132 1.8010 2.7822 3.0472 0.9675 2.5877 2.5814 -0.9100 0.2132 2.0900 0.2209 0.9893 0.0000 0.0000 0.0000 0.0000
10 2.5844 3.1153 2.4945 1.8972 1.3052 1.2122 1.7402 1.5176 2.7950 2.8766 1.3075 0.4767 0.8696 2.3149 0.8570 0.0338 3.8570 0.2209 0.9893 0.0000 0.0000 0.0000 0.0000
11 1.4875 2.3185 2.7729 1.4689 2.6585 2.8557 0.9662 2.6915 2.3522 0.1274 1.3423 2.1855 0.3544 2.6149 0.4270 0.0340 3.4270 0.2209 0.9893 0.0000 0.0000 0.0000 0.0000
12 1.7128 2.8882 1.0682 1.3186 1.9765 0.6808 0.6655 0.5542 1.2409 0.8620 1.7297 0.7954 0.4272 1.5278 0.4730 0.0203 3.4730 0.2209 0.9893 0.0000 0.0000 0.0000 0.0000
13 1.4564 1.2409 1.7181 2.1404 1.7215 1.3153 1.1671 0.6610 2.4735 0.2826 2.1979 1.7068 2.5494 2.9660 0.8650 0.0152 3.8650 0.2209 0.9893 0.0000 0.0000 0.0000 0.0000
14 3.1033 1.5719 3.0484 1.2257 1.4214 2.1447 0.5140 2.6248 0.5576 0.4213 2.9653 0.1811 2.8835 1.6793 0.6010 0.0289 3.6010 0.2209 0.9893 0.0000 0.0000 0.0000 0.0000
15 1.6146 2.6521 0.8816 0.3963 2.1450 1.9249 2.7293 0.1126 0.3051 2.8180 1.5392 1.9771 2.1013 1.8960 0.1700 0.0027 3.1700 0.2209 0.9893 0.0000 0.0000 0.0000 0.0000
16 0.5202 2.4280 2.9060 0.6995 0.5296 0.1429 2.5196 0.7760 2.1899 1.4931 1.1651 1.9956 2.6769 1.9915 0.4130 0.0025 3.4130 0.2209 0.9893 0.0000 0.0000 0.0000 0.0000
17 1.1494 1.1311 2.3135 1.8032 3.1279 0.6648 2.2248 1.8734 2.1195 1.0649 1.5652 0.2583 0.7743 2.3596 0.4630 0.0344 3.4630 0.2209 0.9893 0.0000 0.0000 0.0000 0.0000
18 1.0470 2.7228 0.2843 2.0081 0.8782 2.2142 2.5791 1.7066 0.4067 1.2390 1.1992 2.4830 2.0673 3.0694 0.4540 0.0705 3.4540 0.2209 0.9893 0.0000 0.0000 0.0000 0.0000
19 3.0425 0.5640 2.1730 1.3764 1.0771 2.0638 1.8954 0.1123 0.1607 0.2763 0.5345 0.9096 2.7262 1.3143 -0.6840 0.0522 2.3160 0.2209 0.9893 0.0000 0.0000 0.0000 0.0000
20 3.1118 2.6553 1.2366 2.0925 2.1837 0.7145 2.5038 1.5720 0.7677 0.3325 2.1096 2.1920 0.3079 2.6903 0.2470 0.0229 3.2470 0.2209 0.9893 0.0000 0.0000 0.0000 0.0000
21 0.6068 0.4780 1.4182 1.3939 1.1014 2.5660 1.0116 2.5675 1.1664 0.3866 2.8564 2.4528 2.6432 0.1262 0.0920 0.0135 3.0920 0.2209 0.9893 0.0000 0.0000 0.0000 0.0000
22 0.2400 2.0697 2.8471 0.7662 0.1413 1.0546 3.0787 0.3977 1.9664 2.7402 0.4387 2.2919 1.9952 0.6779 0.1800 0.0041 3.1800 0.2209 0.9893 0.0000 0.0000 0.0000 0.0000
23 2.3096 1.3340 2.0553 0.2345 3.0550 1.2925 2.5670 1.1484 0.1935 1.7462 1.3870 2.7637 0.8191 2.4243 -0.3850 0.0571 2.6150 0.2209 0.9893 0.0000 0.0000 0.0000 0.0000
24 2.1498 1.6497 2.5596 0.9459 2.7451 1.7422 0.2714 2.3162 1.6145 0.9295 0.1490 0.7867 0.2950 0.5114 -0.3110 0.0048 2.6890 0.2209 0.9893 0.0000 0.0000 0.0000 0.0000
25 0.1275 0.5317 1.9825 1.2682 1.4191 2.9619 2.8079 0.6972 0.7437 1.4988 2.6097 2.7412 1.1906 0.1444 0.3020 0.0091 3.3020 0.2209 0.9893 0.0000 0.0000 0.0000 0.0000
26 0.2842 1.8275 0.9545 1.5910 1.8699 1.9103 2.3728 2.2771 1.2236 2.3432 1.8652 3.1306 2.5347 1.8872 -0.4640 0.1861 2.5360 0.2209 0.9893 0.0000 0.0000 0.0000 0.0000
27 1.3970 2.7661 0.7170 2.7098 1.7638 1.7149 0.2513 1.0220 3.0678 0.6615 0.1197 1.2219 1.5826 0.1577 0.0310 0.0953 3.0310 0.2209 0.9893 0.0000 0.0000 0.0000 0.0000
28 1.5402 1.5812 1.2741 2.1318 0.7470 1.0136 0.9224 3.0293 0.2599 1.0499 2.6676 2.3016 1.5868 2.5971 -0.5110 0.0227 2.4890 0.2209 0.9893 0.0000 0.0000 0.0000 0.0000
29 1.4420 2.0744 0.1734 2.8718 0.2248 0.2003 1.0542 2.0076 0.8354 0.6424 1.7746 0.8911 1.0792 2.0395 0.5800 0.0052 3.5800 0.2209 0.9893 0.0000 0.0000 0.0000 0.0000
30 0.4158 0.2205 1.7824 0.9552 2.1534 1.2300 3.1048 0.3798 2.8923 0.1426 2.3630 0.1168 0.1897 1.1490 0.4820 0.0158 3.4820 0.2209 0.9893 0.0000 0.0000 0.0000 0.0000
31 2.7383 1.8196 0.1639 2.2959 0.4933 1.7985 0.9360 2.6229 1.3683 1.9910 1.5006 0.1904 2.9060 0.8737 0.0150 0.0044 3.0150 0.2209 0.9893 0.0000 0.0000 0.0000 0.0000
32 0.4243 0.2023 0.9932 2.2841 1.1767 2.1627 0.4968 0.2326 2.6432 1.8673 2.0725 1.5652 1.8926 2.5377 -0.0900 0.1536 2.9100 0.2209 0.9893 0.0000 0.0000 0.0000 0.0000
33 2.6369 2.0655 1.9311 1.3387 2.8326 1.3572 0.7805 2.6864 2.0681 1.6320 2.8564 1.5203 2.7626 2.7767 0.5070 0.0350 3.5070 0.2209 0.9893 0.0000 0.0000 0.0000 0.0000
34 2.5876 1.6023 2.4666 1.5210 0.3563 1.8553 2.9581 0.3431 3.0573 2.8163 2.0170 2.7234 0.3377 1.9080 0.4640 0.0136 3.4640 0.2209 0.9893 0.0000 0.0000 0.0000 0.0000
35 2.0485 3.0824 0.4981 2.9008 1.5868 0.2023 2.9361 2.7819 3.0046 0.2495 0.2655 0.6623 1.0026 1.9826 -0.2640 0.0506 2.7360 0.2209 0.9893 0.0000 0.0000 0.0000 0.0000
36 2.4633 2.8313 1.8466 3.1051 0.1485 1.5408 1.0861 0.2238 2.4511 3.0770 0.8229 2.0911 2.9594 1.2412 0.0240 0.0582 3.0240 0.2209 0.9893 0.0000 0.0000 0.0000 0.0000
37 1.5353 2.7134 0.7994 1.1806 0.4523 0.2923 0.9401 1.8148 1.6198 2.5270 0.7704 1.0386 3.0158 0.4535 -0.1970 0.0955 2.8030 0.2209 0.9893 0.0000 0.0000 0.0000 0.0000
38 2.8190 1.5336 2.2658 0.6962 2.9095 1.0133 1.9188 1.7377 1.1338 1.1889 0.8159 1.7993 2.4536 2.6258 -0.0130 0.0196 2.9870 0.2209 0.9893 0.0000 0.0000 0.0000 0.0000
39 0.4302 2.8192 2.8857 3.1212 0.3639 2.0115 0.6329 2.9498 0.7581 0.9934 1.5962 1.4374 0.5431 2.4791 -0.1730 0.0049 2.8270 0.2209 0.9893 0.0000 0.0000 0.0000 0.0000
40 3.1244 1.2222 1.3540 0.5937 3.0061 0.1815 1.9624 1.8214 1.7137 2.8829 0.9669 2.7892 0.6851 0.4945 1.1380 0.0086 4.1380 0.2209 0.9893 0.0000 0.0000 0.0000 0.0000
41 2.6896 2.9366 1.2273 2.3195 0.1721 0.9228 2.3896 0.3506 0.1838 2.9082 0.6576 0.8616 1.8241 1.9757 0.4700 0.1208 3.4700 0.2209 0.9893 0.0000 0.0000 0.0000 0.0000
42 0.6144 1.8840 0.3492 1.2613 2.1770 0.4711 1.1182 2.7163 2.7215 2.7811 1.5485 0.4500 1.7520 2.1685 0.3860 0.0892 3.3860 0.2209 0.9893 0.0000 0.0000 0.0000 0.0000
43 2.2968 3.0219 1.6260 2.1077 1.8489 0.1598 1.3008 2.5820 1.7075 1.8040 1.5325 1.4813 1.6030 1.5975 -0.2660 0.0588 2.7340 0.2209 0.9893 0.0000 0.0000 0.0000 0.0000
44 1.7477 2.6552 1.3635 0.6782 0.7911 0.1554 0.6757 3.0853 1.6536 2.7607 3.0440 2.2488 0.3119 1.0601 -0.0300 0.0967 2.9700 0.2209 0.9893 0.0000 0.0000 0.0000 0.0000
45 2.5303 1.9590 2.3177 2.6220 2.8803 0.1624 0.7418 1.7103 2.3733 2.7093 2.9034 0.4816 1.7224 0.1663 -0.8500 0.2374 2.1500 0.2209 0.9893 0.0000 0.0000 0.0000 0.0000
46 2.4189 2.9067 1.3311 3.0153 2.2034 2.4553 0.1504 2.7457 1.4517 2.1599 1.8333 2.8854 1.4378 0.1032 -0.0870 0.0078 2.9130 0.2209 0.9893 0.0000 0.0000 0.0000 0.0000
47 2.4865 1.5073 3.0162 1.9542 0.9007 0.9358 0.6624 1.7730 1.1563 2.1326 0.9377 0.9123 1.2939 1.7850 0.9250 0.0676 3.9250 0.2209 0.9893 0.0000 0.0000 0.0000 0.0000
48 0.4759 1.3517 0.6678 1.8085 1.1038 1.1672 1.2090 1.2306 2.2455 0.5330 2.0882 1.1490 0.2937 0.3453 -0.3020 0.0278 2.6980 0.2209 0.9893 0.0000 0.0000 0.0000 0.0000
49 2.5882 2.0757 1.6690 0.7244 2.5486 1.5009 1.6550 0.8333 0.8298 1.7719 3.0324 0.9473 2.0118 0.3595 0.3430 0.0402 3.3430 0.2209 0.9893 0.0000 0.0000 0.0000 0.0000
50 0.8103 0.3138 0.3012 1.1966 1.4860 2.2617 1.6507 2.9249 1.9911 1.7638 1.5003 2.8045 0.8463 0.4261 0.6180 0.0472 3.6180 0.2209 0.9893 0.0000 0.0000 0.0000 0.0000
51 2.4658 0.8686 2.8070 2.2511 1.5163 2.8770 2.6412 2.7102 0.4948 2.5698 1.4527 2.5300 0.3368 2.9362 0.8670 0.0091 3.8670 0.2209 0.9893 0.0000 0.0000 0.0000 0.0000
52 2.5425 2.0504 1.5272 1.8902 1.7154 1.0845 2.4355 2.5271 0.6351 2.2951 2.2168 2.1408 2.5397 2.3883 -0.1030 0.0317 2.8970 0.2209 0.9893 0.0000 0.0000 0.0000 0.0000
53 2.8488 0.8101 0.5682 2.1530 2.3836 0.2122 2.5153 1.2028 0.7962 1.5296 0.3673 2.2817 0.2230 1.6441 0.3590 0.0780 3.3590 0.2209 0.9893 0.0000 0.0000 0.0000 0.0000
54 2.5463 1.7287 1.3286 2.9666 0.6278 2.4349 1.6598 1.4708 1.8268 1.2355 1.5554 1.7191 2.7099 3.0606 0.3540 0.0214 3.3540 0.2209 0.9893 0.0000 0.0000 0.0000 0.0000
55 1.4003 2.1196 0.5743 2.3752 2.4536 0.2732 1.8030 2.4631 0.4689 2.4168 2.4563 1.3946 1.1260 3.0768 -0.5760 0.0508 2.4240 0.2209 0.9893 0.0000 0.0000 0.0000 0.0000
56 2.4203 3.0665 3.0443 0.6181 2.3278 1.5441 2.2680 1.2906 1.3075 0.7220 1.2463 0.4645 1.5406 2.1869 1.2910 0.0780 4.2910 0.2209 0.9893 0.0000 0.0000 0.0000 0.0000
57 1.0231 0.7611 2.8822 0.4940 1.8304 0.1216 2.7149 1.0454 2.2624 1.5513 2.9005 2.9315 2.5407 1.9240 1.2930 0.0046 4.2930 0.2209 0.9893 0.0000 0.0000 0.0000 0.0000
58 2.3660 0.6530 2.0344 1.0246 2.4938 2.4714 0.5427 0.1196 0.9314 2.0250 1.9514 0.4741 0.1068 0.3861 -0.5260 0.0446 2.4740 0.2209 0.9893 0.0000 0.0000 0.0000 0.0000
59 2.5774 1.4968 2.8710 3.1163 1.0470 2.2739 2.4845 0.3408 0.2215 2.8336 0.5162 1.6235 2.0822 1.3165 -0.0270 0.0031 2.9730 0.2209 0.9893 0.0000 0.0000 0.0000 0.0000
60 2.4835 0.8805 0.6179 3.0893 2.7135 0.5801 2.7047 2.6235 1.3904 0.6567 1.8665 0.3522 2.5503 1.1463 0.2810 0.0109 3.2810 0.2209 0.9893 0.0000 0.0000 0.0000 0.0000
61 0.5250 0.5988 0.4344 2.8778 2.3054 3.0842 1.5094 1.9239 0.7610 0.5080 1.6703 2.1765 2.1006 2.7439 -0.1270 0.0854 2.8730 0.2209 0.9893 0.0000 0.0000 0.0000 0.0000
62 0.9458 1.7706 2.5274 1.1607 2.2245 0.6520 2.8509 2.1715 0.1713 2.7803 0.8332 1.0849 0.2588 1.4140 0.6930 0.0306 3.6930 0.2209 0.9893 0.0000 0.0000 0.0000 0.0000
63 0.9123 1.7655 0.3010 1.9903 0.4243 2.4083 2.3537 0.4050 1.9232 2.6725 0.7154 2.6068 3.0045 0.4839 0.7210 0.0115 3.7210 0.2209 0.9893 0.0000 0.0000 0.0000 0.0000
64 1.5616 2.9752 1.0279 2.1088 0.6297 2.0109 1.8128 1.9706 1.5716 2.2947 1.3829 1.4566 1.9757 2.7338 -0.3480 0.0781 2.6520 0.2209 0.9893 0.0000 0.0000 0.0000 0.0000
65 1.2270 2.4241 0.8173 1.7756 1.1077 0.6682 0.3392 0.6714 1.5982 2.4779 0.8012 1.3731 2.1535 0.8601 0.2010 0.0281 3.2010 0.2209 0.9893 0.0000 0.0000 0.0000 0.0000
66 0.7648 1.7958 1.3147 2.6460 0.3226 2.7927 0.8791 1.5038 1.7969 0.7261 2.8301 1.3132 1.7235 2.2348 -0.0260 0.0495 2.9740 0.2209 0.9893 0.0000 0.0000 0.0000 0.0000
67 0.2751 0.2659 2.9577 1.7194 2.3117 2.8559 1.9137 0.1270 0.9946 2.9475 2.5415 1.5116 2.5567 1.8592 0.5990 0.0261 3.5990 0.2209 0.9893 0.0000 0.0000 0.0000 0.0000
68 1.7742 0.6240 0.2121 2.7802 0.8012 2.2602 1.7062 2.9483 1.5093 1.2949 2.4609 1.9299 0.6648 1.2438 1.3960 0.0063 4.3960 0.2209 0.9893 0.0000 0.0000 0.0000 0.0000
69 2.5909 2.8515 0.9561 0.7718 1.0597 1.5832 0.4112 1.4160 0.4136 1.9065 3.0782 0.7306 1.8283 0.9348 0.4650 0.0107 3.4650 0.2209 0.9893 0.0000 0.0000 0.0000 0.0000
70 3.1380 1.5988 1.4726 2.7457 0.8982 1.2372 1.7791 0.9718 0.5075 1.5954 2.0375 1.8414 0.3081 3.1194 -0.0610 0.1430 2.9390 0.2209 0.9893 0.0000 0.0000 0.0000 0.0000
71 1.3988 2.4474 0.9890 2.1194 1.7222 2.6042 1.8124 1.7215 1.6785 2.3309 2.0580 2.5555 2.0930 1.8909 -0.1280 0.0679 2.8720 0.2209 0.9893 0.0000 0.0000 0.0000 0.0000
72 1.9426 1.1327 0.1301 0.2287 2.7831 0.6321 1.8307 0.8863 2.3419 1.8928 0.6257 1.3042 0.5273 0.5347 0.1230 0.1243 3.1230 0.2209 0.9893 0.0000 0.0000 0.0000 0.0000
73 2.4603 0.8206 0.9448 2.8346 2.8069 1.8486 1.2076 1.8688 2.1272 0.9862 1.8434 0.6860 2.1734 1.5614 0.0260 0.1502 3.0260 0.2209 0.9893 0.0000 0.0000 0.0000 0.0000
74 0.6452 2.1492 2.4025 2.7325 1.2683 0.8962 2.6024 2.6190 1.2493 0.7694 2.6672 3.0964 3.0336 0.8180 1.0670 0.0283 4.0670 0.2209 0.9893 -0.9100 0.0000 0.0000 34.3706
75 1.3505 1.1084 0.8471 1.7904 0.4594 2.1805 0.9985 0.7142 1.8017 2.7803 3.0445 0.9693 2.5855 2.5810 -0.8060 0.2125 2.1940 0.2209 0.9893 -0.9100 0.0107 0.0009 41.3563
76 1.4880 2.1312 0.7013 2.3219 2.2762 0.3938 1.7715 2.4943 0.5098 2.3332 2.4242 1.5204 1.2679 2.9724 -0.4530 0.1291 2.5470 0.2089 0.9495 -0.9100 0.0507 0.0009 49.2520
77 0.1532 1.8165 1.0400 0.5639 1.1787 1.0707 2.2352 0.8287 1.6228 2.4466 0.3617 0.7375 0.9182 1.4645 -0.4780 0.0255 2.5220 0.2702 0.9349 -0.9100 0.0463 0.0009 56.8695
78 0.6312 2.0275 0.9533 1.6895 1.8223 1.9707 2.1505 2.2123 1.2556 2.4529 1.9264 2.8276 2.4007 2.0389 0.3550 0.0360 3.3550 0.2621 0.9224 -0.9100 0.0401 0.0009 63.6712
79 1.5624 1.7003 1.2581 2.1223 0.9677 0.9262 1.0429 2.9675 0.2660 1.2652 2.6400 2.2237 1.5952 2.6897 0.1640 0.0314 3.1640 0.1927 0.9299 -0.9100 0.0628 0.0009 72.0928
80 1.5329 2.2009 0.6429 2.3554 2.4759 0.2820 1.8894 2.4329 0.5503 2.4760 2.3828 1.3946 1.2209 2.9956 -0.4710 0.0228 2.5290 0.1499 0.9339 -0.9100 0.0939 0.0010 85.3279
81 1.5591 2.8730 1.0296 2.1190 0.8869 2.1476 1.7704 1.9083 1.6295 2.3441 1.5823 1.6718 1.9896 2.5076 0.0430 0.1168 3.0430 0.1743 0.9257 -0.9100 0.0571 0.0010 93.5053
82 1.4260 2.0634 0.5479 2.3707 2.3848 0.4167 1.8834 2.4185 0.3674 2.5361 2.5457 1.4798 1.2425 3.1416 -0.5340 0.1350 2.4660 0.1759 0.9275 -0.9100 0.1058 0.0009 112.4494
83 2.5178 2.0041 2.2745 2.6648 2.8779 0.1244 0.7347 1.7657 2.3734 2.6917 2.8840 0.5118 1.7276 0.1651 -0.7080 0.2097 2.2920 0.1957 0.9199 -0.9100 0.0443 0.0008 122.3665
84 1.3929 1.0974 0.8502 1.7635 0.4374 2.1719 1.0047 0.6939 1.7870 2.8160 3.0967 0.9352 2.6281 2.5883 -0.9100 0.1991 2.0900 0.1997 0.9003 -0.9100 0.0121 0.0009 130.4059
85 1.4010 1.0952 0.8507 1.7582 0.4330 2.1704 1.0057 0.6898 1.7842 2.8231 3.1069 0.9285 2.6364 2.5898 -0.9080 0.1903 2.0920 0.2139 0.8774 -0.9100 0.0080 0.0009 140.1216
86 1.4029 1.0946 0.8507 1.7570 0.4318 2.1701 1.0059 0.6887 1.7836 2.8249 3.1095 0.9268 2.6383 2.5902 -0.8730 0.1879 2.1270 0.2175 0.8570 -0.9100 0.0081 0.0008 148.0309
87 0.3346 1.7815 1.3985 0.7096 1.3152 0.9581 2.3547 0.8898 1.5849 2.3593 0.3995 0.7471 0.8818 1.4797 -0.4840 0.0996 2.5160 0.2197 0.8407 -0.9100 0.0243 0.0009 156.4991
88 1.3537 2.3012 0.5521 2.4569 2.4105 0.2358 1.6978 2.5857 0.3933 2.5538 2.5496 1.5657 1.1817 3.1416 -0.3230 0.0099 2.6770 0.2065 0.8326 -0.9100 0.1027 0.0010 175.7484
89 2.5448 1.9062 2.3682 2.5721 2.8833 0.2066 0.7499 1.6455 2.3734 2.7301 2.9264 0.4461 1.7163 0.1675 -0.8690 0.2602 2.1310 0.2124 0.8341 -0.9100 0.0095 0.0009 185.3926
90 2.3896 0.4891 2.0704 1.0406 2.6509 2.6261 0.2982 0.1158 0.9395 1.9142 1.7642 0.3903 0.1000 0.2412 0.2570 0.0126 3.2570 0.2256 0.8252 -0.9100 0.1342 0.0008 193.0848
91 1.4131 1.1090 0.8662 1.7579 0.4518 2.1606 1.0199 0.7040 1.7780 2.8031 3.0905 0.9429 2.6342 2.5806 -0.8830 0.2202 2.1170 0.2012 0.8269 -0.9100 0.0187 0.0009 202.6424
92 1.3836 1.0650 0.8477 1.7617 0.4424 2.1718 0.9863 0.6712 1.8032 2.8175 3.1013 0.9365 2.6272 2.5916 -0.9230 0.1948 2.0770 0.2086 0.8169 -0.9100 0.0153 0.0009 209.8624
93 1.3825 1.0426 0.8491 1.7580 0.4478 2.1692 0.9759 0.6554 1.8128 2.8178 3.1060 0.9374 2.6296 2.5930 -0.8560 0.1935 2.1440 0.2155 0.8081 -0.9230 0.0093 0.0010 219.2955
94 1.3670 1.1111 0.8219 1.7744 0.4010 2.1939 0.9962 0.6981 1.7851 2.8426 3.1081 0.9152 2.6208 2.6008 -0.8630 0.1573 2.1370 0.2198 0.8018 -0.9230 0.0123 0.0009 227.7247
95 1.4197 1.0739 0.8269 1.7472 0.4599 2.1646 1.0043 0.6996 1.7784 2.8541 3.0946 0.9675 2.6214 2.5464 -1.1310 0.2402 1.8690 0.2293 0.7986 -0.9230 0.0310 0.0010 240.5647
96 3.1394 0.3322 2.1378 1.3306 1.0301 2.1780 1.9319 0.1000 0.1000 0.1381 0.3880 0.8293 2.9108 1.2026 -0.7320 0.0561 2.2680 0.2050 0.7896 -1.1310 0.1401 0.0008 251.2418
97 0.3407 1.8544 1.1304 0.7238 1.2816 1.1123 2.1902 1.0678 1.5030 2.4133 0.5879 0.9286 0.9263 1.4128 -0.9500 0.1050 2.0500 0.2189 0.7976 -1.1310 0.0266 0.0008 259.9695
98 0.3053 2.0013 1.1390 0.6849 1.2736 1.1131 2.2547 1.1618 1.5089 2.4022 0.5069 0.9717 0.8466 1.3727 -0.8810 0.1153 2.1190 0.2285 0.8059 -1.1310 0.0822 0.0010 271.2283
99 1.4791 1.0371 0.7571 1.7128 0.4997 2.1558 1.0086 0.7282 1.7485 2.9592 3.0896 1.0412 2.6002 2.4443 -1.2740 0.3074 1.7260 0.2452 0.8087 -1.1310 0.0156 0.0008 279.3681
100 0.1948 1.8206 1.1433 0.7100 1.2463 1.1664 2.1895 1.1718 1.3077 2.5035 0.8253 0.9239 0.8087 1.3439 -0.9990 0.1347 2.0010 0.2694 0.8091 -1.2740 0.0540 0.0010 290.4597
101 0.2238 1.7691 1.0649 0.7311 1.4543 1.2046 2.0892 1.1668 1.2328 2.5281 0.6345 1.0928 0.8593 1.3935 -0.4850 0.0836 2.5150 0.2965 0.8204 -1.2740 0.0491 0.0010 306.3035
102 1.4976 1.0270 0.7412 1.7021 0.5096 2.1522 1.0105 0.7339 1.7401 2.9865 3.0914 1.0581 2.5982 2.4193 -1.3480 0.3143 1.6520 0.2820 0.8211 -1.2740 0.0113 0.0010 314.8046
103 1.5288 1.0100 0.7146 1.6840 0.5255 2.1464 1.0133 0.7424 1.7262 3.0327 3.0961 1.0851 2.5961 2.3792 -1.2400 0.3142 1.7600 0.3069 0.8220 -1.3480 0.0105 0.0009 324.5014
104 0.3063 1.9381 1.1456 0.7164 1.0267 1.1226 2.2589 1.1770 1.5191 2.4199 0.9308 0.7959 0.8564 1.3145 -0.4160 0.1501 2.5840 0.3100 0.8099 -1.3480 0.0133 0.0008 333.0492
105 1.4831 1.0084 0.7642 1.7088 0.4632 2.1514 1.0178 0.7423 1.7470 2.9652 3.0733 1.0300 2.5689 2.3612 -1.6030 0.3570 1.3970 0.2595 0.7928 -1.3480 0.0234 0.0010 345.3424
106 1.4723 0.9806 0.7895 1.7127 0.4063 2.1485 1.0279 0.7533 1.7528 2.9473 3.0531 0.9976 2.5330 2.2798 -1.7660 0.3807 1.2340 0.2309 0.7759 -1.6030 0.0105 0.0009 353.4764
107 1.4702 0.9639 0.8012 1.7126 0.3771 2.1461 1.0337 0.7593 1.7546 2.9421 3.0438 0.9819 2.5147 2.2332 -1.6240 0.3747 1.3760 0.2446 0.7708 -1.7660 0.0072 0.0008 362.4588
108 2.6408 1.7546 2.5511 2.7781 3.0837 0.1084 0.5077 1.5337 2.5481 3.0411 3.1323 0.1905 1.8050 0.1096 2.0480 0.0030 5.0480 0.2386 0.7443 -1.7660 0.1073 0.0010 377.9802
109 1.4747 1.6384 0.5003 2.1224 2.5604 0.2758 1.9578 2.4381 0.2484 2.1691 2.4450 1.1551 1.1695 3.1372 0.8140 0.0543 3.8140 0.1803 0.7485 -1.7660 0.1302 0.0010 390.0121
110 0.1000 1.8698 1.3452 0.5811 1.2624 1.2159 2.2286 0.9577 1.3737 2.3738 0.6907 0.9565 0.7459 1.3785 -0.3770 0.0970 2.6230 0.1727 0.7451 -1.7660 0.0299 0.0010 404.1806
111 1.4584 0.9984 0.7744 1.7112 0.4153 2.1484 1.0192 0.7385 1.7479 2.9373 3.0448 0.9859 2.5227 2.2973 -1.7120 0.3689 1.2880 0.1714 0.7481 -1.7660 0.0105 0.0009 413.3537
112 0.2437 1.7808 1.0647 0.7980 1.2856 0.9543 2.3118 1.2588 1.3657 2.6094 0.5913 0.7482 0.8397 1.3763 -0.6090 0.1282 2.3910 0.1750 0.7344 -1.7660 0.0172 0.0009 423.1054
113 3.0787 0.3116 2.5272 1.5362 0.9848 2.1928 1.9006 0.1000 0.1000 0.1262 0.5148 0.6708 2.8780 1.5258 -0.5750 0.0449 2.4250 0.1763 0.7371 -1.7660 0.1965 0.0010 441.8992
114 0.6406 1.8652 1.0380 0.5714 1.2212 1.1756 2.2156 1.0885 1.3163 2.5401 0.6373 0.8897 0.7456 1.4074 -0.1960 0.0880 2.8040 0.1785 0.7416 -1.7660 0.0448 0.0010 464.9315
115 1.4662 0.9818 0.7950 1.7404 0.4025 2.1586 1.0182 0.7718 1.7672 2.9452 3.0579 1.0092 2.5402 2.2999 -1.7190 0.3788 1.2810 0.1772 0.7440 -1.7660 0.0100 0.0009 474.3813
116 1.4444 0.9801 0.8014 1.6994 0.4024 2.1628 1.0509 0.7535 1.7579 2.9476 3.0514 1.0153 2.5423 2.3001 -1.6930 0.3832 1.3070 0.1810 0.7333 -1.7660 0.0113 0.0010 488.5212
117 1.4774 0.9734 0.7793 1.7169 0.4246 2.1668 1.0131 0.7774 1.7529 2.9242 3.0487 0.9761 2.5561 2.2872 -1.5680 0.3749 1.4320 0.1857 0.7257 -1.7660 0.0120 0.0010 499.0314
118 1.4601 1.0015 0.7996 1.7305 0.3874 2.1294 1.0315 0.7280 1.7608 2.9685 3.0602 1.0259 2.5052 2.2966 -1.6820 0.3721 1.3180 0.1884 0.7225 -1.7660 0.0039 0.0008 511.1578
119 1.4700 0.9844 0.8030 1.7252 0.3954 2.1753 1.0423 0.7320 1.7563 2.9828 3.0322 1.0085 2.4904 2.3080 -1.6680 0.3651 1.3320 0.1937 0.7182 -1.7660 0.0103 0.0010 522.9546
120 1.4341 0.9963 0.7776 1.7047 0.3656 2.1308 1.0093 0.7457 1.7427 2.9480 3.0583 1.0461 2.5220 2.2867 -1.5900 0.3637 1.4100 0.1998 0.7171 -1.7660 0.0094 0.0010 536.9295
121 1.4653 0.9967 0.8119 1.7393 0.4282 2.1295 1.0708 0.7318 1.7866 2.9665 3.0676 0.9864 2.5198 2.2812 -1.7450 0.3725 1.2550 0.2038 0.7169 -1.7660 0.0041 0.0008 546.6327
122 1.4599 1.0025 0.8155 1.7494 0.4319 2.1407 1.0734 0.7216 1.7853 2.9682 3.0702 0.9883 2.5233 2.2669 -1.7440 0.3705 1.2560 0.2112 0.7194 -1.7660 0.0074 0.0010 557.5374
123 1.4620 0.9910 0.8089 1.7376 0.4273 2.1177 1.0821 0.7429 1.7994 2.9727 3.0648 0.9794 2.5074 2.2820 -1.7230 0.3634 1.2770 0.2181 0.7230 -1.7660 0.0063 0.0009 567.4956
124 1.4634 0.9884 0.8254 1.7650 0.4276 2.1331 1.0816 0.7131 1.7607 2.9681 3.0612 0.9885 2.5282 2.2657 -1.7790 0.3871 1.2210 0.2269 0.7296 -1.7660 0.0082 0.0010 578.0277
125 1.4605 0.9824 0.8315 1.7793 0.4280 2.1306 1.0931 0.7060 1.7535 2.9730 3.0586 0.9862 2.5284 2.2547 -1.7220 0.3879 1.2780 0.2397 0.7413 -1.7790 0.0055 0.0008 588.0254
126 1.4783 1.0092 0.8446 1.7528 0.4263 2.1554 1.0827 0.7007 1.7959 2.9684 3.0747 0.9915 2.5155 2.2345 -1.7430 0.3672 1.2570 0.2552 0.7572 -1.7790 0.0087 0.0010 599.4243
127 1.4394 0.9919 0.8501 1.7617 0.4318 2.1382 1.0813 0.7228 1.7857 3.0089 3.0723 0.9652 2.5052 2.2267 -1.6740 0.3621 1.3260 0.2804 0.7827 -1.7790 0.0078 0.0010 608.0624
128 1.5010 0.9829 0.8053 1.7656 0.4026 2.1337 1.1194 0.6989 1.7932 2.9427 3.0575 0.9978 2.5103 2.2476 -1.5440 0.3567 1.4560 0.2945 0.7959 -1.7790 0.0066 0.0010 619.5010
129 1.4402 1.0054 0.8696 1.7366 0.4441 2.1318 1.0338 0.7356 1.7524 2.9895 3.0643 0.9775 2.5204 2.2580 -1.8430 0.3984 1.1570 0.2924 0.7970 -1.7790 0.0046 0.0009 631.2379
130 1.4336 1.0113 0.9197 1.7257 0.4577 2.1160 1.0112 0.7433 1.7338 3.0048 3.0600 0.9690 2.5113 2.2400 -1.6910 0.4057 1.3090 0.3056 0.8092 -1.8430 0.0056 0.0009 641.5284
131 1.4006 1.0244 0.8534 1.7474 0.4262 2.1409 1.0172 0.7220 1.7856 3.0408 3.0149 0.9565 2.5733 2.2226 -1.5140 0.3452 1.4860 0.3169 0.8159 -1.8430 0.0074 0.0010 654.8056
132 1.4493 0.9739 0.8798 1.7367 0.4563 2.1409 1.0554 0.7556 1.7203 2.9605 3.1368 0.9822 2.4521 2.2609 -1.6440 0.3921 1.3560 0.3194 0.8218 -1.8430 0.0058 0.0010 666.9554
133 1.5190 0.9599 0.9274 1.7238 0.4236 2.0689 1.0491 0.7596 1.7657 2.9848 3.0420 0.9902 2.4899 2.2838 -1.5260 0.4113 1.4740 0.3268 0.8248 -1.8430 0.0061 0.0009 681.6661
134 1.4167 1.0628 0.8222 1.7093 0.4721 2.1732 1.0744 0.7095 1.7031 2.9473 3.0869 0.9694 2.4687 2.2060 -1.7100 0.3197 1.2900 0.3320 0.8310 -1.8430 0.0057 0.0009 693.8203
135 3.1416 0.1742 2.0907 0.6062 0.5167 2.0209 1.3968 0.1000 0.1000 0.1000 0.1000 1.1286 3.1416 0.8955 1.0020 0.0282 4.0020 0.3426 0.8355 -1.8430 0.1133 0.0010 710.5303
136 1.4028 0.9638 0.8275 1.7505 0.4918 2.1717 1.0069 0.6760 1.7632 2.9426 3.1018 1.0032 2.4709 2.2066 -1.4310 0.3275 1.5690 0.3329 0.8331 -1.8430 0.0070 0.0010 724.8968
137 1.4561 1.0675 0.8446 1.7271 0.4015 2.1518 1.1084 0.7800 1.7017 2.9943 3.0920 0.9550 2.5146 2.2552 -1.6650 0.3488 1.3350 0.3302 0.8400 -1.8430 0.0053 0.0010 737.0147
138 2.4863 1.9715 2.2885 2.3156 2.7183 0.3499 0.9848 1.6486 2.2244 2.4814 2.7965 0.6196 1.6180 0.1766 0.6400 0.0234 3.6400 0.3385 0.8438 -1.8430 0.0132 0.0009 749.3993
139 2.3442 3.1416 0.1000 0.1000 1.3683 2.4606 3.1416 2.1267 1.6964 3.1416 0.1000 3.1416 0.1000 0.1000 -0.1140 0.0568 2.8860 0.2482 0.7796 -1.8430 0.1347 0.0009 769.9798
140 1.4858 1.3319 1.3480 2.1212 0.2470 1.1493 0.5992 3.1416 0.1435 0.5741 2.7834 2.5365 1.5906 2.4842 -0.3190 0.1751 2.6810 0.2440 0.7709 -1.8430 0.0448 0.0009 782.4801
141 1.4585 1.0519 0.8594 1.7283 0.4514 2.1447 1.0640 0.7387 1.7349 2.9557 3.0580 0.9927 2.5202 2.2720 -1.8350 0.3911 1.1650 0.2421 0.7673 -1.8430 0.0032 0.0010 795.9252
142 1.4562 1.0547 0.8588 1.7330 0.4555 2.1448 1.0675 0.7483 1.7358 2.9547 3.0517 0.9990 2.5167 2.2689 -1.8640 0.3899 1.1360 0.2497 0.7803 -1.8430 0.0035 0.0010 809.8303
143 3.1416 0.4035 1.9109 1.7445 1.4457 2.3264 2.3847 0.1000 0.1000 0.1138 0.4797 0.6707 2.8074 1.1909 -0.5650 0.0937 2.4350 0.2575 0.7940 -1.8640 0.0310 0.0006 826.4730
144 3.1416 0.1276 1.9315 1.3385 0.8828 2.0321 2.5656 0.1000 0.1000 0.3263 0.9437 0.5412 2.5831 1.5246 -0.3990 0.1522 2.6010 0.2598 0.7978 -1.8640 0.1438 0.0010 845.2524
145 1.4543 1.0647 0.8618 1.7398 0.4640 2.1468 1.0751 0.7650 1.7364 2.9509 3.0394 1.0126 2.5108 2.2614 -1.7890 0.3821 1.2110 0.2598 0.7970 -1.8640 0.0035 0.0009 859.9359
146 1.4524 1.0559 0.8808 1.6896 0.4514 2.1556 1.0913 0.7282 1.7328 2.9485 3.0504 0.9976 2.5289 2.2686 -1.6920 0.3950 1.3080 0.2779 0.8234 -1.8640 0.0033 0.0008 875.5359
147 1.4769 1.0833 0.8412 1.7797 0.4516 2.1303 1.0437 0.7634 1.7272 2.9592 3.0539 0.9836 2.4937 2.2582 -1.7580 0.3549 1.2420 0.2934 0.8448 -1.8640 0.0034 0.0010 889.6535
148 1.4240 1.0432 0.8335 1.7625 0.4710 2.1151 1.0950 0.7893 1.7065 2.9626 3.0230 0.9958 2.4956 2.2646 -1.7230 0.3893 1.2770 0.3060 0.8598 -1.8640 0.0040 0.0009 904.6157
149 0.1000 0.1000 0.1000 0.1000 3.1416 3.1416 0.1000 3.1416 0.1000 3.1416 0.1000 3.1416 3.1416 3.1416 0.5100 0.0360 3.5100 0.3158 0.8709 -1.8640 0.1834 0.0010 930.4708
150 1.4708 1.0863 0.8709 1.7603 0.4391 2.1800 1.0598 0.7991 1.7671 2.9632 3.0815 1.0262 2.5084 2.2405 -1.6210 0.3271 1.3790 0.3120 0.8612 -1.8640 0.0037 0.0008 945.5894
151 0.1000 3.1416 3.1416 0.1000 0.1000 3.1416 0.1000 3.1416 3.1416 3.1416 0.1000 3.1416 3.1416 3.1416 -0.1810 0.0737 2.8190 0.3176 0.8701 -1.8640 0.1071 0.0010 969.1971
152 2.4013 0.7936 1.9597 0.8908 2.1540 2.3666 0.9797 0.1000 0.7556 2.4381 2.5639 0.5222 0.1000 0.6383 0.7300 0.0216 3.7300 0.3147 0.8636 -1.8640 0.0448 0.0010 980.7466
153 1.4744 1.0643 0.8379 1.7381 0.4491 2.1097 1.0576 0.7092 1.6927 2.9602 3.0376 0.9430 2.4972 2.2754 -1.7090 0.3730 1.2910 0.3046 0.8540 -1.8640 0.0034 0.0009 996.8291
154 0.1000 3.1416 0.1000 0.1000 3.1416 3.1416 0.1000 0.1000 3.1416 0.1000 3.1416 3.1416 0.1000 0.1000 -0.1050 0.0721 2.8950 0.3143 0.8656 -1.8640 0.2149 0.0010 1020.0235
155 0.1000 3.1416 0.1000 0.1000 3.1416 3.1416 0.1000 3.1416 0.1000 0.1000 0.1000 0.1000 3.1416 0.1000 -0.1560 0.0721 2.8440 0.3111 0.8582 -1.8640 0.1620 0.0010 1049.1359
156 0.1000 0.1000 3.1416 3.1416 3.1416 3.1416 0.1000 3.1416 0.1000 0.1000 0.1000 0.1000 3.1416 0.1000 0.6130 0.0309 3.6130 0.3079 0.8511 -1.8640 0.2088 0.0010 1072.2557
157 1.4326 1.0625 0.8404 1.7299 0.4505 2.0668 1.0743 0.7494 1.7249 2.9380 3.0891 0.9866 2.5406 2.2464 -1.8390 0.3917 1.1610 0.3038 0.8414 -1.8640 0.0034 0.0009 1096.6882
158 0.1000 0.1000 0.1000 0.1000 0.1000 3.1416 0.1000 0.1000 0.1000 0.1000 0.1000 3.1416 0.1000 3.1416 1.5770 0.0073 4.5770 0.3123 0.8519 -1.8640 0.2083 0.0010 1124.4608
159 1.4303 1.0762 0.8315 1.7083 0.4570 2.0562 1.0785 0.7582 1.7439 2.9397 3.0831 0.9746 2.5204 2.2444 -1.8690 0.3687 1.1310 0.3132 0.8524 -1.8640 0.0036 0.0010 1138.6943
160 0.1000 3.1416 0.1000 3.1416 0.1000 3.1416 3.1416 3.1416 3.1416 3.1416 0.1000 0.1000 3.1416 3.1416 0.5920 0.0353 3.5920 0.3204 0.8612 -1.8690 0.1521 0.0010 1169.3392
161 3.1416 3.1416 0.1000 0.1000 3.1416 3.1416 3.1416 3.1416 3.1416 0.1000 0.1000 3.1416 3.1416 0.1000 -0.4400 0.0839 2.5600 0.3171 0.8528 -1.8690 0.3137 0.0010 1195.9856
162 1.4284 1.0829 0.8294 1.7023 0.4588 2.0465 1.0821 0.7611 1.7458 2.9379 3.0839 0.9720 2.5178 2.2391 -1.7840 0.3594 1.2160 0.3154 0.8494 -1.8690 0.0041 0.0010 1212.0599
163 3.1416 3.1416 0.1000 0.1000 3.1416 3.1416 0.2910 3.1416 3.1416 0.1000 0.1000 3.1416 3.1416 0.1000 -0.2190 0.0713 2.7810 0.3223 0.8575 -1.8690 0.0855 0.0010 1238.7739
164 3.1416 0.1000 0.1000 0.1000 0.1000 0.1000 0.1000 3.1416 3.1416 3.1416 0.1000 3.1416 3.1416 3.1416 -0.5400 0.0951 2.4600 0.3200 0.8522 -1.8690 0.2476 0.0010 1269.9570
165 0.1000 3.1416 0.1000 0.1000 3.1416 3.1416 3.1416 3.1416 3.1416 0.1000 0.1000 3.1416 3.1416 0.1000 0.4610 0.0382 3.4610 0.3187 0.8501 -1.8690 0.0693 0.0010 1294.0561
166 3.1416 0.1000 0.1000 0.1000 0.1000 0.1000 0.1000 3.1416 3.1416 1.5460 0.1000 3.1416 3.1416 3.1416 0.1570 0.0722 3.1570 0.3154 0.8420 -1.8690 0.0478 0.0010 1328.9737
167 3.1416 0.7326 2.7416 2.1186 1.7044 2.3706 1.9977 0.1000 0.1000 0.1000 0.1000 0.9988 3.1416 0.9350 0.5330 0.0189 3.5330 0.3120 0.8348 -1.8690 0.1162 0.0009 1349.6381
168 0.1000 3.1416 0.1000 3.1416 3.1416 3.1416 0.1000 0.1000 3.1416 3.1416 3.1416 3.1416 0.1000 3.1416 -0.4550 0.0915 2.5450 0.3075 0.8280 -1.8690 0.5194 0.0010 1387.1017
169 0.1000 3.1416 0.1000 3.1416 3.1416 3.1416 0.1000 0.1000 3.1416 3.1416 1.0965 3.1416 0.1000 3.1416 -0.3580 0.0915 2.6420 0.3055 0.8247 -1.8690 0.0752 0.0010 1416.5904
170 1.4321 1.0604 0.8464 1.7409 0.4464 2.0637 1.0772 0.7459 1.7068 2.9334 3.0925 0.9941 2.5542 2.2394 -1.8650 0.3994 1.1350 0.3034 0.8206 -1.8690 0.0037 0.0009 1435.0488
171 0.1000 3.1416 0.1000 3.1416 3.1416 3.1416 2.3026 0.1000 3.1416 3.1416 3.1416 3.1416 0.1000 3.1416 -0.3500 0.0941 2.6500 0.3115 0.8303 -1.8690 0.0833 0.0010 1472.4315
172 0.1000 3.1416 3.1416 3.1416 3.1416 3.1416 0.1000 0.1000 3.1416 3.1416 0.1000 3.1416 0.1000 0.1000 -0.0410 0.0721 2.9590 0.3095 0.8263 -1.8690 0.4228 0.0010 1493.9201
173 1.4319 1.0622 0.8469 1.7408 0.4460 2.0599 1.0794 0.7461 1.7034 2.9319 3.0926 0.9952 2.5560 2.2354 -1.8220 0.3977 1.1780 0.3060 0.8193 -1.8690 0.0036 0.0009 1509.7554
174 1.4150 1.0776 0.8489 1.7372 0.4326 2.0471 1.0877 0.7351 1.7080 2.9438 3.0908 1.0080 2.5323 2.2442 -1.6450 0.3807 1.3550 0.3141 0.8285 -1.8690 0.0043 0.0010 1524.6285
175 1.4579 1.0533 0.8352 1.7210 0.4812 2.0829 1.0749 0.7747 1.7297 2.9260 3.0827 0.9482 2.5542 2.2296 -1.8680 0.3881 1.1320 0.3176 0.8354 -1.8690 0.0030 0.0009 1538.1448
176 0.1000 3.1416 3.1416 0.1000 3.1416 3.1416 0.1000 3.1416 3.1416 3.1416 3.1416 3.1416 3.1416 0.1000 -0.5730 0.0951 2.4270 0.3241 0.8425 -1.8690 0.1206 0.0010 1573.6537
177 1.4587 1.0543 0.8349 1.7200 0.4825 2.0810 1.0767 0.7767 1.7287 2.9243 3.0825 0.9457 2.5556 2.2263 -1.8270 0.3862 1.1730 0.3231 0.8408 -1.8690 0.0026 0.0008 1587.5966
178 0.1000 3.1416 3.1416 0.1000 3.1416 3.1416 0.1000 3.1416 3.1416 3.1416 3.1416 1.5417 3.1416 0.1000 0.0060 0.0718 3.0060 0.3295 0.8472 -1.8690 0.0362 0.0010 1622.0251
179 3.1416 0.1000 0.1000 0.1000 0.1000 3.1416 3.1416 3.1416 3.1416 3.1416 3.1416 0.1000 3.1416 3.1416 0.1280 0.0534 3.1280 0.3273 0.8421 -1.8690 0.0773 0.0010 1656.5502
180 3.1416 0.1000 3.1416 3.1416 3.1416 3.1416 0.1000 3.1416 3.1416 3.1416 0.1000 3.1416 3.1416 0.1000 -0.3390 0.0839 2.6610 0.3246 0.8358 -1.8690 0.3040 0.0010 1695.9261
181 1.4600 1.0552 0.8347 1.7190 0.4841 2.0793 1.0781 0.7779 1.7272 2.9230 3.0819 0.9447 2.5568 2.2228 -1.7960 0.3845 1.2040 0.3227 0.8320 -1.8690 0.0032 0.0009 1716.4819
182 3.1416 3.1416 0.1000 3.1416 3.1416 3.1416 0.1000 0.1000 3.1416 3.1416 3.1416 3.1416 0.1000 3.1416 0.4520 0.0438 3.4520 0.3289 0.8384 -1.8690 0.1354 0.0010 1751.0640
183 1.4331 1.0504 0.8377 1.7296 0.4665 2.0849 1.0756 0.7806 1.7410 2.9216 3.0888 0.9336 2.5431 2.2499 -1.8050 0.3900 1.1950 0.3262 0.8320 -1.8690 0.0058 0.0015 1773.6323
184 0.1000 3.1416 0.1000 3.1416 3.1416 3.1416 3.1416 0.1000 3.1416 3.1416 3.1416 0.1000 3.1416 0.1000 0.2920 0.0438 3.2920 0.3325 0.8381 -1.8690 0.0823 0.0010 1804.9869
185 0.1000 3.1416 0.1000 0.1000 0.1000 3.1416 0.1000 0.1000 3.1416 3.1416 3.1416 0.1000 0.1000 3.1416 1.4610 0.0097 4.4610 0.3300 0.8320 -1.8690 0.0843 0.0010 1831.5766
186 0.1000 3.1416 3.1416 0.1000 0.1000 0.1000 0.1000 3.1416 3.1416 0.1000 0.1000 3.1416 0.1000 0.1000 0.3930 0.0369 3.3930 0.3301 0.8319 -1.8690 0.1171 0.0010 1868.5289
187 0.1000 3.1416 3.1416 0.1000 3.1416 3.1416 0.1000 0.1000 0.1000 0.1000 0.1000 3.1416 3.1416 0.1000 0.1170 0.0561 3.1170 0.3274 0.8257 -1.8690 0.0665 0.0010 1900.4209
188 1.4823 1.0689 0.8285 1.7055 0.4764 2.0737 1.0662 0.7653 1.7222 2.9313 3.0722 0.9689 2.5500 2.2067 -1.8390 0.3716 1.1610 0.3248 0.8198 -1.8690 0.0037 0.0010 1928.2987
189 3.1416 3.1416 3.1416 0.1000 0.1000 3.1416 0.1000 3.1416 0.1000 3.1416 0.1000 3.1416 3.1416 0.1000 -0.4290 0.0956 2.5710 0.3315 0.8260 -1.8690 0.0529 0.0010 1969.3284
190 1.4582 1.0520 0.8309 1.6958 0.4885 2.0695 1.0989 0.7809 1.7091 2.9243 3.0569 0.9667 2.5584 2.2029 -1.7840 0.3617 1.2160 0.3301 0.8234 -1.8690 0.0048 0.0010 1987.1467
191 3.1416 3.1416 0.1000 0.1000 0.1000 3.1416 0.1000 3.1416 3.1416 3.1416 0.1000 3.1416 3.1416 3.1416 -0.1870 0.0737 2.8130 0.3355 0.8290 -1.8690 0.0705 0.0010 2021.8175
192 0.1000 3.1416 0.1000 3.1416 3.1416 3.1416 0.1000 3.1416 0.1000 3.1416 0.1000 0.1000 0.1000 0.1000 -0.7830 0.1312 2.2170 0.3337 0.8248 -1.8690 0.1018 0.0010 2060.0243
193 1.4838 1.0833 0.8304 1.7228 0.4589 2.0714 1.0487 0.7601 1.7366 2.9273 3.1023 0.9442 2.5462 2.2175 -1.9030 0.3723 1.0970 0.3336 0.8256 -1.8690 0.0040 0.0010 2073.4499
194 0.1000 3.1416 0.1000 3.1416 3.1416 3.1416 0.1000 1.9841 0.1000 3.1416 0.1000 0.1000 0.1000 0.1000 0.0080 0.0792 3.0080 0.3386 0.8305 -1.9030 0.0248 0.0010 2109.1476
195 0.1000 3.1416 0.1000 0.1000 3.1416 0.1000 0.1000 3.1416 0.1000 0.1000 0.1000 3.1416 3.1416 3.1416 -0.5460 0.0956 2.4540 0.3365 0.8274 -1.9030 0.0799 0.0010 2143.8538
196 0.1000 0.1000 0.1000 3.1416 3.1416 0.1000 0.1000 0.1000 0.1000 0.1000 0.1000 3.1416 3.1416 0.1000 -0.5980 0.0975 2.4020 0.3356 0.8258 -1.9030 0.0538 0.0010 2179.7100
197 0.1000 3.1416 3.1416 0.1000 0.1000 3.1416 0.1000 3.1416 0.1000 3.1416 3.1416 3.1416 3.1416 0.1000 -0.6870 0.1086 2.3130 0.3348 0.8246 -1.9030 0.0962 0.0010 2214.2076
198 0.1000 3.1416 3.1416 0.1000 0.1000 3.1416 0.1000 3.1416 0.1000 3.1416 3.1416 3.1416 3.1416 1.4497 0.0610 0.0519 3.0610 0.3343 0.8243 -1.9030 0.0280 0.0010 2252.9233
199 0.1000 0.1000 0.1000 0.1000 0.1000 3.1416 3.1416 3.1416 0.1000 0.1000 0.1000 0.1000 3.1416 3.1416 -0.4640 0.0912 2.5360 0.3321 0.8204 -1.9030 0.0923 0.0010 2289.1659
200 1.5056 1.1189 0.8253 1.7207 0.4625 2.0367 1.0413 0.7693 1.7310 2.9124 3.1301 0.9101 2.5540 2.1760 -1.7250 0.3398 1.2750 0.3309 0.8182 -1.9030 0.0049 0.0009 2304.4453
201 0.1000 3.1416 3.1416 0.1000 0.1000 3.1416 0.1000 3.1416 0.1000 3.1416 1.5713 3.1416 3.1416 0.1000 0.0330 0.0389 3.0330 0.3356 0.8226 -1.9030 0.0287 0.0010 2354.0221
202 0.1000 0.1000 0.1000 3.1416 3.1416 0.1000 0.1000 0.1000 0.1000 1.7294 0.1000 3.1416 3.1416 0.1000 0.3690 0.0653 3.3690 0.3338 0.8186 -1.9030 0.0304 0.0010 2400.2372
203 3.1416 0.1000 0.1000 0.1000 3.1416 3.1416 0.1000 0.1000 3.1416 3.1416 0.1000 0.1000 3.1416 3.1416 -0.3040 0.0808 2.6960 0.3312 0.8137 -1.9030 0.0695 0.0010 2438.3132
204 0.1000 3.1416 0.1000 0.1000 0.1000 3.1416 3.1416 3.1416 3.1416 0.1000 3.1416 0.1000 0.1000 0.1000 -0.0420 0.0721 2.9580 0.3295 0.8104 -1.9030 0.1067 0.0010 2476.7139
205 0.1000 3.1416 3.1416 3.1416 0.1000 3.1416 0.1000 0.1000 0.1000 0.1000 3.1416 3.1416 0.1000 0.1000 -0.4570 0.0886 2.5430 0.3274 0.8059 -1.9030 0.1288 0.0010 2513.6049
206 3.1416 3.1416 0.1000 0.1000 0.1000 3.1416 0.1000 0.1000 3.1416 0.1000 3.1416 3.1416 3.1416 0.1000 0.2580 0.0470 3.2580 0.3261 0.8036 -1.9030 0.1687 0.0010 2553.3748
207 0.1000 0.1000 0.1000 0.1000 0.1000 3.1416 0.1000 3.1416 3.1416 0.1000 0.1000 0.1000 3.1416 3.1416 -0.3550 0.0912 2.6450 0.3235 0.7983 -1.9030 0.1033 0.0010 2584.2817
208 0.1000 0.1000 3.1416 3.1416 3.1416 3.1416 3.1416 3.1416 3.1416 3.1416 0.1000 3.1416 3.1416 3.1416 0.1660 0.0521 3.1660 0.3218 0.7954 -1.9030 0.0838 0.0010 2614.8142
209 1.4740 1.0895 0.8233 1.6669 0.4827 2.0762 1.0545 0.7694 1.7764 2.9434 3.0859 0.9440 2.5144 2.2378 -1.8920 0.3446 1.1080 0.3191 0.7900 -1.9030 0.0042 0.0009 2631.4046
210 0.1000 3.1416 0.1000 3.1416 3.1416 3.1416 0.1000 3.1416 1.3700 3.1416 0.1000 0.1000 0.1000 0.1000 -0.4540 0.2011 2.5460 0.3249 0.7955 -1.9030 0.0300 0.0009 2681.1976
211 1.4714 1.0973 0.8189 1.6588 0.4835 2.0698 1.0591 0.7788 1.7817 2.9335 3.0719 0.9363 2.5050 2.2310 -1.8710 0.3335 1.1290 0.3248 0.7945 -1.9030 0.0050 0.0010 2700.4913
212 3.1416 0.1000 0.1000 0.1000 3.1416 3.1416 3.1416 0.1000 0.1000 0.1000 0.1000 0.1000 3.1416 3.1416 -1.0510 0.1307 1.9490 0.3309 0.7996 -1.9030 0.0550 0.0010 2740.7291
213 3.1416 0.1000 0.1000 0.1000 3.1416 3.1416 3.1416 0.1000 0.1000 0.1000 0.1000 0.1000 3.1416 2.3042 -0.3090 0.0528 2.6910 0.3320 0.8034 -1.9030 0.0246 0.0010 2778.2655
214 3.1416 0.1000 0.1000 0.9641 3.1416 3.1416 3.1416 0.1000 0.1000 0.1000 0.1000 0.1000 3.1416 3.1416 -0.5220 0.0872 2.4780 0.3305 0.8028 -1.9030 0.0166 0.0007 2822.7603
215 0.1000 3.1416 0.1000 3.1416 3.1416 3.1416 0.1000 3.1416 0.1000 1.7999 0.1000 0.1000 0.1000 0.1000 0.0830 0.0852 3.0830 0.3310 0.8031 -1.9030 0.0262 0.0009 2871.9596
216 3.1416 0.1000 0.1000 0.1000 3.1416 3.1416 2.2619 0.1000 0.1000 0.1000 0.1000 0.1000 3.1416 3.1416 0.8570 0.0095 3.8570 0.3289 0.7995 -1.9030 0.0290 0.0010 2915.5902
217 0.1000 0.1000 3.1416 0.1000 0.1000 3.1416 3.1416 3.1416 0.1000 0.1000 0.1000 0.1000 3.1416 3.1416 1.0530 0.0189 4.0530 0.3148 0.7967 -1.9030 0.0789 0.0010 2947.8818
218 0.1000 3.1416 1.8648 0.1000 3.1416 0.1000 0.1000 3.1416 0.1000 0.1000 0.1000 3.1416 3.1416 3.1416 -0.1780 0.0992 2.8220 0.3132 0.7936 -1.9030 0.0468 0.0010 2988.7414
219 1.4760 1.0806 0.8257 1.6793 0.4847 2.0797 1.0530 0.7619 1.7661 2.9573 3.1025 0.9509 2.5258 2.2420 -1.8040 0.3536 1.1960 0.3110 0.7896 -1.9030 0.0033 0.0009 3034.0808
220 3.1416 3.1416 0.1000 3.1416 3.1416 3.1416 3.1416 0.1000 3.1416 0.1000 0.1000 3.1416 0.1000 0.1000 0.5280 0.0382 3.5280 0.3199 0.7976 -1.9030 0.0655 0.0010 3071.6753
221 1.4677 1.0974 0.8334 1.6789 0.4663 2.0717 1.0487 0.7693 1.7746 2.8943 3.0487 0.9464 2.5153 2.2227 -1.8250 0.3480 1.1750 0.3172 0.7923 -1.9030 0.0033 0.0009 3085.9172
222 3.1416 0.1000 3.1416 0.1000 0.1000 3.1416 0.1000 3.1416 3.1416 3.1416 3.1416 3.1416 3.1416 0.1000 -0.3920 0.0839 2.6080 0.3245 0.7988 -1.9030 0.0666 0.0010 3127.9268
223 1.4586 1.0973 0.7890 1.6721 0.4990 2.0409 1.0737 0.8190 1.7655 2.9421 3.0660 0.9108 2.4838 2.2192 -1.8310 0.3148 1.1690 0.3229 0.7961 -1.9030 0.0049 0.0008 3144.2620
224 0.1000 3.1416 0.1000 0.1000 3.1416 0.1000 0.1000 0.1000 3.1416 3.1416 0.1000 3.1416 3.1416 3.1416 -0.3930 0.0915 2.6070 0.3307 0.8022 -1.9030 0.0646 0.0010 3183.1959
225 1.4531 1.1006 0.8263 1.6038 0.4758 2.0575 1.1038 0.7956 1.7768 2.9194 3.0940 0.9088 2.5252 2.2029 -1.4890 0.2719 1.5110 0.3293 0.7997 -1.9030 0.0051 0.0007 3200.7527
226 0.1000 3.1416 0.1000 0.1000 3.1416 3.1416 3.1416 3.1416 3.1416 3.1416 3.1416 3.1416 0.1000 3.1416 0.4230 0.0438 3.4230 0.3157 0.7996 -1.9030 0.0620 0.0009 3242.7060
227 1.4774 1.0801 0.8090 1.7355 0.4892 2.0613 1.0327 0.7736 1.7530 2.9392 3.0660 0.9572 2.5100 2.2368 -1.9260 0.3730 1.0740 0.3127 0.7939 -1.9030 0.0029 0.0010 3261.0819
228 0.1000 3.1416 3.1416 3.1416 3.1416 3.1416 0.1000 3.1416 0.1000 3.1416 0.1000 0.1000 3.1416 3.1416 0.6090 0.0353 3.6090 0.3178 0.7998 -1.9260 0.0599 0.0010 3287.8488
229 1.4820 1.0858 0.8008 1.7454 0.4999 2.0477 1.0241 0.7788 1.7561 2.9389 3.0609 0.9556 2.5031 2.2328 -1.8780 0.3699 1.1220 0.3153 0.7947 -1.9260 0.0002 0.0000 3317.4042
230 0.1000 0.1000 0.1000 0.1000 0.1000 0.1000 0.1000 3.1416 0.1000 3.1416 3.1416 0.1000 3.1416 0.1000 0.9550 0.0202 3.9550 0.3223 0.8012 -1.9260 0.1254 0.0010 3351.0254
231 0.1000 0.1000 3.1416 3.1416 0.1000 0.1000 0.1000 3.1416 3.1416 3.1416 0.1000 3.1416 0.1000 3.1416 -0.2480 0.0719 2.7520 0.3207 0.7978 -1.9260 0.0990 0.0010 3384.7471
232 3.1416 3.1416 0.1000 3.1416 3.1416 3.1416 3.1416 3.1416 3.1416 3.1416 3.1416 3.1416 3.1416 0.1000 0.1980 0.0521 3.1980 0.3186 0.7941 -1.9260 0.1311 0.0010 3411.6235
233 0.1000 0.1000 0.1000 3.1416 0.1000 0.1000 0.1000 0.1000 3.1416 3.1416 3.1416 3.1416 0.1000 0.1000 1.5460 0.0055 4.5460 0.3159 0.7889 -1.9260 0.1152 0.0010 3441.1035
234 3.1416 3.1416 0.1000 0.1000 0.1000 3.1416 0.1000 3.1416 0.1000 0.1000 0.1000 3.1416 0.1000 0.1000 -0.9590 0.1474 2.0410 0.3170 0.7907 -1.9260 0.0805 0.0010 3466.6923
235 3.1416 3.1416 0.1000 0.1000 0.1000 3.1416 1.0008 3.1416 0.1000 0.1000 0.1000 3.1416 0.1000 0.1000 -0.5290 0.2310 2.4710 0.3177 0.7934 -1.9260 0.0250 0.0008 3500.5683
236 3.1416 3.1416 0.1000 0.1000 0.1000 2.2200 0.1000 3.1416 0.1000 0.1000 0.1000 3.1416 0.1000 0.1000 0.3210 0.0569 3.3210 0.3185 0.7938 -1.9260 0.0258 0.0010 3547.2994
237 0.1000 3.1416 3.1416 3.1416 3.1416 0.1000 0.1000 3.1416 3.1416 3.1416 0.1000 3.1416 3.1416 0.1000 0.6340 0.0309 3.6340 0.3112 0.7891 -1.9260 0.1803 0.0010 3583.3762
238 3.1416 3.1416 0.1000 0.1000 1.0716 3.1416 0.1000 3.1416 0.1000 0.1000 0.1000 3.1416 0.1000 0.1000 -0.5470 0.2353 2.4530 0.3084 0.7839 -1.9260 0.0311 0.0010 3628.1779
239 3.1416 0.1000 3.1416 0.1000 3.1416 3.1416 0.1000 0.1000 3.1416 3.1416 0.1000 3.1416 3.1416 3.1416 -0.2670 0.0737 2.7330 0.3098 0.7848 -1.9260 0.1141 0.0010 3659.0540
240 0.1000 3.1416 0.1000 0.1000 3.1416 0.1000 0.1000 1.1886 0.1000 0.1000 0.1000 3.1416 3.1416 3.1416 -0.2430 0.0480 2.7570 0.3073 0.7809 -1.9260 0.0587 0.0010 3695.8955
241 3.1416 3.1416 0.1000 0.1000 0.1000 3.1416 0.1000 3.1416 0.1000 1.0823 0.1000 3.1416 0.1000 0.1000 -0.4210 0.0477 2.5790 0.3050 0.7771 -1.9260 0.0315 0.0010 3744.6299
242 0.1000 0.1000 3.1416 0.1000 0.1000 3.1416 0.1000 3.1416 3.1416 0.1000 3.1416 0.1000 0.1000 3.1416 -0.0520 0.0625 2.9480 0.3055 0.7770 -1.9260 0.1599 0.0010 3782.4024
243 3.1416 0.1000 0.1000 3.1416 3.1416 3.1416 0.1000 3.1416 3.1416 3.1416 0.1000 0.1000 0.1000 3.1416 -0.4850 0.0915 2.5150 0.3022 0.7717 -1.9260 0.1808 0.0010 3820.2697
244 0.1000 0.1000 3.1416 3.1416 3.1416 0.1000 0.1000 0.1000 0.1000 0.1000 0.1000 3.1416 0.1000 3.1416 1.2330 0.0173 4.2330 0.3002 0.7692 -1.9260 0.4690 0.0010 3843.5897
245 3.1416 0.1000 0.1000 3.1416 3.1416 3.1416 0.1000 1.0671 3.1416 3.1416 0.1000 0.1000 0.1000 3.1416 0.4980 0.0561 3.4980 0.2998 0.7681 -1.9260 0.0652 0.0010 3878.8157
246 3.1416 0.1000 3.1416 0.1000 0.1000 3.1416 0.1000 3.1416 3.1416 3.1416 0.1000 3.1416 3.1416 0.1000 0.5440 0.0382 3.5440 0.2957 0.7617 -1.9260 0.1768 0.0010 3903.7962
247 3.1416 3.1416 1.0490 0.1000 0.1000 3.1416 0.1000 3.1416 0.1000 0.1000 0.1000 3.1416 0.1000 0.1000 -0.5980 0.2708 2.4020 0.2918 0.7555 -1.9260 0.0509 0.0010 3965.7394
248 0.1000 0.1000 3.1416 3.1416 0.1000 3.1416 0.1000 3.1416 3.1416 3.1416 0.1000 0.1000 0.1000 0.1000 1.1930 0.0126 4.1930 0.2943 0.7579 -1.9260 0.2206 0.0010 3992.8673
249 0.1000 3.1416 3.1416 0.9367 0.1000 3.1416 0.1000 0.1000 0.1000 0.1000 3.1416 3.1416 0.1000 0.1000 -0.3920 0.0762 2.6080 0.2937 0.7564 -1.9260 0.0922 0.0010 4015.7923
227 1.4774 1.0801 0.8090 1.7355 0.4892 2.0613 1.0327 0.7736 1.7530 2.9392 3.0660 0.9572 2.5100 2.2368 -1.9260 0.3730 1.0740 0.3127 0.7939 -1.9030 0.0029 0.0010 4015.7923
