0 0.8103 0.3138 0.3012 1.1966 1.4860 2.2617 1.6507 2.9249 1.9911 1.7638 1.5003 2.8045 0.8463 0.4261 2.4658 0.8686 -0.1670 0.0119 2.8330 0.1000 0.9900 0.0000 0.0000 0.0000 0.0000
1 2.8070 2.2511 1.5163 2.8770 2.6412 2.7102 0.4948 2.5698 1.4527 2.5300 0.3368 2.9362 2.5425 2.0504 1.5272 1.8902 -0.2370 0.0562 2.7630 0.1000 0.9900 0.0000 0.0000 0.0000 0.0000
2 1.7154 1.0845 2.4355 2.5271 0.6351 2.2951 2.2168 2.1408 2.5397 2.3883 2.8488 0.8101 0.5682 2.1530 2.3836 0.2122 0.2050 0.0755 3.2050 0.1000 0.9900 0.0000 0.0000 0.0000 0.0000
3 2.5153 1.2028 0.7962 1.5296 0.3673 2.2817 0.2230 1.6441 2.5463 1.7287 1.3286 2.9666 0.6278 2.4349 1.6598 1.4708 -0.2630 0.1928 2.7370 0.1000 0.9900 0.0000 0.0000 0.0000 0.0000
4 1.8268 1.2355 1.5554 1.7191 2.7099 3.0606 1.4003 2.1196 0.5743 2.3752 2.4536 0.2732 1.8030 2.4631 0.4689 2.4168 1.3490 0.0007 4.3490 0.1000 0.9900 0.0000 0.0000 0.0000 0.0000
5 2.4563 1.3946 1.1260 3.0768 2.4203 3.0665 3.0443 0.6181 2.3278 1.5441 2.2680 1.2906 1.3075 0.7220 1.2463 0.4645 -0.4230 0.0607 2.5770 0.1000 0.9900 0.0000 0.0000 0.0000 0.0000
6 1.5406 2.1869 1.0231 0.7611 2.8822 0.4940 1.8304 0.1216 2.7149 1.0454 2.2624 1.5513 2.9005 2.9315 2.5407 1.9240 0.2370 0.0459 3.2370 0.1000 0.9900 0.0000 0.0000 0.0000 0.0000
7 2.3660 0.6530 2.0344 1.0246 2.4938 2.4714 0.5427 0.1196 0.9314 2.0250 1.9514 0.4741 0.1068 0.3861 2.5774 1.4968 0.6500 0.0703 3.6500 0.1000 0.9900 0.0000 0.0000 0.0000 0.0000
8 2.8710 3.1163 1.0470 2.2739 2.4845 0.3408 0.2215 2.8336 0.5162 1.6235 2.0822 1.3165 2.4835 0.8805 0.6179 3.0893 -0.4110 0.0082 2.5890 0.1000 0.9900 0.0000 0.0000 0.0000 0.0000
9 2.7135 0.5801 2.7047 2.6235 1.3904 0.6567 1.8665 0.3522 2.5503 1.1463 0.5250 0.5988 0.4344 2.8778 2.3054 3.0842 0.2650 0.0008 3.2650 0.1000 0.9900 0.0000 0.0000 0.0000 0.0000
10 1.5094 1.9239 0.7610 0.5080 1.6703 2.1765 2.1006 2.7439 0.9458 1.7706 2.5274 1.1607 2.2245 0.6520 2.8509 2.1715 -0.6030 0.0147 2.3970 0.1000 0.9900 0.0000 0.0000 0.0000 0.0000
11 0.1713 2.7803 0.8332 1.0849 0.2588 1.4140 0.9123 1.7655 0.3010 1.9903 0.4243 2.4083 2.3537 0.4050 1.9232 2.6725 0.2560 0.0262 3.2560 0.1000 0.9900 0.0000 0.0000 0.0000 0.0000
12 0.7154 2.6068 3.0045 0.4839 1.5616 2.9752 1.0279 2.1088 0.6297 2.0109 1.8128 1.9706 1.5716 2.2947 1.3829 1.4566 -0.1320 0.0299 2.8680 0.1000 0.9900 0.0000 0.0000 0.0000 0.0000
13 1.9757 2.7338 1.2270 2.4241 0.8173 1.7756 1.1077 0.6682 0.3392 0.6714 1.5982 2.4779 0.8012 1.3731 2.1535 0.8601 0.1230 0.1498 3.1230 0.1000 0.9900 0.0000 0.0000 0.0000 0.0000
14 0.7648 1.7958 1.3147 2.6460 0.3226 2.7927 0.8791 1.5038 1.7969 0.7261 2.8301 1.3132 1.7235 2.2348 0.2751 0.2659 0.2090 0.0244 3.2090 0.1000 0.9900 0.0000 0.0000 0.0000 0.0000
15 2.9577 1.7194 2.3117 2.8559 1.9137 0.1270 0.9946 2.9475 2.5415 1.5116 2.5567 1.8592 1.7742 0.6240 0.2121 2.7802 1.0320 0.0186 4.0320 0.1000 0.9900 0.0000 0.0000 0.0000 0.0000
16 0.8012 2.2602 1.7062 2.9483 1.5093 1.2949 2.4609 1.9299 0.6648 1.2438 2.5909 2.8515 0.9561 0.7718 1.0597 1.5832 0.1910 0.0775 3.1910 0.1000 0.9900 0.0000 0.0000 0.0000 0.0000
17 0.4112 1.4160 0.4136 1.9065 3.0782 0.7306 1.8283 0.9348 3.1380 1.5988 1.4726 2.7457 0.8982 1.2372 1.7791 0.9718 0.7560 0.0718 3.7560 0.1000 0.9900 0.0000 0.0000 0.0000 0.0000
18 0.5075 1.5954 2.0375 1.8414 0.3081 3.1194 1.3988 2.4474 0.9890 2.1194 1.7222 2.6042 1.8124 1.7215 1.6785 2.3309 0.2660 0.0795 3.2660 0.1000 0.9900 0.0000 0.0000 0.0000 0.0000
19 2.0580 2.5555 2.0930 1.8909 1.9426 1.1327 0.1301 0.2287 2.7831 0.6321 1.8307 0.8863 2.3419 1.8928 0.6257 1.3042 0.1490 0.0166 3.1490 0.1000 0.9900 0.0000 0.0000 0.0000 0.0000
20 0.5273 0.5347 2.4603 0.8206 0.9448 2.8346 2.8069 1.8486 1.2076 1.8688 2.1272 0.9862 1.8434 0.6860 2.1734 1.5614 -0.3850 0.0831 2.6150 0.1000 0.9900 0.0000 0.0000 0.0000 0.0000
21 0.6452 2.1492 2.4025 2.7325 1.2683 0.8962 2.6024 2.6190 1.2493 0.7694 2.6672 3.0964 3.0336 0.8180 1.2928 2.6011 -0.1850 0.0146 2.8150 0.1000 0.9900 0.0000 0.0000 0.0000 0.0000
22 1.3783 0.2812 1.0536 2.5880 1.1629 2.2062 0.8135 3.1396 1.8239 1.1861 2.4136 0.9427 0.6759 1.6417 1.9738 3.1139 0.2610 0.1560 3.2610 0.1000 0.9900 0.0000 0.0000 0.0000 0.0000
23 2.9476 1.6295 2.4275 1.2266 0.8223 2.2764 1.9954 0.8453 2.4019 0.4550 3.0370 2.0772 2.4570 0.5732 0.3058 0.3672 0.1430 0.0951 3.1430 0.1000 0.9900 0.0000 0.0000 0.0000 0.0000
24 2.4341 0.3278 1.4686 1.8644 2.7736 1.1908 2.2701 1.8026 2.2172 2.3991 0.3945 2.6506 0.3029 2.2630 1.6690 2.5412 -0.0820 0.0356 2.9180 0.1000 0.9900 0.0000 0.0000 0.0000 0.0000
25 2.8233 1.6612 2.0515 2.8321 2.9552 1.3716 1.1029 3.0018 1.6697 0.5531 0.5126 3.1235 3.0338 0.1077 2.2100 2.2688 -0.0240 0.1673 2.9760 0.1000 0.9900 0.0000 0.0000 0.0000 0.0000
26 0.2748 3.0287 2.7174 1.4554 0.3795 2.0744 2.0849 2.7526 0.7253 2.9047 2.7475 2.3482 0.8923 0.5663 1.7309 0.6016 0.9000 0.0597 3.9000 0.1000 0.9900 0.0000 0.0000 0.0000 0.0000
27 0.8118 1.6269 1.5402 1.8217 1.0291 1.9214 0.6358 2.5046 2.4067 1.2240 0.9654 0.8387 1.9624 0.5490 2.6094 1.4318 -0.3410 0.2507 2.6590 0.1000 0.9900 0.0000 0.0000 0.0000 0.0000
28 0.9521 0.5053 1.4196 0.5835 1.6996 0.5476 1.6173 1.3365 3.1065 0.4311 2.9840 0.7010 2.3714 2.3692 1.1127 2.3267 0.1960 0.0195 3.1960 0.1000 0.9900 0.0000 0.0000 0.0000 0.0000
29 2.8623 0.1086 0.7570 2.3497 0.2504 1.4542 3.0639 1.8466 0.8956 1.8747 2.6581 1.0166 2.0099 3.0834 2.7804 2.7898 0.2500 0.0234 3.2500 0.1000 0.9900 0.0000 0.0000 0.0000 0.0000
30 2.4033 2.8262 2.9388 0.7905 2.7605 1.0560 1.1783 3.0174 2.2771 0.8012 3.1315 2.7159 2.4636 2.5951 1.3380 2.1776 0.4420 0.0817 3.4420 0.1000 0.9900 0.0000 0.0000 0.0000 0.0000
31 2.1445 2.3719 1.1531 0.7096 1.0879 1.6945 1.5290 3.0543 2.6483 1.8837 0.8615 3.0183 1.5587 2.3662 3.0972 0.9588 0.4780 0.0152 3.4780 0.1000 0.9900 0.0000 0.0000 0.0000 0.0000
32 0.6401 2.7665 1.1177 1.6904 1.3017 0.7632 0.1543 0.2286 3.0290 2.6559 1.6770 0.7243 1.5209 2.6564 2.3210 0.7552 1.1780 0.0487 4.1780 0.1000 0.9900 0.0000 0.0000 0.0000 0.0000
33 3.0032 0.7207 0.7351 2.2880 0.7589 1.5636 1.4136 0.8487 2.2368 1.9345 1.6322 3.0765 0.8117 1.5870 1.2879 1.6692 0.5380 0.0174 3.5380 0.1000 0.9900 0.0000 0.0000 0.0000 0.0000
34 0.1762 0.3622 2.8634 0.6349 0.3701 2.1841 0.7680 0.8119 1.5816 1.0077 2.3980 1.5545 2.7303 2.4369 2.8375 2.1989 -0.6280 0.0088 2.3720 0.1000 0.9900 0.0000 0.0000 0.0000 0.0000
35 1.0328 1.0862 0.6956 1.2340 0.6861 0.3428 0.8374 1.0814 2.0617 1.5920 2.7198 2.1475 2.7839 2.6790 0.6340 2.8942 0.8290 0.0046 3.8290 0.1000 0.9900 0.0000 0.0000 0.0000 0.0000
36 1.3077 2.6278 1.5078 0.5307 2.3551 2.9816 2.2908 2.1258 0.1081 1.5783 3.1026 1.5746 1.4099 0.6425 1.5828 1.0635 0.4850 0.0253 3.4850 0.1000 0.9900 0.0000 0.0000 0.0000 0.0000
37 1.1190 0.8719 2.3175 0.1267 1.8290 1.7564 0.1123 2.5930 1.7404 2.3649 1.3052 0.8227 2.5206 0.2051 1.4948 1.8215 0.4250 0.0022 3.4250 0.1000 0.9900 0.0000 0.0000 0.0000 0.0000
38 3.1285 1.6828 2.1239 1.3447 0.5542 2.6264 0.9678 1.7556 0.1744 0.4554 1.8295 0.7111 1.5643 1.0147 2.9936 1.6330 -0.0030 0.0386 2.9970 0.1000 0.9900 0.0000 0.0000 0.0000 0.0000
39 1.5434 3.0114 2.7610 1.3122 1.0891 1.9185 1.2298 0.5123 0.8687 1.7344 1.0338 0.7644 2.4441 0.2683 2.8349 1.6859 0.0750 0.1872 3.0750 0.1000 0.9900 0.0000 0.0000 0.0000 0.0000
40 0.7792 0.5208 0.1676 0.8125 1.5337 0.6682 0.2446 0.4477 1.1344 2.9037 1.0715 2.2152 2.6188 0.2415 0.8047 0.7372 0.3510 0.0426 3.3510 0.1000 0.9900 0.0000 0.0000 0.0000 0.0000
41 0.9139 0.9284 1.9963 2.8182 1.3009 2.0345 1.3705 1.1841 2.3895 2.4716 0.3998 1.1186 0.4446 0.4086 0.6020 2.1172 0.0070 0.0330 3.0070 0.1000 0.9900 0.0000 0.0000 0.0000 0.0000
42 3.1296 2.5335 2.5474 0.7385 2.6548 1.0014 1.4626 0.9366 0.1061 2.1692 1.9570 0.1836 1.4402 0.6098 0.9599 1.6350 -0.1150 0.0557 2.8850 0.1000 0.9900 0.0000 0.0000 0.0000 0.0000
43 3.1038 2.6457 0.8986 0.6147 0.1992 2.0911 1.3523 2.5682 2.8993 1.4095 0.4692 2.5871 0.1380 0.8291 2.7157 2.2841 0.2690 0.0633 3.2690 0.1000 0.9900 0.0000 0.0000 0.0000 0.0000
44 1.9012 0.8106 2.3681 0.3284 1.3034 2.2611 2.2647 1.0586 2.7596 1.9148 1.0230 1.3617 0.6973 2.3902 0.2745 1.1642 0.2760 0.1809 3.2760 0.1000 0.9900 0.0000 0.0000 0.0000 0.0000
45 3.1049 0.9273 2.4681 1.5932 2.2411 2.4536 2.5667 0.7769 2.5610 0.3173 1.9458 0.3822 1.9602 0.8206 0.3973 0.4594 0.4220 0.1132 3.4220 0.1000 0.9900 0.0000 0.0000 0.0000 0.0000
46 2.7139 1.4470 1.1378 1.9381 0.9964 2.7713 1.3748 0.4175 2.2887 0.4581 2.0908 1.0087 1.6279 0.3060 0.8238 1.5113 -0.0590 0.0331 2.9410 0.1000 0.9900 0.0000 0.0000 0.0000 0.0000
47 2.9940 1.8327 0.8252 1.6293 1.6528 0.9194 1.8689 0.5253 2.2927 1.8276 2.8757 0.8076 2.9540 2.1183 1.9609 1.8021 0.2690 0.0606 3.2690 0.1000 0.9900 0.0000 0.0000 0.0000 0.0000
48 0.5791 1.1920 1.9527 2.0703 0.2981 0.5087 1.2490 1.1258 0.8444 1.3422 2.0032 1.1418 2.8196 0.5648 1.9232 0.9732 0.6210 0.0155 3.6210 0.1000 0.9900 0.0000 0.0000 0.0000 0.0000
49 1.2816 0.4182 2.7040 1.6875 2.2310 0.3374 2.1045 1.2922 3.0097 0.1611 1.5901 2.6972 2.2956 3.0655 2.6740 3.0582 -0.2290 0.0415 2.7710 0.1000 0.9900 -0.6280 0.0000 0.0000 26.0890
50 2.4215 1.2596 0.8081 1.4200 0.3186 2.3117 0.1011 1.7095 2.5734 1.6942 1.3190 2.9244 0.5953 2.4698 1.6841 1.4214 -0.4230 0.3343 2.5770 0.1000 0.9900 -0.6280 1.5172 0.0645 27.7913
51 1.4873 1.8745 0.7848 0.5251 1.6301 2.1742 2.1019 2.7368 0.9842 1.7607 2.4881 1.1514 2.2288 0.6438 2.8747 2.1722 -0.7880 0.0259 2.2120 0.2443 0.9759 -0.6280 0.0278 0.0009 36.0432
52 0.8927 1.6432 1.4249 1.6716 1.0961 2.0071 0.8713 2.5407 2.2445 1.2686 1.1513 0.8942 1.9560 0.5610 2.6798 1.5201 0.0880 0.0947 3.0880 0.1716 0.9323 -0.7880 0.1358 0.0009 45.8302
53 1.4698 1.8354 0.8036 0.5387 1.5983 2.1724 2.1029 2.7312 1.0146 1.7529 2.4569 1.1441 2.2322 0.6373 2.8935 2.1729 -0.7860 0.0392 2.2140 0.1614 0.9352 -0.7880 0.0104 0.0009 55.8851
54 1.4697 1.8351 0.8036 0.5387 1.5981 2.1724 2.1029 2.7312 1.0148 1.7528 2.4568 1.1441 2.2323 0.6373 2.8936 2.1729 -0.7200 0.0394 2.2800 0.1855 0.8811 -0.7880 0.0095 0.0010 67.2995
55 1.4738 1.8690 0.8007 0.5540 1.6148 2.1708 2.0706 2.7316 1.0158 1.7435 2.4516 1.1485 2.2217 0.6388 2.8743 2.1555 -0.7570 0.0240 2.2430 0.1771 0.8438 -0.7880 0.0195 0.0009 78.3985
56 1.4764 1.8515 0.7720 0.5395 1.5999 2.1667 2.0878 2.7543 1.0281 1.7292 2.4425 1.1420 2.2418 0.6150 2.9341 2.1787 -0.6780 0.0481 2.3220 0.2101 0.8160 -0.7880 0.0291 0.0010 91.3329
57 0.1844 0.3507 2.8921 0.5899 0.4208 2.3014 0.9192 0.8846 1.5641 1.0399 2.3811 1.5172 2.6628 2.3496 2.8625 2.1750 -0.4320 0.0284 2.5680 0.2142 0.7977 -0.7880 0.0899 0.0008 99.6586
58 1.4585 1.8215 0.8462 0.5500 1.5952 2.1780 2.1043 2.7016 1.0084 1.7743 2.4620 1.1466 2.2161 0.6631 2.8398 2.1568 -0.7000 0.0285 2.3000 0.2273 0.7947 -0.7880 0.0086 0.0009 111.4716
59 1.4956 1.7888 0.7706 0.5664 1.6067 2.1682 2.0751 2.7272 0.9955 1.7552 2.4648 1.1984 2.2013 0.6460 2.8697 2.1621 -0.7610 0.0360 2.2390 0.2281 0.7773 -0.7880 0.0313 0.0010 124.0107
60 0.1593 0.3685 2.8409 0.6836 0.3028 2.0477 0.5741 0.7170 1.6039 0.9600 2.4196 1.6033 2.8180 2.5545 2.8202 2.2327 -0.3510 0.0250 2.6490 0.2700 0.7713 -0.7880 0.0319 0.0010 131.8552
61 1.4570 1.7869 0.7502 0.5682 1.6141 2.1643 2.0848 2.7565 1.0258 1.7929 2.4651 1.1681 2.1994 0.6374 2.8553 2.1400 -0.7240 0.0205 2.2760 0.2362 0.7643 -0.7880 0.0226 0.0010 144.5059
62 1.5096 1.7714 0.8249 0.5574 1.5905 2.1981 2.0502 2.7161 0.9663 1.7132 2.4497 1.2074 2.2145 0.6308 2.8842 2.1663 -0.9120 0.0640 2.0880 0.2589 0.7610 -0.7880 0.0248 0.0010 156.3898
63 1.5338 1.7256 0.8660 0.5546 1.5779 2.2340 2.0105 2.7118 0.9227 1.6696 2.4387 1.2391 2.2185 0.6106 2.8940 2.1648 -1.0230 0.1013 1.9770 0.2575 0.7617 -0.9120 0.0104 0.0010 166.3973
64 1.5539 1.6763 0.9068 0.5516 1.5639 2.2704 1.9724 2.7104 0.8823 1.6286 2.4265 1.2677 2.2233 0.5885 2.9046 2.1620 -1.1200 0.1385 1.8800 0.2808 0.7646 -1.0230 0.0151 0.0009 175.6643
65 1.5753 1.6139 0.9495 0.5478 1.5436 2.3091 1.9368 2.7082 0.8407 1.5835 2.4116 1.3000 2.2298 0.5638 2.9228 2.1626 -0.9650 0.1648 2.0350 0.3392 0.7727 -1.1200 0.0187 0.0010 184.1312
66 1.5678 1.7059 0.9248 0.5598 1.5826 2.2569 1.8847 2.7417 0.8814 1.6490 2.4196 1.2300 2.2326 0.5852 2.8643 2.1502 -1.0460 0.1128 1.9540 0.2949 0.7424 -1.1200 0.0191 0.0010 195.9138
67 1.6162 1.7050 0.9241 0.6204 1.5621 2.2206 1.9465 2.6772 0.8486 1.6362 2.3628 1.2745 2.1820 0.5456 2.8815 2.2412 -1.0760 0.1196 1.9240 0.3571 0.7498 -1.1200 0.0274 0.0010 209.8141
68 1.6642 1.6569 0.9234 0.5874 1.5064 2.1801 1.8897 2.6811 0.8445 1.6510 2.4053 1.2725 2.2294 0.6065 2.9241 2.2743 -1.2620 0.2015 1.7380 0.4068 0.7469 -1.1200 0.0220 0.0009 221.0957
69 1.7361 1.6166 0.9276 0.5786 1.4464 2.1209 1.8351 2.6687 0.8242 1.6685 2.4254 1.2767 2.2604 0.6498 2.9644 2.3436 -1.1120 0.2558 1.8880 0.4233 0.7499 -1.2620 0.0109 0.0009 230.5571
70 1.8054 1.5903 0.9245 0.6420 1.5362 2.1535 1.9307 2.7160 0.8322 1.6452 2.3328 1.2853 2.3889 0.5832 2.8903 2.3164 -0.5300 0.2264 2.4700 0.4423 0.7321 -1.2620 0.0352 0.0010 249.7721
71 1.5814 1.6962 0.9237 0.5368 1.4420 2.1667 1.8233 2.6378 0.8395 1.6662 2.4804 1.2668 2.0976 0.6497 2.9805 2.2838 -1.0040 0.1572 1.9960 0.2523 0.7356 -1.2620 0.0214 0.0009 258.7762
72 1.6387 1.6680 0.9159 0.5633 1.4966 2.1771 1.8911 2.6783 0.8548 1.6645 2.4368 1.2626 2.2175 0.6313 2.9344 2.2658 -1.2000 0.1939 1.8000 0.2199 0.7125 -1.2620 0.0053 0.0010 273.0019
73 1.6466 1.6518 0.9022 0.5640 1.5222 2.1769 1.8653 2.6612 0.8805 1.6215 2.4192 1.2558 2.1943 0.6410 2.9279 2.2819 -1.0880 0.1845 1.9120 0.2323 0.7158 -1.2620 0.0117 0.0010 290.7565
74 1.6312 1.6891 0.9381 0.5815 1.4582 2.1772 1.8976 2.6970 0.8134 1.7076 2.4390 1.2818 2.2224 0.5973 2.9471 2.2510 -1.2050 0.1974 1.7950 0.2424 0.7243 -1.2620 0.0058 0.0010 301.7871
75 1.6436 1.6766 0.9771 0.5537 1.5013 2.1652 1.9035 2.7076 0.8354 1.7248 2.4415 1.2901 2.1985 0.5990 2.9667 2.2591 -1.4020 0.2555 1.5980 0.2589 0.7335 -1.2620 0.0129 0.0010 322.1400
76 1.6528 1.6717 1.0263 0.5284 1.5320 2.1503 1.9127 2.7284 0.8458 1.7634 2.4486 1.3067 2.1761 0.5909 2.9954 2.2597 -1.4030 0.3001 1.5970 0.2478 0.7365 -1.4020 0.0063 0.0010 334.8976
77 1.6528 1.6718 1.0357 0.5242 1.5341 2.1475 1.9135 2.7328 0.8461 1.7726 2.4511 1.3102 2.1717 0.5889 3.0019 2.2587 -1.4110 0.3037 1.5890 0.2651 0.7484 -1.4030 0.0061 0.0010 349.0370
78 0.5386 1.6009 1.7925 2.2591 0.8242 1.8068 0.1000 2.5834 2.9397 0.9922 0.3698 0.6097 1.9805 0.4169 2.6052 1.1928 0.1220 0.0191 3.1220 0.2911 0.7688 -1.4110 0.0733 0.0010 360.1764
79 1.6530 1.6717 1.0442 0.5204 1.5360 2.1450 1.9139 2.7368 0.8463 1.7806 2.4532 1.3136 2.1677 0.5870 3.0080 2.2578 -1.3190 0.3063 1.6810 0.2730 0.7488 -1.4110 0.0067 0.0010 375.1522
80 1.6486 1.6627 1.0317 0.4922 1.5181 2.1307 1.9300 2.7586 0.8146 1.7661 2.4355 1.2857 2.1547 0.5887 2.9860 2.2613 -1.2820 0.2777 1.7180 0.2950 0.7666 -1.4110 0.0114 0.0009 393.0787
81 0.1000 3.1416 3.1416 0.1000 3.1416 0.1000 3.1416 3.1416 0.1000 0.1000 0.1000 0.1000 0.1000 3.1416 3.1416 3.1416 -0.6850 0.1138 2.3150 0.3490 0.8017 -1.4110 0.4533 0.0010 417.9027
82 0.1000 3.1416 3.1416 0.1000 2.0371 0.1000 3.1416 3.1416 0.1000 0.1000 0.1000 0.1000 0.1000 3.1416 3.1416 3.1416 0.0390 0.0469 3.0390 0.3571 0.8135 -1.4110 0.0483 0.0008 457.0235
83 1.6479 1.6898 1.0475 0.5605 1.5412 2.1727 1.8916 2.7041 0.8740 1.7971 2.4834 1.3428 2.1897 0.5815 3.0338 2.2540 -1.3050 0.3019 1.6950 0.3338 0.8018 -1.4110 0.0065 0.0009 471.4066
84 0.1000 3.1416 3.1416 0.1000 3.1416 0.1000 3.1416 3.1416 1.3425 0.1000 0.1000 0.1000 0.1000 3.1416 3.1416 3.1416 -0.3240 0.2123 2.6760 0.3716 0.8149 -1.4110 0.0680 0.0010 516.9977
85 0.1000 3.1416 3.1416 0.1000 3.1416 0.1000 3.1416 3.1416 0.1000 0.1000 0.1000 0.1000 0.1000 1.8583 3.1416 3.1416 0.6730 0.0548 3.6730 0.3743 0.8150 -1.4110 0.0550 0.0010 555.7405
86 3.1416 3.1416 3.1416 3.1416 3.1416 0.1000 3.1416 0.1000 0.1000 3.1416 0.1000 3.1416 3.1416 3.1416 0.1000 0.1000 -0.4060 0.0915 2.5940 0.3240 0.7941 -1.4110 0.7910 0.0010 571.7700
87 1.6657 1.7020 1.0423 0.5366 1.5194 2.1207 1.9106 2.7265 0.8647 1.7438 2.4368 1.3575 2.1712 0.6246 3.0019 2.2093 -1.3520 0.2584 1.6480 0.3181 0.7908 -1.4110 0.0092 0.0010 601.6494
88 0.1000 0.1000 3.1416 0.1000 0.1000 3.1416 1.3614 0.1000 0.8286 0.2019 3.1416 1.5442 3.1416 2.8008 3.1416 2.8183 -0.1990 0.0486 2.8010 0.3709 0.8157 -1.4110 0.1789 0.0010 637.5586
89 3.1416 3.1416 3.1416 3.1416 3.1416 2.0718 3.1416 0.1000 0.1000 3.1416 0.1000 3.1416 3.1416 3.1416 0.1000 0.1000 -0.5260 0.0915 2.4740 0.3670 0.8110 -1.4110 0.0699 0.0010 677.4772
90 1.6987 3.1416 3.1416 3.1416 3.1416 1.5142 3.1416 0.1000 0.1000 3.1416 0.1000 3.1416 3.1416 3.1416 0.1000 0.1000 -0.1240 0.0449 2.8760 0.3707 0.8149 -1.4110 0.0496 0.0010 713.4983
91 1.6441 1.6824 1.0480 0.5527 1.5486 2.1431 1.9022 2.7339 0.8053 1.8021 2.4183 1.3200 2.1581 0.6389 3.0790 2.2058 -1.0840 0.2672 1.9160 0.3665 0.8105 -1.4110 0.0094 0.0010 739.1189
92 3.1416 3.1416 3.1416 3.1416 3.1416 3.1416 3.1416 0.1000 0.1000 3.1416 0.1000 3.1416 3.1416 3.1416 0.7477 0.1000 -0.2420 0.0975 2.7580 0.2922 0.7832 -1.4110 0.1809 0.0010 761.0506
93 1.6632 1.6871 1.0361 0.5098 1.5054 2.1411 1.9138 2.7224 0.9016 1.7378 2.4882 1.3433 2.1824 0.5583 2.9419 2.2757 -1.4780 0.2903 1.5220 0.2850 0.7748 -1.4110 0.0125 0.0010 775.9941
94 0.1000 0.1000 3.1416 0.1000 3.1416 3.1416 3.1416 0.1000 0.1000 0.1000 0.1000 3.1416 3.1416 3.1416 3.1416 0.1000 -0.8630 0.1241 2.1370 0.3577 0.8292 -1.4780 0.3321 0.0010 804.8911
95 0.1000 0.1000 3.1416 0.1000 2.2210 3.1416 3.1416 0.1000 0.1000 0.1000 0.1000 3.1416 3.1416 3.1416 3.1416 0.1000 1.0650 0.0084 4.0650 0.3669 0.8440 -1.4780 0.0538 0.0009 842.1534
96 1.6673 1.6879 1.0372 0.5080 1.5047 2.1398 1.9139 2.7200 0.9106 1.7306 2.4918 1.3492 2.1833 0.5546 2.9326 2.2790 -1.4070 0.2871 1.5930 0.2482 0.7686 -1.4780 0.0052 0.0009 853.9187
97 3.1416 3.1416 3.1416 3.1416 3.1416 1.4143 2.4583 0.1000 0.1000 2.3845 0.1000 3.1416 3.1416 3.1219 0.1000 0.1000 1.7960 0.0001 4.7960 0.2590 0.7797 -1.4780 0.2061 0.0010 874.6391
98 0.1000 3.1416 0.1000 2.1510 3.1416 0.1000 3.1416 1.7144 0.1000 0.1000 0.1000 0.1000 0.1000 3.1416 0.1000 0.1000 2.2440 0.0071 5.2440 0.2468 0.7854 -1.4780 1.4991 0.0010 880.8315
99 1.6945 1.6841 1.0379 0.5104 1.4902 2.1393 1.9203 2.7173 0.9168 1.7380 2.5088 1.3208 2.1684 0.5352 2.9462 2.2508 -1.3900 0.2827 1.6100 0.2760 0.8374 -1.4780 0.0086 0.0010 897.5980
100 0.1000 0.1000 3.1416 0.1000 3.1416 3.1416 3.1416 0.1000 0.1000 0.1000 0.1000 3.1416 3.1416 3.1416 3.1416 0.7818 -0.6860 0.0798 2.3140 0.2902 0.8519 -1.4780 0.1243 0.0010 931.8724
101 1.6260 1.6947 1.0470 0.4920 1.5047 2.1350 1.9061 2.7414 0.9047 1.7447 2.4860 1.3825 2.1962 0.5600 2.9291 2.3106 -1.3370 0.2846 1.6630 0.3015 0.8679 -1.4780 0.0065 0.0010 950.3058
102 0.1000 0.1000 3.1416 0.1000 3.1416 3.1416 3.1416 0.1000 0.1000 0.1000 0.1000 3.1416 2.4077 3.1416 3.1416 0.3261 1.0280 0.0085 4.0280 0.3137 0.8815 -1.4780 0.1439 0.0010 985.6577
103 1.6964 1.6902 1.0312 0.4946 1.5217 2.1655 1.9191 2.6741 0.8874 1.7484 2.4734 1.3315 2.1788 0.5781 2.9334 2.2619 -1.5550 0.2748 1.4450 0.2662 0.8483 -1.4780 0.0076 0.0010 1003.7571
104 2.0030 1.3759 0.7187 0.8335 0.1000 2.7111 0.1000 1.9763 2.8127 1.4641 1.2647 2.8733 0.1804 2.9465 1.6654 1.1296 -0.2700 0.0896 2.7300 0.2669 0.8526 -1.5550 0.0411 0.0001 1031.6546
105 1.7208 1.6975 1.0392 0.4619 1.5253 2.1831 1.9211 2.6372 0.8866 1.7666 2.4699 1.3402 2.1743 0.5827 2.9173 2.2598 -1.2670 0.2573 1.7330 0.2657 0.8496 -1.5550 0.0050 0.0009 1049.4271
106 0.1000 0.1000 3.1416 3.1416 3.1416 0.1000 3.1416 3.1416 0.1000 3.1416 0.1000 0.1000 3.1416 3.1416 3.1416 0.1000 -0.4700 0.0943 2.5300 0.2672 0.8525 -1.5550 1.2206 0.0010 1060.7717
107 0.1000 0.1000 3.1416 3.1416 3.1416 0.1000 3.1416 3.1416 0.1000 3.1416 0.1000 0.1000 3.1416 3.1416 1.8808 0.1000 0.1680 0.0429 3.1680 0.2650 0.8501 -1.5550 0.2780 0.0010 1079.3812
108 1.6856 1.6823 1.0636 0.5567 1.5501 2.1373 1.9409 2.7007 0.8738 1.6984 2.5355 1.3134 2.1716 0.5974 2.9308 2.2749 -1.3510 0.2626 1.6490 0.2602 0.8395 -1.5550 0.0049 0.0010 1101.8473
109 3.1416 3.1416 0.1028 2.3323 3.0807 0.1000 0.1000 3.1416 0.1000 1.6560 1.8282 0.9905 3.0612 0.6787 0.4566 3.1416 0.1010 0.0389 3.1010 0.2755 0.8569 -1.5550 0.2391 0.0009 1123.4096
110 3.1416 3.1416 3.1416 0.1000 0.1000 0.1000 3.1416 3.1416 0.1000 3.1416 0.1000 0.1000 0.1000 3.1416 0.1000 3.1416 -0.1940 0.0789 2.8060 0.2702 0.8452 -1.5550 1.3923 0.0010 1138.7708
111 1.7138 1.6978 1.0181 0.5352 1.4939 2.2115 1.9247 2.7598 0.9370 1.7402 2.4642 1.3286 2.1437 0.5986 2.9480 2.2855 -1.4480 0.2488 1.5520 0.2659 0.8370 -1.5550 0.0053 0.0010 1166.6485
112 0.1000 0.1000 3.1416 3.1416 3.1416 0.1000 0.1000 3.1416 0.1000 0.1000 0.1000 3.1416 0.1000 3.1416 3.1416 0.1000 0.1970 0.0460 3.1970 0.2815 0.8547 -1.5550 1.1849 0.0010 1179.3321
113 0.1000 3.1416 0.1000 3.1416 0.1000 3.1416 3.1416 0.1000 0.1000 3.1416 0.1000 0.1000 3.1416 3.1416 3.1416 3.1416 -0.8420 0.1289 2.1580 0.2754 0.8413 -1.5550 1.2733 0.0010 1190.9866
114 1.7223 1.6561 0.9630 0.5319 1.5288 2.1718 1.9046 2.7558 0.9109 1.7583 2.4994 1.3770 2.1198 0.5630 2.9344 2.2598 -1.3060 0.2442 1.6940 0.2779 0.8505 -1.5550 0.0035 0.0005 1215.2195
115 0.1000 3.1416 0.1000 3.1416 0.1000 3.1416 3.1416 0.1000 0.8573 3.1416 0.1000 0.1000 3.1416 3.1416 3.1416 3.1416 -0.8830 0.1650 2.1170 0.2943 0.8712 -1.5550 0.1838 0.0010 1243.7147
116 0.1000 3.1416 0.1000 3.1416 0.1000 3.1416 3.1416 0.1000 0.5462 3.1416 0.1000 0.1000 3.1416 3.1416 2.4413 3.1416 -0.7070 0.1377 2.2930 0.3089 0.8920 -1.5550 0.1262 0.0010 1275.9861
117 0.1000 3.1416 0.1000 3.1416 0.1000 3.1416 3.1416 0.1000 0.5518 3.1416 0.1000 0.1000 3.1416 3.1416 3.1416 2.4078 0.5940 0.0155 3.5940 0.3198 0.9062 -1.5550 0.0780 0.0010 1317.3321
118 0.1000 3.1416 0.1000 3.1416 0.7673 3.1416 3.1416 0.1000 0.5497 3.1416 0.1000 0.1000 3.1416 3.1416 2.9794 3.1416 -0.5260 0.1862 2.4740 0.2762 0.8689 -1.5550 0.1164 0.0010 1344.6456
119 0.1000 3.1416 0.7947 3.1416 0.1000 3.1416 3.1416 0.1000 0.5650 3.1416 0.1000 0.1000 3.1416 3.1416 2.9807 3.1416 -0.4720 0.1869 2.5280 0.2806 0.8759 -1.5550 0.1310 0.0010 1374.0161
120 0.1000 0.1000 3.1416 3.1416 3.1416 3.1416 3.1416 3.1416 3.1416 0.1000 0.1000 0.1000 3.1416 3.1416 3.1416 3.1416 0.6810 0.0304 3.6810 0.2843 0.8817 -1.5550 1.4308 0.0010 1399.4153
121 3.1416 3.1416 0.1000 3.1416 3.1416 3.1416 3.1416 3.1416 3.1416 3.1416 0.1000 0.1000 0.1000 3.1416 3.1416 0.1000 -0.2220 0.0689 2.7780 0.2809 0.8707 -1.5550 1.4805 0.0010 1410.8522
122 3.1416 0.1000 0.1000 0.1000 0.1000 0.1000 3.1416 3.1416 3.1416 3.1416 0.1000 0.1000 0.1000 0.1000 0.1000 0.1000 -1.4290 0.1860 1.5710 0.2761 0.8618 -1.5550 1.4013 0.0010 1424.8166
123 3.1416 0.3058 0.1000 0.1000 0.1000 0.1000 3.1416 3.1416 3.1416 3.1416 0.1000 0.1000 0.1000 0.1000 0.1000 0.1000 -1.4070 0.1860 1.5930 0.2917 0.8988 -1.5550 0.0449 0.0005 1454.9062
124 2.9231 0.1607 0.1000 0.1000 0.1000 0.1000 3.1416 3.1416 3.1416 3.1416 0.1000 0.1000 0.1000 0.1000 0.1000 0.1000 -0.6030 0.1066 2.3970 0.3157 0.9262 -1.5550 0.0425 0.0010 1487.8306
125 3.1416 0.2052 0.1000 0.1000 0.2762 0.1000 3.1416 3.1416 3.1416 3.1416 0.1000 0.1000 0.1000 0.1000 0.1000 0.1000 -1.3810 0.2080 1.6190 0.2518 0.8801 -1.5550 0.0272 0.0005 1520.5876
126 3.1416 0.2080 0.1000 0.1000 0.1564 0.1000 3.1416 3.1416 3.1416 3.1416 0.2820 0.1000 0.1000 0.1000 0.1000 0.1000 -1.4200 0.2144 1.5800 0.2630 0.8946 -1.5550 0.0284 0.0010 1549.7495
127 3.1416 0.2126 0.1000 0.1000 0.1598 0.1000 3.1416 3.1416 3.1416 3.1416 0.2042 0.1000 0.1000 0.1000 0.2760 0.1000 -1.3920 0.2239 1.6080 0.2767 0.9128 -1.5550 0.0319 0.0010 1584.0800
128 3.1416 0.2183 0.1000 0.2887 0.1637 0.1000 3.1416 3.1416 3.1416 3.1416 0.2140 0.1000 0.1000 0.1000 0.1343 0.1000 -1.5770 0.2254 1.4230 0.2936 0.9356 -1.5550 0.0348 0.0010 1613.7040
129 3.1416 0.2231 0.1000 0.3482 0.1681 0.1000 3.1416 3.1416 3.1416 3.1416 0.2252 0.1000 0.1000 0.1000 0.1346 0.1000 -1.5780 0.2285 1.4220 0.3114 0.9614 -1.5770 0.0059 0.0010 1653.4793
130 3.1416 0.2259 0.1000 0.3669 0.1705 0.1000 3.1416 3.1416 3.1416 3.1416 0.2316 0.1000 0.1000 0.1000 0.1346 0.1000 -1.5700 0.2298 1.4300 0.3285 0.9849 -1.5780 0.0060 0.0008 1697.6720
131 3.1416 0.2279 0.1000 0.3764 0.1723 0.1000 3.1416 3.1416 3.1416 3.1416 0.2361 0.1000 0.1000 0.1000 0.1345 0.1000 -1.5840 0.2308 1.4160 0.3424 1.0032 -1.5780 0.0071 0.0010 1741.1197
132 3.1416 0.2328 0.1000 0.3985 0.1765 0.1000 3.1416 3.1416 3.1416 3.1416 0.2458 0.1000 0.1000 0.1000 0.1346 0.1000 -1.6420 0.2328 1.3580 0.3549 1.0192 -1.5840 0.0075 0.0010 1784.4906
133 1.7619 1.7726 1.2221 0.4454 1.3596 2.2346 1.9545 2.8072 1.0376 1.7243 2.5392 1.2813 2.1239 0.5085 3.0153 2.3507 -0.6430 0.1830 2.3570 0.3687 1.0354 -1.6420 0.0000 0.0000 1820.7415
134 3.1416 0.2628 0.1000 0.4855 0.1995 0.1000 3.1416 3.1416 3.1416 3.1416 0.2927 0.1000 0.1000 0.1000 0.1362 0.1000 -1.5960 0.2416 1.4040 0.3257 1.0025 -1.6420 0.0089 0.0010 1854.1056
135 3.1416 0.2312 0.1000 0.4620 0.1812 0.1000 3.0445 3.1416 3.1416 3.1416 0.2654 0.1000 0.1000 0.1000 0.1345 0.1000 -1.5930 0.2183 1.4070 0.3420 1.0238 -1.6420 0.0177 0.0010 1886.0133
136 0.1000 3.1416 3.1416 3.1416 3.1416 3.1416 3.1416 0.1000 3.1416 3.1416 0.1000 3.1416 3.1416 0.1000 3.1416 3.1416 -0.4820 0.0951 2.5180 0.3560 1.0393 -1.6420 0.3862 0.0010 1922.9927
137 3.1416 0.2295 0.1000 0.4678 0.1809 0.1000 3.1416 3.1416 3.1416 3.1416 0.2663 0.1993 0.1000 0.1000 0.1342 0.1000 -1.7010 0.2437 1.2990 0.3530 1.0331 -1.6420 0.0208 0.0010 1961.5304
138 3.1416 0.2217 0.1000 0.4935 0.1796 0.1000 3.1416 3.1416 3.1416 3.1416 0.2703 0.2904 0.1000 0.1000 0.1341 0.1000 -1.6360 0.2347 1.3640 0.3652 1.0462 -1.7010 0.0085 0.0010 1998.1183
139 3.1416 0.2172 0.1000 0.4989 0.1786 0.2103 3.1416 3.1416 3.1416 3.1416 0.2708 0.2433 0.1000 0.1000 0.1334 0.1000 -1.7810 0.2403 1.2190 0.3745 1.0540 -1.7010 0.0195 0.0010 2024.0822
140 3.1416 0.2104 0.1000 0.5218 0.1781 0.3196 3.1416 3.1416 3.1416 3.1416 0.2755 0.2591 0.1000 0.1000 0.1332 0.1000 -1.7320 0.2337 1.2680 0.3837 1.0620 -1.7810 0.0092 0.0010 2061.4147
141 3.1416 0.2087 0.1000 0.5282 0.1786 0.3005 3.1416 3.1416 3.0504 3.1416 0.2774 0.2622 0.1000 0.1000 0.1328 0.1000 -1.6410 0.2033 1.3590 0.3923 1.0662 -1.7810 0.0130 0.0010 2094.6685
142 3.1416 0.2296 0.1035 0.5109 0.1808 0.2797 3.1416 3.1390 3.1416 3.1404 0.2741 0.2617 0.2213 0.1000 0.1331 0.1000 -1.8800 0.2706 1.1200 0.3992 1.0706 -1.7810 0.0117 0.0010 2131.1360
143 3.1416 0.2422 0.1050 0.5207 0.1836 0.3015 3.1416 3.1385 3.1416 3.1411 0.2779 0.2745 0.3446 0.1000 0.1330 0.1000 -1.9410 0.3060 1.0590 0.4057 1.0749 -1.8800 0.0096 0.0010 2159.4934
144 3.1416 0.2491 0.1052 0.5354 0.1859 0.3161 3.1416 3.1390 3.1416 3.1416 0.2830 0.2851 0.4225 0.1000 0.1329 0.1000 -1.9850 0.3289 1.0150 0.4144 1.0778 -1.9410 0.0102 0.0010 2187.7361
145 3.1416 0.2540 0.1041 0.5547 0.1884 0.3298 3.1416 3.1406 3.1416 3.1416 0.2896 0.2959 0.4863 0.1000 0.1325 0.1000 -2.0320 0.3486 0.9680 0.4228 1.0789 -1.9850 0.0100 0.0010 2217.1668
146 0.1000 3.1416 3.1416 0.1000 3.1416 3.1416 3.1416 0.1000 3.1416 3.1416 0.1000 3.1416 3.1416 0.1000 0.1000 3.1416 -0.6990 0.1040 2.3010 0.4313 1.0790 -2.0320 0.0215 0.0010 2281.3645
147 3.1416 0.2589 0.1011 0.5840 0.1917 0.3470 3.1416 3.1416 3.1416 3.1416 0.2994 0.3099 0.5583 0.1000 0.1318 0.1000 -2.0660 0.3712 0.9340 0.4299 1.0759 -2.0320 0.0098 0.0010 2314.9272
148 3.1416 0.2622 0.1000 0.6135 0.1948 0.3622 3.1416 3.1416 3.1416 3.1416 0.3091 0.3224 0.6151 0.1000 0.1307 0.1000 -2.0800 0.3898 0.9200 0.4381 1.0745 -2.0660 0.0084 0.0009 2348.3125
149 3.1416 0.2639 0.1000 0.6325 0.1967 0.3711 3.1416 3.1416 3.1416 3.1416 0.3154 0.3299 0.6450 0.1000 0.1296 0.1000 -2.0990 0.4002 0.9010 0.4455 1.0718 -2.0800 0.0098 0.0010 2380.2798
150 3.1416 0.2653 0.1000 0.6604 0.1992 0.3829 3.1416 3.1416 3.1416 3.1416 0.3245 0.3398 0.6808 0.1000 0.1273 0.1000 -2.1130 0.4131 0.8870 0.4522 1.0689 -2.0990 0.0104 0.0010 2416.6613
151 3.1416 0.2657 0.1000 0.6881 0.2012 0.3934 3.1416 3.1416 3.1416 3.1416 0.3331 0.3483 0.7084 0.1000 0.1235 0.1000 -2.1640 0.4233 0.8360 0.4589 1.0659 -2.1130 0.0103 0.0010 2447.6122
152 3.1416 0.2626 0.1000 0.7658 0.2043 0.4193 3.1416 3.1416 3.1416 3.1416 0.3554 0.3680 0.7689 0.1000 0.1077 0.1000 -2.0900 0.4423 0.9100 0.4656 1.0631 -2.1640 0.0104 0.0010 2481.1458
153 3.1416 0.3467 0.1000 0.6571 0.2359 0.4172 3.1416 3.1416 3.1416 3.1416 0.3385 0.3853 0.7594 0.1000 0.1975 0.1000 -2.1270 0.4339 0.8730 0.4720 1.0580 -2.1640 0.0172 0.0010 2520.2493
154 3.1416 0.2255 0.1000 0.6569 0.2762 0.4039 3.1416 3.1416 3.1416 3.1416 0.3547 0.3677 0.7714 0.1000 0.2173 0.1000 -2.1150 0.4546 0.8850 0.4797 1.0526 -2.1640 0.0178 0.0010 2568.9359
155 3.1416 0.3122 0.1000 0.6589 0.2172 0.4084 3.1416 3.1416 3.1416 3.0234 0.3496 0.3725 0.7611 0.1000 0.1585 0.1000 -2.1390 0.4428 0.8610 0.4868 1.0476 -2.1640 0.0179 0.0010 2609.2332
156 3.1416 0.3242 0.1000 0.6238 0.2427 0.4152 3.1416 3.1416 3.1416 3.0750 0.4155 0.3873 0.7675 0.1000 0.1081 0.1000 -2.2010 0.4634 0.7990 0.4937 1.0421 -2.1640 0.0167 0.0010 2645.8972
157 3.1416 0.3413 0.1000 0.5923 0.2580 0.4241 3.1416 3.1416 3.1416 3.0725 0.4845 0.4030 0.7822 0.1000 0.1000 0.1000 -2.1320 0.4848 0.8680 0.5000 1.0375 -2.2010 0.0102 0.0010 2678.4069
158 3.1416 0.3556 0.1000 0.6310 0.3519 0.4193 3.1416 3.1416 3.1416 3.0387 0.3593 0.3938 0.7734 0.1000 0.1000 0.1000 -1.9940 0.4366 1.0060 0.5057 1.0335 -2.2010 0.0136 0.0010 2713.1778
159 3.1416 0.2871 0.1000 0.6217 0.1000 0.4148 3.1416 3.1416 3.1416 3.1118 0.4809 0.3845 0.7814 0.1000 0.1668 0.1000 -1.9620 0.4569 1.0380 0.5098 1.0328 -2.2010 0.0106 0.0010 2747.8869
160 3.1416 0.2957 0.2707 0.6795 0.2729 0.4076 3.1416 3.1416 3.1416 3.1416 0.3804 0.3561 0.7126 0.1000 0.1006 0.1000 -2.3120 0.5353 0.6880 0.5121 1.0293 -2.2010 0.0107 0.0010 2778.8587
161 3.1416 0.2969 0.4129 0.6971 0.2916 0.4119 3.1416 3.1416 3.1416 3.1416 0.3894 0.3494 0.7095 0.1000 0.1000 0.1000 -2.2560 0.5658 0.7440 0.5169 1.0267 -2.3120 0.0085 0.0010 2810.2176
162 3.1416 0.2980 0.4029 0.7022 0.2955 0.4123 3.1416 3.0412 3.1416 3.1416 0.3921 0.3444 0.7094 0.1000 0.1000 0.1000 -2.2440 0.5560 0.7560 0.5228 1.0208 -2.3120 0.0109 0.0010 2846.3606
163 3.1416 0.2950 0.4016 0.6999 0.2936 0.4097 3.1416 3.1416 3.1416 3.1416 0.3854 0.3594 0.7107 0.1000 0.1000 0.2157 -2.1390 0.6270 0.8610 0.5289 1.0159 -2.3120 0.0120 0.0009 2882.9098
164 0.1000 0.1000 3.1416 0.1000 3.1416 3.1416 3.1416 0.1000 3.1416 3.1416 0.1000 3.1416 3.1416 0.1000 0.1000 3.1416 -0.5520 0.0951 2.4480 0.5339 1.0129 -2.3120 0.0095 0.0010 2943.9009
165 0.1000 0.1000 3.1416 0.1000 3.1416 3.1416 3.1416 0.1000 3.1416 3.1416 3.1416 3.1416 3.1416 0.1000 3.1416 3.1416 -0.1260 0.0625 2.8740 0.5319 1.0073 -2.3120 0.0081 0.0010 3011.6228
166 3.1416 0.3230 0.3608 0.7075 0.3085 0.4728 3.1416 3.1416 3.1416 3.1416 0.4232 0.2197 0.7182 0.1000 0.1000 0.1000 -2.3650 0.5605 0.6350 0.5298 1.0004 -2.3120 0.0088 0.0010 3049.4345
167 3.1416 0.3383 0.3791 0.7255 0.3254 0.5168 3.1416 3.1416 3.1416 3.1416 0.4432 0.1396 0.7330 0.1000 0.1000 0.1000 -2.1830 0.5278 0.8170 0.5358 0.9968 -2.3650 0.0083 0.0010 3083.8678
168 3.1416 0.3208 0.3662 0.7119 0.3137 0.4213 3.1416 3.1416 3.1416 3.1416 0.4342 0.2691 0.6957 0.2861 0.1000 0.1000 -2.1990 0.6577 0.8010 0.5400 0.9922 -2.3650 0.0079 0.0010 3119.8253
169 3.1416 0.3650 0.3757 0.7540 0.3263 0.2753 3.1416 3.1416 3.1416 3.1416 0.4618 0.2232 0.7530 0.1000 0.1000 0.1000 -2.3600 0.5868 0.6400 0.5466 0.9872 -2.3650 0.0114 0.0010 3165.8221
170 3.1416 0.3734 0.3894 0.7693 0.3325 0.2488 3.1416 3.1416 3.1416 3.1416 0.4665 0.2151 0.7704 0.1000 0.1000 0.1000 -2.2820 0.5789 0.7180 0.5533 0.9832 -2.3650 0.0075 0.0010 3199.6991
171 3.1416 0.3540 0.3553 0.7962 0.3648 0.3200 3.1416 3.1416 3.1416 3.1416 0.5324 0.2636 0.6735 0.1000 0.1000 0.1000 -2.4710 0.6592 0.5290 0.5583 0.9803 -2.3650 0.0090 0.0010 3240.3073
172 3.1416 0.3604 0.3584 0.8772 0.4241 0.3165 3.1416 3.1416 3.1416 3.1416 0.6324 0.2921 0.6217 0.1000 0.1036 0.1000 -2.4710 0.7182 0.5290 0.5621 0.9772 -2.4710 0.0069 0.0010 3281.4309
173 3.1416 0.3616 0.3626 0.8933 0.4355 0.3152 3.1416 3.1416 3.1416 3.1416 0.6488 0.2961 0.6175 0.1000 0.1028 0.1000 -2.4300 0.7230 0.5700 0.5686 0.9735 -2.4710 0.0070 0.0010 3316.9143
174 3.1416 0.3125 0.3659 0.8877 0.4552 0.3047 3.1416 3.1416 3.1416 3.1416 0.6598 0.2863 0.6298 0.1000 0.1000 0.1000 -2.3730 0.7309 0.6270 0.5737 0.9696 -2.4710 0.0080 0.0009 3368.1714
175 3.1416 0.4639 0.3623 0.8919 0.3870 0.3298 3.1416 3.1416 3.1416 3.1416 0.6065 0.3048 0.6049 0.1000 0.1118 0.1000 -2.4180 0.6923 0.5820 0.5784 0.9664 -2.4710 0.0070 0.0010 3403.9892
176 3.1416 0.4212 0.3675 0.8859 0.4146 0.3227 3.1416 3.1416 3.1416 3.1416 0.6042 0.2962 0.6140 0.1000 0.2161 0.1000 -2.3660 0.7054 0.6340 0.5846 0.9625 -2.4710 0.0080 0.0009 3439.0064
177 3.1416 0.3858 0.3841 0.9876 0.3314 0.3124 3.1416 3.1416 3.1416 3.1416 0.6301 0.2844 0.6311 0.1000 0.1000 0.1000 -2.1910 0.6290 0.8090 0.5904 0.9597 -2.4710 0.0098 0.0010 3480.5295
178 3.1416 0.3985 0.3492 0.7541 0.5062 0.3157 3.1416 3.1416 3.1416 3.1416 0.6208 0.2928 0.6178 0.1000 0.1000 0.1000 -2.5490 0.7419 0.4510 0.5901 0.9602 -2.4710 0.0064 0.0010 3522.7081
179 3.1416 0.4344 0.3668 0.7068 0.5932 0.3055 3.1416 3.1416 3.1416 3.1416 0.6659 0.2972 0.6073 0.1000 0.1000 0.1000 -2.5280 0.7550 0.4720 0.5943 0.9583 -2.5490 0.0067 0.0010 3564.6184
180 3.1416 0.4410 0.3736 0.7034 0.6124 0.3025 3.1416 3.1416 3.1416 3.1416 0.6762 0.2981 0.6091 0.1000 0.1000 0.1000 -2.4820 0.7566 0.5180 0.6006 0.9550 -2.5490 0.0073 0.0010 3602.4230
181 3.1416 0.4197 0.3408 0.7558 0.6491 0.3059 3.1416 3.1416 3.1416 3.1416 0.6066 0.2856 0.6034 0.1000 0.1000 0.1000 -2.4420 0.7349 0.5580 0.6053 0.9520 -2.5490 0.0075 0.0009 3646.8680
182 3.1416 0.4343 0.3951 0.6632 0.5191 0.3045 3.1416 3.1416 3.1416 3.1416 0.7370 0.3062 0.6090 0.1000 0.1000 0.1000 -2.5890 0.7584 0.4110 0.6104 0.9496 -2.5490 0.0058 0.0010 3697.7810
183 3.1416 0.4532 0.4358 0.6270 0.5293 0.2962 3.1416 3.1416 3.1416 3.1416 0.8163 0.3135 0.6119 0.1000 0.1000 0.1000 -2.3720 0.7491 0.6280 0.6151 0.9476 -2.5890 0.0068 0.0010 3734.5991
184 1.4286 1.0385 0.7895 0.1000 1.8061 1.7599 1.8381 2.7873 0.4154 2.2451 3.1416 2.2491 1.9776 0.1000 3.1416 2.5610 1.3080 0.0685 4.3080 0.6184 0.9445 -2.5890 0.0396 0.0010 3753.7331
185 3.1416 0.4347 0.3041 0.6967 0.5235 0.3115 3.1416 2.9949 3.1416 3.1416 0.6767 0.2663 0.5940 0.1000 0.1000 0.1000 -2.5900 0.7357 0.4100 0.6004 0.9613 -2.5890 0.0049 0.0010 3792.1253
186 3.1416 0.4380 0.3016 0.6981 0.5309 0.3100 3.1416 2.9743 3.1416 3.1416 0.6820 0.2631 0.5956 0.1000 0.1000 0.1000 -2.5820 0.7338 0.4180 0.6043 0.9580 -2.5900 0.0052 0.0010 3826.4838
187 3.1416 0.4398 0.3012 0.6993 0.5365 0.3089 3.1416 2.9640 3.1416 3.1416 0.6852 0.2617 0.5975 0.1000 0.1000 0.1000 -2.5710 0.7334 0.4290 0.6083 0.9562 -2.5900 0.0060 0.0010 3862.9966
188 3.1416 0.4409 0.3023 0.7012 0.5441 0.3065 3.1416 2.9537 3.1416 3.1416 0.6887 0.2611 0.6014 0.1000 0.1000 0.1000 -2.5700 0.7345 0.4300 0.6123 0.9546 -2.5900 0.0076 0.0009 3897.6366
189 3.1416 0.4545 0.2796 0.7035 0.5457 0.3153 3.1416 2.9711 3.1416 3.1416 0.7027 0.2369 0.6055 0.1000 0.1000 0.1000 -2.5450 0.7284 0.4550 0.6163 0.9532 -2.5900 0.0140 0.0009 3937.8317
190 3.1416 0.4244 0.3381 0.6966 0.5464 0.2924 3.1416 2.9427 3.1416 3.1416 0.6691 0.3021 0.5867 0.1000 0.1000 0.1000 -2.6430 0.7342 0.3570 0.6204 0.9520 -2.5900 0.0062 0.0010 3979.9295
191 3.1416 0.4239 0.3755 0.7029 0.6043 0.2612 3.1416 2.8379 3.1416 3.1416 0.6825 0.3423 0.5831 0.1000 0.1000 0.1000 -2.3850 0.7028 0.6150 0.6248 0.9507 -2.6430 0.0063 0.0009 4015.9573
192 3.1416 0.5715 0.2589 0.6885 0.5202 0.3814 3.1416 3.0118 3.1416 3.1416 0.6979 0.2260 0.5311 0.1000 0.1000 0.1000 -2.4240 0.6808 0.5760 0.6253 0.9494 -2.6430 0.0070 0.0010 4061.6891
193 3.1416 0.2912 0.2608 0.6674 0.5566 0.2857 3.1416 3.0060 3.1416 3.1416 0.7326 0.2038 0.6283 0.1000 0.1000 0.1000 -2.5940 0.7247 0.4060 0.6293 0.9488 -2.6430 0.0058 0.0009 4113.8095
194 3.1416 0.3384 0.2281 0.6823 0.5763 0.2182 3.1416 3.0039 3.1416 3.1416 0.7549 0.1916 0.6832 0.1000 0.1000 0.1000 -2.4400 0.7166 0.5600 0.6347 0.9475 -2.6430 0.0067 0.0010 4152.3301
195 3.1416 0.2921 0.3250 0.6658 0.5438 0.3904 3.1416 2.9987 3.1416 3.1416 0.7029 0.2528 0.5422 0.1000 0.1000 0.1000 -2.5160 0.7064 0.4840 0.6377 0.9473 -2.6430 0.0045 0.0010 4192.2413
196 3.1416 0.3678 0.3128 0.6805 0.5259 0.3171 2.9786 3.0123 3.1416 3.1416 0.6787 0.2624 0.6017 0.1000 0.1000 0.1000 -2.5720 0.6614 0.4280 0.6429 0.9464 -2.6430 0.0053 0.0010 4231.5076
197 3.1416 0.3609 0.3022 0.6986 0.5711 0.3771 2.9552 2.9933 3.1416 3.1416 0.7155 0.2610 0.6384 0.1000 0.1000 0.1000 -2.5000 0.6661 0.5000 0.6474 0.9439 -2.6430 0.0081 0.0010 4267.6978
198 3.1416 0.3569 0.3419 0.6526 0.5297 0.2953 3.0971 3.0027 3.1416 3.1416 0.6690 0.2257 0.5853 0.1000 0.2395 0.1000 -2.5820 0.7169 0.4180 0.6516 0.9435 -2.6430 0.0054 0.0010 4302.2607
199 3.1416 0.3635 0.3899 0.6581 0.5262 0.2646 3.0719 2.9977 3.1416 3.1416 0.6613 0.1663 0.5535 0.1000 0.1000 0.1000 -2.4420 0.6477 0.5580 0.6557 0.9426 -2.6430 0.0051 0.0010 4342.0455
200 3.1416 0.3482 0.2645 0.6745 0.5583 0.3522 3.1416 3.0041 3.1416 3.1416 0.7171 0.3258 0.6136 0.1000 0.2448 0.1000 -2.5750 0.7331 0.4250 0.6605 0.9432 -2.6430 0.0052 0.0010 4381.9477
201 3.1416 0.3588 0.3088 0.6806 0.5974 0.4036 3.1416 2.9735 3.1416 3.1416 0.7256 0.2502 0.6744 0.1000 0.2601 0.1000 -2.5230 0.7459 0.4770 0.6648 0.9430 -2.6430 0.0057 0.0010 4416.4223
202 3.1416 0.3520 0.2383 0.6743 0.5410 0.2876 3.0874 3.0236 3.1416 3.1416 0.7175 0.3687 0.5676 0.1000 0.1903 0.1000 -2.4760 0.6766 0.5240 0.6692 0.9430 -2.6430 0.0052 0.0010 4453.2898
203 3.1416 0.2867 0.2533 0.7182 0.6931 0.4933 3.1416 2.9602 3.1416 3.1416 0.8079 0.2377 0.5975 0.1000 0.1101 0.1000 -1.9340 0.6296 1.0660 0.6742 0.9436 -2.6430 0.0112 0.0010 4489.7623
204 3.1416 3.1416 0.1000 3.1416 0.1000 3.1416 0.1000 0.1000 3.1416 0.1000 0.1000 0.1000 0.1000 0.1000 0.1000 3.1416 1.1310 0.0166 4.1310 0.6505 0.9563 -2.6430 0.0039 0.0010 4575.5195
205 3.1416 0.1000 0.1000 3.1416 3.1416 3.1416 3.1416 0.1000 3.1416 3.1416 3.1416 3.1416 0.1000 0.1000 0.1000 0.1000 -0.8950 0.1241 2.1050 0.6565 0.9634 -2.6430 0.0050 0.0010 4641.1596
206 3.1416 0.4205 0.3202 0.6479 0.4831 0.2532 3.1017 3.0087 3.1416 3.1416 0.6518 0.2847 0.6478 0.1000 0.1929 0.1000 -2.6160 0.7201 0.3840 0.6539 0.9570 -2.6430 0.0046 0.0009 4674.5530
207 3.1416 0.1000 0.1000 3.1416 3.1416 3.1416 3.1416 0.1000 3.1416 3.1416 3.1416 3.1416 0.1000 0.1000 2.2340 0.1000 -0.9300 0.1405 2.0700 0.6578 0.9569 -2.6430 0.0118 0.0010 4736.2978
208 3.1416 0.4225 0.3206 0.6470 0.4835 0.2507 3.1004 3.0079 3.1416 3.1416 0.6520 0.2848 0.6489 0.1000 0.1952 0.1000 -2.5850 0.7198 0.4150 0.6568 0.9526 -2.6430 0.0045 0.0010 4796.7815
209 3.1416 0.1000 0.1000 3.1416 3.1416 3.1416 3.1416 0.1000 3.1416 1.2298 3.1416 3.1416 0.1000 0.1000 3.1416 0.1000 0.2150 0.0648 3.2150 0.6606 0.9528 -2.6430 0.0109 0.0010 4867.4189
210 3.1416 0.4266 0.3210 0.6467 0.4853 0.2468 3.0961 3.0069 3.1416 3.1416 0.6526 0.2845 0.6510 0.1000 0.1992 0.1000 -2.5790 0.7190 0.4210 0.6600 0.9503 -2.6430 0.0050 0.0010 4899.6031
211 3.1416 0.4439 0.3181 0.6560 0.4988 0.2381 3.0612 3.0094 3.1416 3.1416 0.6522 0.2817 0.6553 0.1000 0.2087 0.1000 -2.5510 0.7093 0.4490 0.6635 0.9508 -2.6430 0.0054 0.0010 4938.2244
212 3.1416 0.4024 0.3228 0.6516 0.4826 0.2607 3.1327 3.0120 3.0526 3.1416 0.6543 0.2831 0.6331 0.1000 0.1720 0.1000 -2.5160 0.6896 0.4840 0.6666 0.9515 -2.6430 0.0044 0.0010 4968.1509
213 3.1416 0.3836 0.3309 0.6364 0.4472 0.2616 3.1416 2.9976 3.1416 3.1416 0.6707 0.2952 0.6240 0.1000 0.1616 0.1000 -2.6000 0.7297 0.4000 0.6708 0.9520 -2.6430 0.0046 0.0010 5010.7188
214 3.1416 0.4209 0.3281 0.6536 0.5125 0.2211 3.1416 3.0146 3.1416 3.1416 0.6439 0.2598 0.6117 0.1000 0.2504 0.1000 -2.6010 0.7371 0.3990 0.6741 0.9527 -2.6430 0.0063 0.0010 5050.7717
215 3.1416 0.4195 0.3438 0.6511 0.4402 0.2487 3.1416 2.9715 3.1416 3.1416 0.7040 0.2578 0.6395 0.1000 0.2255 0.1000 -2.5900 0.7447 0.4100 0.6778 0.9534 -2.6430 0.0051 0.0010 5088.8683
216 3.1416 0.4687 0.3221 0.6700 0.5160 0.1874 3.0364 2.9997 3.1416 3.1416 0.6855 0.2760 0.6633 0.1000 0.2391 0.1000 -2.5200 0.7214 0.4800 0.6813 0.9542 -2.6430 0.0085 0.0010 5146.3112
217 3.1416 0.3782 0.3292 0.6170 0.4956 0.2512 3.1416 3.0149 3.1416 3.1416 0.6277 0.3044 0.6218 0.1000 0.1567 0.1000 -2.5380 0.7092 0.4620 0.6839 0.9554 -2.6430 0.0050 0.0010 5246.1440
218 3.1416 0.4213 0.3091 0.6582 0.4471 0.2807 3.1416 3.0259 3.1416 3.1416 0.6789 0.2324 0.5889 0.1000 0.2243 0.1000 -2.5360 0.7234 0.4640 0.6876 0.9565 -2.6430 0.0068 0.0010 5290.5303
219 3.1416 0.4028 0.3421 0.6683 0.4914 0.2515 3.1215 3.0019 3.1416 3.0204 0.6635 0.2738 0.6232 0.1000 0.1838 0.1000 -2.4930 0.7254 0.5070 0.6913 0.9578 -2.6430 0.0050 0.0010 5324.1192
220 3.1416 0.4525 0.3564 0.6207 0.5061 0.2707 3.1416 2.9707 3.1416 3.1416 0.6550 0.2715 0.7304 0.1000 0.1726 0.1000 -2.5390 0.7390 0.4610 0.6953 0.9587 -2.6430 0.0060 0.0010 5371.8793
221 3.1416 0.4196 0.3045 0.6606 0.4429 0.2230 3.0583 2.9973 3.1416 3.1416 0.6876 0.3318 0.6234 0.1000 0.1000 0.1000 -2.5340 0.6932 0.4660 0.6988 0.9599 -2.6430 0.0043 0.0010 5419.0761
222 3.1416 0.3408 0.3736 0.6628 0.5536 0.1715 3.1416 3.0081 3.1416 3.1416 0.6424 0.3039 0.6450 0.1000 0.2633 0.1000 -2.4680 0.7427 0.5320 0.7021 0.9613 -2.6430 0.0066 0.0010 5456.9482
223 3.1416 0.4757 0.3560 0.6362 0.4763 0.3326 3.0361 3.0015 3.1416 3.1416 0.6292 0.2943 0.6019 0.1000 0.2111 0.1000 -2.4910 0.6639 0.5090 0.7044 0.9630 -2.6430 0.0051 0.0010 5490.3289
224 3.1416 0.4693 0.2320 0.6623 0.4965 0.2075 3.1416 3.0459 3.1416 3.1416 0.6663 0.2395 0.6433 0.1000 0.1575 0.1000 -2.5250 0.7039 0.4750 0.7075 0.9646 -2.6430 0.0047 0.0010 5532.8923
225 3.1416 0.4071 0.3369 0.6640 0.3972 0.2506 3.1416 2.9284 3.1416 3.1416 0.7487 0.2463 0.6635 0.1000 0.1628 0.1000 -2.6140 0.7349 0.3860 0.7107 0.9663 -2.6430 0.0059 0.0010 5573.1483
226 3.1416 0.4411 0.3405 0.6587 0.3946 0.2260 3.1416 2.8992 3.1416 3.1416 0.7676 0.2186 0.6736 0.1000 0.1938 0.1000 -2.5210 0.7212 0.4790 0.7142 0.9678 -2.6430 0.0072 0.0009 5610.2202
227 3.1416 0.4133 0.3143 0.6677 0.4681 0.2577 3.1362 2.9933 3.1416 3.1416 0.6874 0.2606 0.6368 0.1000 0.1616 0.2289 -2.5670 0.7888 0.4330 0.7172 0.9694 -2.6430 0.0051 0.0010 5652.9312
228 0.1000 0.1000 3.1416 0.1000 0.1000 3.1416 0.1000 0.1000 3.1416 0.1000 3.1416 0.1000 3.1416 0.1000 3.1416 0.1000 -0.4040 0.0915 2.5960 0.7206 0.9693 -2.6430 0.0037 0.0010 5724.1908
229 3.1416 0.3750 0.3252 0.6434 0.4291 0.2579 3.1416 2.9856 3.1416 3.1416 0.7073 0.3040 0.6602 0.1000 0.1000 0.1000 -2.5930 0.7410 0.4070 0.7185 0.9612 -2.6430 0.0047 0.0010 5778.2022
230 3.1416 0.4138 0.3151 0.6662 0.4648 0.2445 3.1416 2.9868 3.1416 3.1416 0.6990 0.2754 0.6372 0.2237 0.1572 0.1000 -2.6160 0.7802 0.3840 0.7210 0.9629 -2.6430 0.0042 0.0009 5826.7563
231 3.1416 0.4160 0.3154 0.6651 0.4653 0.2412 3.1416 2.9857 3.1416 3.1416 0.7007 0.2758 0.6373 0.2291 0.1578 0.1000 -2.6300 0.7779 0.3700 0.7240 0.9634 -2.6430 0.0046 0.0010 5860.3804
232 3.1416 0.4176 0.3156 0.6643 0.4657 0.2387 3.1416 2.9849 3.1416 3.1416 0.7019 0.2761 0.6373 0.2324 0.1582 0.1000 -2.6580 0.7762 0.3420 0.7263 0.9647 -2.6430 0.0039 0.0009 5891.1568
233 3.1416 0.4352 0.3157 0.6564 0.4690 0.2124 3.1416 2.9743 3.1416 3.1416 0.7179 0.2783 0.6411 0.2781 0.1662 0.1000 -2.4780 0.7428 0.5220 0.7283 0.9662 -2.6580 0.0054 0.0010 5940.1902
234 3.1416 0.4532 0.2871 0.6726 0.4238 0.1383 3.1416 2.9525 3.1416 3.1416 0.7619 0.3727 0.6538 0.1000 0.1000 0.1000 -2.5210 0.7311 0.4790 0.7305 0.9681 -2.6580 0.0069 0.0009 5983.5693
235 3.1416 0.4315 0.3598 0.5439 0.4603 0.2256 3.1416 2.9588 3.1416 3.1416 0.7100 0.2134 0.7101 0.1742 0.1000 0.1000 -2.4140 0.7448 0.5860 0.7340 0.9698 -2.6580 0.0076 0.0010 6026.7834
236 3.1416 0.3922 0.2599 0.7401 0.4332 0.2447 3.1416 2.9075 3.1416 3.1416 0.6502 0.2803 0.6229 0.1392 0.2041 0.1000 -2.6550 0.7481 0.3450 0.7348 0.9724 -2.6580 0.0040 0.0009 6068.4737
237 3.1416 0.3931 0.2587 0.7412 0.4331 0.2432 3.1416 2.9047 3.1416 3.1416 0.6495 0.2799 0.6231 0.1391 0.2058 0.1000 -2.6090 0.7475 0.3910 0.7366 0.9743 -2.6580 0.0042 0.0010 6112.2648
238 3.1416 0.3958 0.2546 0.7421 0.4283 0.2376 3.1416 2.8928 3.1416 3.1416 0.6476 0.2749 0.6277 0.1000 0.2084 0.1000 -2.6380 0.7175 0.3620 0.7390 0.9762 -2.6580 0.0069 0.0010 6154.2742
239 3.1416 0.3918 0.2761 0.7330 0.4186 0.2457 3.1416 2.9139 3.1416 3.1416 0.6802 0.2987 0.5888 0.1493 0.2205 0.1000 -2.6870 0.7589 0.3130 0.7411 0.9781 -2.6580 0.0066 0.0009 6200.6355
240 3.1416 0.4412 0.2303 0.7790 0.3981 0.1791 3.1416 2.7853 3.1416 3.1416 0.6934 0.2955 0.6136 0.1598 0.3376 0.1000 -2.6370 0.7533 0.3630 0.7426 0.9800 -2.6870 0.0078 0.0010 6256.9254
241 3.1416 0.4524 0.2073 0.8026 0.3963 0.1353 3.1416 2.7235 3.1416 3.1416 0.6769 0.2668 0.6568 0.1000 0.3480 0.1000 -2.5880 0.7024 0.4120 0.7478 0.9821 -2.6870 0.0111 0.0010 6294.0610
242 3.1416 0.4236 0.2844 0.7482 0.3792 0.2114 3.1416 2.8316 3.1416 3.1416 0.7347 0.3436 0.5567 0.1760 0.3280 0.1000 -2.6120 0.7431 0.3880 0.7516 0.9840 -2.6870 0.0087 0.0010 6326.8699
243 3.1416 0.4653 0.2147 0.7898 0.4525 0.1776 3.1416 2.8419 3.1416 3.1416 0.6536 0.2866 0.6156 0.2428 0.2942 0.1000 -2.5770 0.7289 0.4230 0.7549 0.9857 -2.6870 0.0094 0.0010 6370.9974
244 3.1416 0.3053 0.2823 0.7583 0.3711 0.1624 3.1416 2.7943 3.1416 3.1416 0.7198 0.2905 0.6052 0.1136 0.2951 0.1000 -2.5800 0.7431 0.4200 0.7579 0.9876 -2.6870 0.0077 0.0009 6412.1651
245 3.1416 0.5312 0.2231 0.7711 0.3894 0.1479 3.1416 2.8305 3.1416 3.1416 0.8082 0.3420 0.6078 0.1000 0.4176 0.1000 -2.5240 0.7333 0.4760 0.7612 0.9894 -2.6870 0.0124 0.0010 6451.9621
246 3.1416 0.4138 0.2513 0.7667 0.3799 0.2212 2.9991 2.7969 3.1416 3.1416 0.6799 0.2832 0.6232 0.1627 0.2494 0.1000 -2.4160 0.6688 0.5840 0.7647 0.9911 -2.6870 0.0073 0.0010 6487.2805
247 3.1416 0.4241 0.2677 0.7750 0.4651 0.1244 3.1416 2.9029 3.1416 3.1416 0.7033 0.2439 0.5347 0.1000 0.2842 0.1000 -2.6490 0.7434 0.3510 0.7663 0.9937 -2.6870 0.0130 0.0030 6532.1830
248 3.1416 0.4637 0.3363 0.7728 0.4684 0.1479 3.1416 2.8500 3.1416 3.1416 0.6530 0.2340 0.5347 0.1000 0.3396 0.1000 -2.6890 0.7452 0.3110 0.7698 0.9952 -2.6870 0.0084 0.0010 6573.1441
249 3.1416 0.4684 0.3477 0.7854 0.4786 0.1221 3.1416 2.8332 3.1416 3.1416 0.6576 0.2175 0.5404 0.1000 0.3684 0.1000 -2.6300 0.7459 0.3700 0.7733 0.9969 -2.6890 0.0075 0.0010 6609.5898
248 3.1416 0.4637 0.3363 0.7728 0.4684 0.1479 3.1416 2.8500 3.1416 3.1416 0.6530 0.2340 0.5347 0.1000 0.3396 0.1000 -2.6890 0.7452 0.3110 0.7698 0.9952 -2.6870 0.0084 0.0010 6609.5898
