0 2.7698 2.0488 0.7886 1.4806 3.0654 0.9192 0.6132 0.2032 2.9946 1.2626 0.4903 3.0272 0.6439 0.4939 3.0578 2.4530 0.6450 0.0071 3.6450 0.3185 0.9898 0.0000 0.0000 0.0000 0.0000
1 1.7902 2.3579 2.6470 1.4310 1.3836 2.3002 0.7921 1.6596 2.5805 2.5008 0.9867 2.4683 0.9612 1.9696 2.6694 3.0323 -0.5870 0.0524 2.4130 0.3185 0.9898 0.0000 0.0000 0.0000 0.0000
2 2.2007 3.0752 0.7509 1.3274 3.0701 0.7933 0.5016 1.8716 3.0591 0.7925 1.0931 1.1428 0.5133 1.7963 0.3891 0.2467 0.8680 0.0821 3.8680 0.3185 0.9898 0.0000 0.0000 0.0000 0.0000
3 2.4763 0.2300 2.1544 2.2779 1.1194 2.6373 0.5579 1.6681 0.9771 2.3280 1.3126 2.8775 1.0186 0.2210 0.9208 1.3863 0.2520 0.0160 3.2520 0.3185 0.9898 0.0000 0.0000 0.0000 0.0000
4 0.4342 3.0919 2.1064 1.1683 0.7200 1.3193 1.2062 2.8782 2.6628 2.7590 0.6156 1.8514 2.5534 2.4694 1.4821 0.7117 -1.0170 0.3466 1.9830 0.3185 0.9898 0.0000 0.0000 0.0000 0.0000
5 1.0499 2.7102 2.2813 2.0266 2.0171 2.0572 2.1541 0.6568 0.9914 0.6487 0.2358 0.4729 1.6007 2.6420 0.1469 1.6083 -0.5200 0.2100 2.4800 0.3185 0.9898 0.0000 0.0000 0.0000 0.0000
6 3.0136 0.1119 2.4954 1.5880 0.3678 1.9526 3.0366 1.3508 0.3213 0.9535 2.1372 1.0296 1.4643 0.5955 3.0434 2.3008 0.6220 0.0090 3.6220 0.3185 0.9898 0.0000 0.0000 0.0000 0.0000
7 1.7233 2.9806 0.4624 1.3615 0.6963 0.2731 0.6787 2.9057 1.4996 0.2020 2.8554 0.5389 3.1132 0.9987 2.1222 0.1426 0.1570 0.0101 3.1570 0.3185 0.9898 0.0000 0.0000 0.0000 0.0000
8 0.2102 0.2602 1.6974 2.5254 2.1782 0.9310 1.0114 2.3837 2.9339 2.8260 1.0939 1.7977 2.4246 0.5225 1.2893 0.6325 -0.0760 0.0263 2.9240 0.3185 0.9898 0.0000 0.0000 0.0000 0.0000
9 0.8022 2.2511 3.0237 2.1388 1.4114 0.5464 2.2062 0.6450 3.0884 0.9322 1.7782 0.9574 1.2814 1.7859 0.1799 1.0706 0.1500 0.0639 3.1500 0.3185 0.9898 0.0000 0.0000 0.0000 0.0000
10 1.0400 2.7025 1.3386 0.3019 2.2126 1.7296 2.5038 1.2616 1.9689 0.2007 2.0814 0.8232 0.4063 0.9461 1.8810 0.6060 -0.4640 0.1584 2.5360 0.3185 0.9898 0.0000 0.0000 0.0000 0.0000
11 1.1109 1.2230 0.9808 2.5219 2.2765 1.4595 2.0406 2.1470 2.9890 3.0401 0.2822 2.6853 1.0176 3.0459 0.5176 1.2708 0.1430 0.0054 3.1430 0.3185 0.9898 0.0000 0.0000 0.0000 0.0000
12 2.4387 0.4526 2.4703 1.8603 1.0863 1.3303 2.2448 1.1185 3.0475 3.0082 0.1738 2.2137 2.5121 0.1431 1.4528 1.3721 2.4410 0.0331 5.4410 0.3185 0.9898 0.0000 0.0000 0.0000 0.0000
13 3.0443 0.9917 1.5953 1.0403 0.5201 2.2527 0.5182 2.4138 0.5937 0.9075 1.4186 1.5446 1.0006 0.3044 1.7597 2.0039 -0.0840 0.1691 2.9160 0.3185 0.9898 0.0000 0.0000 0.0000 0.0000
14 1.9438 0.3383 2.8353 2.2057 3.0258 0.4977 1.3104 0.7169 0.3296 2.5507 0.7429 0.4518 2.7046 2.9436 2.1744 1.8626 0.8470 0.0245 3.8470 0.3185 0.9898 0.0000 0.0000 0.0000 0.0000
15 3.0031 2.8862 1.0578 0.2486 0.8308 0.6136 1.5435 1.6196 1.6794 2.8868 0.4798 2.9250 1.7875 2.7270 3.0755 1.6695 -0.9100 0.0353 2.0900 0.3185 0.9898 0.0000 0.0000 0.0000 0.0000
16 1.8962 1.1581 1.9590 1.7735 2.6382 0.3940 0.5659 0.2204 2.3649 1.5977 1.2522 3.0388 2.1342 1.2853 0.8302 0.4239 -0.0470 0.0454 2.9530 0.3185 0.9898 0.0000 0.0000 0.0000 0.0000
17 0.4126 2.7282 0.2772 2.9160 0.2574 1.3784 0.4493 1.6412 1.1713 1.3389 1.7864 1.8563 0.9060 2.4569 0.4989 2.6317 1.1440 0.0013 4.1440 0.3185 0.9898 0.0000 0.0000 0.0000 0.0000
18 1.9210 2.4147 3.0248 2.0862 1.2617 2.4717 0.9770 0.3100 2.7000 2.6503 2.5527 2.4370 2.5383 1.5052 2.0431 0.4686 -0.1920 0.0816 2.8080 0.3185 0.9898 0.0000 0.0000 0.0000 0.0000
19 2.6084 1.4252 2.3954 1.2041 1.0137 2.4988 2.8410 0.3029 3.0029 0.6854 0.6424 2.3145 2.7188 1.2402 0.8056 1.3997 -0.0460 0.0314 2.9540 0.3185 0.9898 0.0000 0.0000 0.0000 0.0000
20 2.2707 0.9465 0.4067 1.5166 0.6718 0.6014 2.1473 1.5754 2.1587 3.0486 2.5760 3.0300 2.0638 0.1678 1.9670 0.8303 0.7650 0.0204 3.7650 0.3185 0.9898 0.0000 0.0000 0.0000 0.0000
21 0.7096 2.6839 0.1255 1.0295 3.1109 2.7866 1.6865 0.5335 0.7215 2.8700 2.1367 0.5221 1.3800 0.7715 0.7284 1.2766 0.4960 0.0038 3.4960 0.3185 0.9898 0.0000 0.0000 0.0000 0.0000
22 2.0199 2.4232 2.9890 1.0639 2.7183 0.5954 2.1628 2.6527 0.4087 1.6354 0.6101 2.9036 0.7464 1.0070 0.2757 0.4973 0.0010 0.1428 3.0010 0.3185 0.9898 0.0000 0.0000 0.0000 0.0000
23 2.5996 0.9365 2.5992 3.1043 2.3032 2.9342 2.0576 1.1325 0.5028 0.2161 0.8024 2.8617 2.7614 2.7716 0.3720 1.9017 1.2100 0.0259 4.2100 0.3185 0.9898 0.0000 0.0000 0.0000 0.0000
24 2.0297 2.5460 3.0465 0.8854 2.3496 1.1209 1.1004 0.3957 0.2098 2.7227 0.7344 1.4897 1.7807 1.5892 0.2027 2.7641 0.6980 0.0019 3.6980 0.3185 0.9898 0.0000 0.0000 0.0000 0.0000
25 0.6472 0.6037 0.7127 1.6207 1.0154 0.6624 3.1005 2.5183 1.2350 3.0749 0.4952 2.5542 1.8990 2.9401 0.2920 1.4439 -0.4330 0.2483 2.5670 0.3185 0.9898 0.0000 0.0000 0.0000 0.0000
26 2.9156 2.1272 1.8832 2.0390 1.5823 0.9550 3.1110 3.0636 0.3248 2.3590 0.2186 0.7000 1.5389 1.2451 1.0106 1.5772 -0.2350 0.0932 2.7650 0.3185 0.9898 0.0000 0.0000 0.0000 0.0000
27 2.8952 0.6438 0.7112 2.6565 2.3523 0.7894 2.1695 2.1353 0.2263 0.6469 3.0350 2.3827 1.6187 0.1520 1.0324 0.3942 0.9870 0.0237 3.9870 0.3185 0.9898 0.0000 0.0000 0.0000 0.0000
28 1.3189 0.5307 0.7242 1.9132 1.8084 0.8500 1.3742 0.2998 1.9798 0.1362 2.7866 0.8331 0.4499 0.6859 2.7548 0.6198 0.7790 0.0568 3.7790 0.3185 0.9898 0.0000 0.0000 0.0000 0.0000
29 2.5763 0.7413 1.6044 0.2462 1.2829 2.2233 3.0097 1.2216 2.7929 1.7767 2.1137 2.6657 1.6470 1.8828 1.8106 1.0995 -0.3610 0.0757 2.6390 0.3185 0.9898 0.0000 0.0000 0.0000 0.0000
30 2.1447 2.7993 2.5231 3.0803 0.5158 2.8755 2.9419 0.2148 2.6611 1.4804 2.3537 2.0686 1.6369 0.7148 0.2035 3.0879 0.6440 0.0774 3.6440 0.3185 0.9898 0.0000 0.0000 0.0000 0.0000
31 1.7350 0.8541 2.2128 0.9376 0.7060 2.5725 2.3263 2.4688 0.7878 0.3997 2.2769 1.7160 0.2131 1.1580 0.7037 1.0821 -0.3360 0.0943 2.6640 0.3185 0.9898 0.0000 0.0000 0.0000 0.0000
32 0.9020 2.5721 1.5128 1.2233 2.6077 2.5620 2.5462 1.8424 3.0476 2.5496 1.6408 2.1935 1.5479 2.3699 1.6462 0.2240 0.1180 0.0688 3.1180 0.3185 0.9898 0.0000 0.0000 0.0000 0.0000
33 0.3376 2.2459 1.0561 0.9498 2.0182 0.3170 2.7329 2.5672 2.7816 2.1908 2.2659 2.4480 2.3916 0.4994 2.5311 0.5780 -0.4800 0.0354 2.5200 0.3185 0.9898 0.0000 0.0000 0.0000 0.0000
34 2.0817 0.9602 1.6947 2.5713 0.9478 1.6149 3.1147 0.1659 2.8711 1.3221 0.8486 2.0955 2.3177 0.9384 2.8880 1.4896 0.1950 0.1244 3.1950 0.3185 0.9898 0.0000 0.0000 0.0000 0.0000
35 0.1351 0.6607 1.9511 0.1105 1.9966 2.1548 1.7598 3.0287 2.4883 0.7113 2.8465 2.9493 0.1078 2.3246 0.6551 0.2685 0.0340 0.0495 3.0340 0.3185 0.9898 0.0000 0.0000 0.0000 0.0000
36 1.3516 2.1539 2.7923 0.2853 1.5068 0.9301 1.4000 1.1159 2.1320 2.1532 0.7677 0.9719 2.1521 0.4125 2.4560 2.7293 0.3370 0.0624 3.3370 0.3185 0.9898 0.0000 0.0000 0.0000 0.0000
37 2.5532 0.2722 0.7058 2.7135 2.2040 0.9188 2.8161 3.0414 3.0216 3.0547 3.0143 1.2784 1.6673 0.4577 2.2799 0.2799 0.1670 0.0043 3.1670 0.3185 0.9898 0.0000 0.0000 0.0000 0.0000
38 2.5534 0.3369 1.8652 0.3944 2.0420 0.4273 1.9356 2.4696 2.8760 0.2470 2.4725 1.7687 2.5181 1.9735 3.1186 1.6307 0.1200 0.0395 3.1200 0.3185 0.9898 0.0000 0.0000 0.0000 0.0000
39 0.8058 1.9336 1.8205 1.2049 3.0498 0.6708 2.4021 0.9228 0.2295 1.9367 1.5284 0.1521 0.2063 0.2909 2.1585 0.8006 -0.2030 0.0590 2.7970 0.3185 0.9898 0.0000 0.0000 0.0000 0.0000
40 1.7379 1.5328 1.7060 0.6866 2.7320 1.5037 2.1079 2.5093 0.6875 0.3510 2.6193 1.9503 2.9328 0.2110 1.1857 1.8821 -0.1500 0.1215 2.8500 0.3185 0.9898 0.0000 0.0000 0.0000 0.0000
41 3.0840 2.5683 0.6438 2.6883 2.7207 0.7596 2.8433 0.3477 1.2121 2.1397 1.7475 2.1179 0.5628 2.2819 2.8610 2.9395 -0.0180 0.0073 2.9820 0.3185 0.9898 0.0000 0.0000 0.0000 0.0000
42 0.6917 1.0215 3.0506 0.1172 2.1356 1.0876 2.9334 1.4856 2.7530 1.4985 1.7290 0.8107 2.9167 2.4137 2.5949 1.0821 -0.7060 0.0858 2.2940 0.3185 0.9898 0.0000 0.0000 0.0000 0.0000
43 1.6777 1.2593 2.3061 1.2554 1.1792 0.1818 0.1908 1.6612 2.3955 1.1331 0.5097 2.6824 1.3992 0.7802 2.8093 0.5800 0.0300 0.1300 3.0300 0.3185 0.9898 0.0000 0.0000 0.0000 0.0000
44 1.6511 2.3871 2.8958 1.0155 2.0667 3.0602 0.7877 1.5526 0.7575 2.3450 2.9164 0.7471 2.4923 0.7429 2.5628 2.6634 -0.1720 0.0739 2.8280 0.3185 0.9898 0.0000 0.0000 0.0000 0.0000
45 0.1366 2.9626 1.6845 2.5633 2.7972 0.1642 0.4261 0.4429 1.2217 0.2543 0.2493 0.8349 1.7308 2.1732 0.8828 0.9694 -0.0170 0.0419 2.9830 0.3185 0.9898 0.0000 0.0000 0.0000 0.0000
46 3.0455 1.4912 0.6051 1.0758 1.0755 2.5975 1.6689 1.2930 0.5723 2.2253 1.3925 0.1176 1.3279 0.2793 1.8297 2.5848 0.3670 0.0156 3.3670 0.3185 0.9898 0.0000 0.0000 0.0000 0.0000
47 2.5690 0.6507 1.1740 0.5192 1.6812 0.9252 1.0779 0.7770 2.9445 0.1168 2.2237 2.8000 0.3701 2.2037 2.2473 2.2576 -1.0180 0.0876 1.9820 0.3185 0.9898 0.0000 0.0000 0.0000 0.0000
48 0.9747 1.9676 1.1139 2.1573 1.5006 1.5702 3.0662 0.9143 1.0697 1.6435 1.3424 2.6683 3.1000 1.8317 0.1132 2.6554 0.1730 0.0012 3.1730 0.3185 0.9898 0.0000 0.0000 0.0000 0.0000
49 0.2685 0.5506 1.6533 1.3845 2.0947 1.0587 1.8539 0.1546 2.3212 3.1317 2.0380 2.8808 2.1559 1.2603 1.9966 0.1775 -0.1450 0.0133 2.8550 0.3185 0.9898 0.0000 0.0000 0.0000 0.0000
50 0.6117 0.2467 2.2501 1.5754 0.5424 0.3616 3.0167 2.9676 1.5923 2.2177 1.1269 1.5260 1.7914 3.0884 1.2405 0.1313 -0.3170 0.0515 2.6830 0.3185 0.9898 0.0000 0.0000 0.0000 0.0000
51 3.0295 2.0491 1.6635 2.3751 0.8886 3.0100 1.2257 2.4412 2.3115 0.6968 2.7563 2.4620 2.9818 1.1609 0.3369 2.3367 0.5110 0.0054 3.5110 0.3185 0.9898 0.0000 0.0000 0.0000 0.0000
52 1.0220 2.3937 2.7846 2.2855 2.3615 1.6689 2.2249 1.7345 1.4825 0.2984 2.1104 1.9639 1.6807 0.2781 1.1142 2.6844 0.2600 0.0742 3.2600 0.3185 0.9898 0.0000 0.0000 0.0000 0.0000
53 0.5087 2.2983 1.8064 2.7045 0.3670 0.1954 0.9254 0.5345 3.1294 2.0392 1.5703 2.3864 1.0843 2.5421 2.2446 1.3115 -0.7650 0.1218 2.2350 0.3185 0.9898 0.0000 0.0000 0.0000 0.0000
54 2.3762 2.0303 1.6716 2.3620 2.9612 0.8091 1.9842 0.5066 0.8106 1.8980 3.1189 3.1046 1.4379 0.9854 1.0822 0.4329 -0.1290 0.1096 2.8710 0.3185 0.9898 0.0000 0.0000 0.0000 0.0000
55 2.5514 0.5067 0.5286 0.9926 0.6182 1.1329 1.8856 2.0158 2.5766 0.6276 1.0504 1.3188 1.0295 1.1270 0.3842 0.1873 1.0820 0.0298 4.0820 0.3185 0.9898 0.0000 0.0000 0.0000 0.0000
56 1.3303 1.6887 2.1486 2.9453 0.2392 1.7392 0.2254 3.1087 1.5673 0.2259 0.9518 1.3853 2.6730 0.3683 2.0396 2.8665 1.0670 0.0169 4.0670 0.3185 0.9898 0.0000 0.0000 0.0000 0.0000
57 2.4236 2.5746 1.1449 0.5600 2.7482 1.7152 1.3541 1.2133 2.7734 3.0801 0.2053 0.7805 0.5625 2.4633 1.6375 0.6241 -0.2900 0.0148 2.7100 0.3185 0.9898 0.0000 0.0000 0.0000 0.0000
58 0.9294 1.7171 1.9407 2.2980 0.9539 0.6526 0.2786 0.6908 1.2328 1.3921 0.7361 2.2203 0.8863 1.9486 3.1010 0.8562 -0.3300 0.1393 2.6700 0.3185 0.9898 0.0000 0.0000 0.0000 0.0000
59 2.6817 2.5478 1.4688 0.5653 0.7704 2.5311 0.7024 1.6046 2.1026 0.7628 2.3359 0.5670 0.5402 1.3708 0.7248 1.2764 -0.5650 0.0663 2.4350 0.3185 0.9898 0.0000 0.0000 0.0000 0.0000
60 1.6289 1.3752 0.4304 1.4573 0.4982 0.9492 0.3625 1.8528 0.5042 1.9795 2.4327 2.4712 1.5074 2.2703 1.3769 2.2421 0.4060 0.0203 3.4060 0.3185 0.9898 0.0000 0.0000 0.0000 0.0000
61 1.5391 0.6521 0.2305 1.2095 2.0657 1.7287 2.4064 2.2736 2.2942 2.3412 1.9864 0.2095 1.7552 1.5704 3.0598 2.7466 0.0560 0.0998 3.0560 0.3185 0.9898 0.0000 0.0000 0.0000 0.0000
62 0.5797 2.3839 1.0719 2.5347 0.8890 1.1221 0.6190 0.2207 0.3527 3.0154 3.0526 1.7856 3.0153 2.5543 2.6695 2.2386 0.9540 0.0904 3.9540 0.3185 0.9898 0.0000 0.0000 0.0000 0.0000
63 0.4230 0.8271 1.1125 2.6722 0.5329 0.6070 2.4292 1.0163 2.0555 1.9116 1.7974 1.8338 2.7870 0.5381 0.5208 1.2454 0.1600 0.0435 3.1600 0.3185 0.9898 0.0000 0.0000 0.0000 0.0000
64 1.0621 1.4200 0.5081 1.5067 0.7838 1.2662 1.4085 0.5617 0.2310 1.7794 0.5258 0.2603 2.7151 1.2093 1.3994 2.3786 -0.0080 0.0083 2.9920 0.3185 0.9898 0.0000 0.0000 0.0000 0.0000
65 2.7889 2.2935 1.5606 2.3009 1.7130 1.6058 0.6909 1.6757 2.9417 1.6907 1.6048 0.4852 0.8424 2.5717 0.9621 2.2325 -0.3320 0.0039 2.6680 0.3185 0.9898 0.0000 0.0000 0.0000 0.0000
66 0.8276 2.8333 0.7674 0.2916 0.2284 1.3020 1.4827 1.7150 2.3251 1.7167 1.4156 2.2775 0.9049 2.9637 0.9030 0.5995 0.3590 0.0358 3.3590 0.3185 0.9898 0.0000 0.0000 0.0000 0.0000
67 2.3062 1.2057 2.6364 1.5845 1.9564 2.9490 2.4006 1.6276 1.5106 2.5325 2.7210 2.1505 1.4977 1.6995 0.9278 0.6575 1.0510 0.0403 4.0510 0.3185 0.9898 0.0000 0.0000 0.0000 0.0000
68 0.8757 2.5135 1.9700 0.2522 0.2544 1.1261 2.1589 0.8377 1.3659 0.8293 2.0780 2.6349 1.6994 2.8462 1.7097 1.2617 1.1260 0.0328 4.1260 0.3185 0.9898 0.0000 0.0000 0.0000 0.0000
69 1.4818 0.8181 3.0562 2.5092 2.9484 2.5444 3.0621 2.8346 1.8596 0.6349 1.4670 0.6190 0.8814 0.8377 1.7960 0.6945 0.2030 0.0415 3.2030 0.3185 0.9898 0.0000 0.0000 0.0000 0.0000
70 1.7007 0.1148 1.1471 1.1754 3.0119 2.6930 2.4009 2.1349 0.5779 0.9924 0.3026 0.6838 2.9997 2.1194 2.7889 2.6123 -0.0360 0.0009 2.9640 0.3185 0.9898 0.0000 0.0000 0.0000 0.0000
71 0.8203 0.4304 1.0410 1.0617 1.4981 2.5316 1.7352 1.0601 0.4928 1.6564 2.6679 0.4595 2.0537 2.3275 1.1064 0.1992 -0.1010 0.1101 2.8990 0.3185 0.9898 0.0000 0.0000 0.0000 0.0000
72 0.3610 1.2767 0.4188 1.0376 0.1406 1.4130 2.1683 1.3784 0.7884 3.0787 2.8545 2.6432 2.7363 2.1242 2.4500 1.2261 0.0760 0.1074 3.0760 0.3185 0.9898 0.0000 0.0000 0.0000 0.0000
73 2.8212 1.0892 2.6391 2.0866 2.1182 0.4863 2.2745 1.5355 0.4734 1.4623 2.2836 2.5747 0.1878 1.6626 1.2352 0.6854 -0.0370 0.0103 2.9630 0.3185 0.9898 0.0000 0.0000 0.0000 0.0000
74 1.7504 2.1616 2.8105 0.5164 0.3136 2.8892 0.2921 2.9213 0.8484 3.1011 1.0825 0.3737 1.2837 2.3018 1.9669 0.3279 -0.1180 0.0041 2.8820 0.3185 0.9898 0.0000 0.0000 0.0000 0.0000
75 2.1780 0.3042 2.6782 2.2740 1.6012 1.2418 0.8955 0.4009 2.2474 1.4159 1.7082 1.8218 0.8429 2.0213 2.2994 2.0175 -0.0800 0.0083 2.9200 0.3185 0.9898 0.0000 0.0000 0.0000 0.0000
76 0.7146 1.3654 1.6294 0.2905 0.7594 0.3901 1.3399 0.6338 1.2548 1.8872 1.5116 1.5741 2.0237 0.8513 1.5052 2.5976 0.4940 0.0397 3.4940 0.3185 0.9898 0.0000 0.0000 0.0000 0.0000
77 2.3815 1.1376 1.7525 1.0676 0.4921 1.8012 2.1180 0.6217 1.1127 2.9500 0.9564 3.1346 1.8778 0.6467 1.9751 3.0870 0.4720 0.1056 3.4720 0.3185 0.9898 0.0000 0.0000 0.0000 0.0000
78 2.3713 0.1849 0.4623 1.8569 0.4948 1.9317 0.7931 2.0748 0.8231 2.7116 2.9672 0.1543 0.3455 1.2544 0.9208 2.2491 0.0950 0.0121 3.0950 0.3185 0.9898 0.0000 0.0000 0.0000 0.0000
79 0.5099 1.1973 1.0512 0.7876 1.9137 1.8411 0.3487 0.1173 2.7489 1.1363 2.3253 2.1834 0.7423 0.8547 2.2285 0.8632 1.6720 0.0197 4.6720 0.3185 0.9898 0.0000 0.0000 0.0000 0.0000
80 0.9594 1.9905 2.2677 2.7107 1.3087 3.0565 0.6544 0.7747 2.2070 2.6412 0.6995 2.5605 0.7822 0.1426 2.1145 0.9687 0.1540 0.0890 3.1540 0.3185 0.9898 0.0000 0.0000 0.0000 0.0000
81 2.5367 0.3054 0.5469 1.5761 1.0791 1.9126 2.4181 1.3706 1.6998 2.7705 2.9409 0.3659 0.9037 1.1237 1.9832 0.5160 -0.0050 0.0954 2.9950 0.3185 0.9898 0.0000 0.0000 0.0000 0.0000
82 1.0359 0.4582 2.4679 2.2719 0.6413 0.9839 1.7537 1.6495 1.6961 2.3185 0.4937 1.5518 2.2167 2.2468 1.4842 2.2516 0.0800 0.0830 3.0800 0.3185 0.9898 0.0000 0.0000 0.0000 0.0000
83 1.2872 1.1387 1.6656 0.7747 1.5971 2.5449 0.4444 0.5158 2.0958 0.2454 1.5734 1.7563 0.5765 0.9365 1.0623 1.1432 1.5750 0.0019 4.5750 0.3185 0.9898 0.0000 0.0000 0.0000 0.0000
84 1.4896 2.4816 0.9362 0.9940 2.9357 1.2332 0.7145 2.4840 0.9848 1.3289 1.4875 0.4834 1.4040 0.2805 1.1658 2.2910 0.6110 0.0307 3.6110 0.3185 0.9898 0.0000 0.0000 0.0000 0.0000
85 0.4876 2.2256 2.6286 0.9592 2.6799 2.2238 0.5695 2.3729 1.3959 1.6788 1.4186 2.4393 1.7621 0.8353 0.2340 2.1736 0.9860 0.0080 3.9860 0.3185 0.9898 0.0000 0.0000 0.0000 0.0000
86 1.1290 0.2625 1.5974 2.3161 1.4666 1.0490 1.9647 0.1870 1.3644 1.1575 1.1262 0.6687 1.8133 2.7134 1.9301 2.2350 1.1560 0.0038 4.1560 0.3185 0.9898 0.0000 0.0000 0.0000 0.0000
87 1.1701 1.4831 2.6971 2.5963 0.6183 0.6003 1.5057 0.3338 0.7390 0.1948 2.7296 2.6328 2.9233 0.8408 2.7475 0.2228 0.1830 0.1903 3.1830 0.3185 0.9898 0.0000 0.0000 0.0000 0.0000
88 1.3718 1.2849 2.2250 1.5714 0.2848 2.2345 1.8527 0.1823 3.0878 1.3907 0.9735 2.0084 0.9400 1.2729 2.1971 2.5757 0.0760 0.0362 3.0760 0.3185 0.9898 0.0000 0.0000 0.0000 0.0000
89 1.5953 0.5897 1.6231 1.2407 0.3435 0.8091 1.2013 2.3575 0.2496 2.3852 2.0509 0.2817 3.1127 2.4881 0.9235 0.7541 -0.2530 0.0364 2.7470 0.3185 0.9898 0.0000 0.0000 0.0000 0.0000
90 2.4513 1.8559 2.0108 0.2031 1.5700 1.8807 1.4861 1.7660 1.1085 1.0611 1.8506 0.3025 0.4709 1.0506 1.0722 1.2600 1.0150 0.0078 4.0150 0.3185 0.9898 0.0000 0.0000 0.0000 0.0000
91 1.9974 2.7571 2.2406 0.9990 0.9429 0.4182 0.3378 0.8595 2.7097 1.5409 2.5755 1.3868 2.7943 2.8900 1.9584 1.2657 -0.3130 0.0516 2.6870 0.3185 0.9898 0.0000 0.0000 0.0000 0.0000
92 2.2641 0.1093 0.6542 2.7263 0.8786 2.4513 1.8052 1.0369 0.1274 2.2305 2.2325 2.3203 1.5316 0.1403 2.0383 2.2564 1.1000 0.0409 4.1000 0.3185 0.9898 0.0000 0.0000 0.0000 0.0000
93 0.8458 3.0811 1.3265 1.7761 1.7864 1.5830 2.0811 2.8377 1.4063 1.5915 3.1130 2.5016 2.3840 2.1264 1.8102 2.3937 0.0400 0.1525 3.0400 0.3185 0.9898 0.0000 0.0000 0.0000 0.0000
94 2.2494 1.9404 1.6320 1.0950 1.4301 2.6529 2.9397 0.4120 2.0614 0.1884 0.7343 2.3338 2.5941 1.1696 1.9696 1.2944 0.4630 0.0931 3.4630 0.3185 0.9898 0.0000 0.0000 0.0000 0.0000
95 1.4438 0.5711 0.1946 0.7316 1.7106 2.4212 1.8579 0.7593 2.6676 1.8082 2.8156 1.4304 1.4427 0.8132 0.4989 1.3652 0.2340 0.0473 3.2340 0.3185 0.9898 0.0000 0.0000 0.0000 0.0000
96 2.3495 2.9393 3.0795 2.6597 1.5766 1.3297 1.4277 2.7611 2.8753 0.1221 0.1353 1.7304 1.1174 2.7458 2.3641 1.1882 -0.0270 0.1470 2.9730 0.3185 0.9898 0.0000 0.0000 0.0000 0.0000
97 1.9535 0.8286 0.3674 0.6345 1.8429 2.9272 0.1909 1.7857 2.7495 1.1459 1.1987 2.8971 1.4196 2.5574 2.8815 2.6458 0.7480 0.0242 3.7480 0.3185 0.9898 0.0000 0.0000 0.0000 0.0000
98 0.2895 0.2994 0.2753 1.1881 0.8403 2.1768 2.0691 0.1389 0.6753 0.2677 2.1624 2.7526 1.4866 0.7430 1.2037 1.3068 0.5870 0.0047 3.5870 0.3185 0.9898 0.0000 0.0000 0.0000 0.0000
99 0.6397 1.2074 1.5248 1.9664 2.8477 1.7123 2.8176 0.5626 1.1295 0.4797 2.5916 0.5737 1.7709 0.7654 1.9302 2.5056 0.5130 0.0350 3.5130 0.3185 0.9898 -1.0180 0.0000 0.0000 51.1769
100 0.4451 3.0799 2.1059 1.1738 0.7267 1.3130 1.2112 2.8675 2.6615 2.7579 0.6226 1.8494 2.5464 2.4706 1.4947 0.7151 -0.8020 0.3493 2.1980 0.3185 0.9898 -1.0180 0.0146 0.0010 61.0040
101 2.0810 2.7407 2.2044 1.0208 1.0237 0.4512 0.3476 0.9006 2.6940 1.6222 2.5054 1.2615 2.6523 2.8166 2.0290 1.3620 -0.1350 0.0261 2.8650 0.1000 0.9755 -1.0180 1.4464 0.0435 62.6299
102 2.7058 2.6128 1.4165 0.5988 0.6966 2.5895 0.6313 1.5899 2.1979 0.7381 2.3830 0.5878 0.5469 1.4014 0.6943 1.2777 0.1170 0.0136 3.1170 0.1000 0.9728 -1.0180 1.5779 0.1314 64.8081
103 0.4076 3.1209 2.1075 1.1549 0.7035 1.3345 1.1939 2.9044 2.6659 2.7615 0.5986 1.8562 2.5705 2.4664 1.4513 0.7035 -1.0750 0.3314 1.9250 0.1000 0.9831 -1.0180 1.5394 1.0236 66.4248
104 0.4083 3.1202 2.1075 1.1553 0.7039 1.3342 1.1942 2.9037 2.6659 2.7615 0.5991 1.8561 2.5701 2.4665 1.4520 0.7037 -1.0360 0.3320 1.9640 0.1000 0.9460 -1.0750 1.5578 1.1769 68.1044
105 0.9976 2.6739 1.4077 0.3289 2.0812 1.7853 2.6022 1.3103 1.9455 0.1736 2.0540 0.8758 0.3695 0.8409 1.8290 0.5756 -0.2150 0.0685 2.7850 0.1000 0.9190 -1.0750 1.5593 0.0757 69.7985
106 0.8686 1.7144 1.8289 2.3504 0.9811 0.6486 0.3794 0.7707 1.2428 1.5304 0.6513 2.1707 0.8673 1.8001 3.0199 0.8776 0.0580 0.0272 3.0580 0.1000 0.9161 -1.0750 1.5500 0.0405 71.4136
107 1.7768 1.6020 1.7262 0.7565 2.7833 1.6243 2.3665 2.6211 0.6716 0.2796 2.5281 1.8917 2.9673 0.1773 1.3268 2.0363 -0.1250 0.0410 2.8750 0.1000 0.9164 -1.0750 1.5601 0.0146 73.0182
108 0.6212 0.6612 0.6175 1.5205 0.9910 0.6257 3.1063 2.5649 1.2220 3.0729 0.4973 2.6478 1.7561 2.9721 0.1531 1.4380 -0.2900 0.1164 2.7100 0.1055 0.9176 -1.0750 1.5341 0.0652 74.6638
109 0.6568 1.1045 2.9992 0.2326 2.1208 1.1012 2.8732 1.4559 2.7801 1.4745 1.6714 0.7678 2.8858 2.4798 2.6458 1.0897 -0.7250 0.1122 2.2750 0.1281 0.9215 -1.0750 1.5395 0.2064 76.3225
110 2.6086 0.6351 1.1923 0.5222 1.6749 0.8905 1.1045 0.7803 2.9542 0.1117 2.2351 2.8111 0.3636 2.2305 2.2534 2.2774 -1.1200 0.0835 1.8800 0.1565 0.9193 -1.0750 0.0309 0.0009 89.6491
111 0.5805 2.2488 1.8610 2.6596 0.4242 0.2352 0.8424 0.5450 2.9739 1.9706 1.5040 2.3764 1.0829 2.5149 2.3438 1.2674 0.0130 0.0754 3.0130 0.1704 0.9011 -1.1200 0.0911 0.0010 100.5801
112 1.9309 2.7916 3.1416 2.1973 1.4208 2.4250 0.9070 0.2482 2.7782 2.8181 2.5713 2.6445 2.4879 1.4826 2.1686 0.3818 -0.5870 0.0437 2.4130 0.1361 0.8979 -1.1200 1.5903 0.0159 102.2024
113 1.7822 2.3936 2.7228 1.5566 1.3383 2.3248 0.8023 1.5907 2.5753 2.5040 1.0525 2.5038 1.1202 1.9517 2.6013 2.8595 -0.5330 0.0591 2.4670 0.1424 0.9026 -1.1200 1.5004 0.1087 103.8969
114 1.8940 2.3682 2.5998 1.5206 1.3288 2.1520 0.8413 1.6008 2.6232 2.4599 1.0317 2.3501 0.9374 2.0969 2.6117 2.8716 -0.6690 0.0197 2.3310 0.1550 0.9042 -1.1200 0.1282 0.0010 119.4488
115 1.0542 2.8365 1.1980 0.2399 2.4725 1.6242 2.4356 1.1826 2.0339 0.2060 2.1419 0.7226 0.4540 1.1229 2.0125 0.6152 -0.1500 0.1697 2.8500 0.1667 0.9041 -1.1200 0.0821 0.0009 130.1620
116 1.6553 0.7176 2.2684 1.0094 0.4750 2.7069 2.4779 2.7325 0.6441 0.2157 2.3798 1.8982 0.1000 1.1629 0.6327 1.0943 -0.3660 0.0311 2.6340 0.1707 0.9062 -1.1200 0.1902 0.0010 141.5825
117 0.3722 3.1416 2.1090 1.1372 0.6816 1.3548 1.1775 2.9392 2.6701 2.7649 0.5761 1.8627 2.5934 2.4624 1.4103 0.6926 -1.0120 0.3046 1.9880 0.1775 0.9097 -1.1200 0.0059 0.0010 153.6397
118 0.3891 3.1416 2.0739 1.1214 0.6791 1.3411 1.1916 2.8928 2.6524 2.7289 0.6018 1.8698 2.5418 2.4811 1.4062 0.6887 -0.7920 0.2759 2.2080 0.1787 0.8921 -1.1200 0.0294 0.0010 170.7669
119 1.4750 0.7062 2.3086 0.9031 0.7271 2.5279 2.7003 2.4984 0.7566 0.2730 2.3419 1.8402 0.1000 1.2552 0.6069 0.9665 -0.2950 0.0665 2.7050 0.1673 0.8836 -1.1200 0.1738 0.0010 184.3816
120 0.6630 1.1219 2.9178 0.2144 2.1173 1.0803 2.9250 1.6200 2.8679 1.5787 1.7265 0.8756 2.8833 2.4397 2.6268 0.9542 -0.7050 0.1100 2.2950 0.1726 0.8863 -1.1200 0.1023 0.0010 200.2461
121 1.9376 2.5568 2.6275 1.4350 1.3178 2.1593 0.8196 1.7079 2.5989 2.6176 0.9726 2.4739 1.0003 2.1745 2.7324 2.8665 -0.6950 0.0225 2.3050 0.1823 0.8856 -1.1200 0.1232 0.0010 221.6070
122 1.9309 2.5413 2.7523 1.5885 1.3663 2.2643 0.7462 1.7078 2.7395 2.5771 1.0540 2.3356 0.9077 2.1938 2.6696 2.9775 -0.5290 0.0033 2.4710 0.1916 0.8862 -1.1200 0.0890 0.0010 239.3852
123 1.9279 2.3564 2.7493 1.4639 1.2900 2.0706 0.8466 1.5691 2.5555 2.4770 0.9855 2.5830 0.8974 2.1758 2.8428 2.8655 0.0450 0.0376 3.0450 0.1991 0.8873 -1.1200 0.1025 0.0010 263.9414
124 1.8804 2.5431 2.4907 1.4436 1.3538 2.2406 0.8207 1.7326 2.6198 2.6008 0.9927 2.3236 1.0514 2.0653 2.5527 2.8861 -0.6850 0.0598 2.3150 0.1817 0.8887 -1.1200 0.0118 0.0009 274.7101
125 1.8640 2.4448 2.6111 1.4619 1.2505 2.2088 0.7142 1.8540 2.5326 2.5586 1.0645 2.2546 1.0575 2.0726 2.6812 2.8542 -0.6080 0.0618 2.3920 0.1877 0.8867 -1.1200 0.0563 0.0010 293.6958
126 0.5797 1.1062 3.0972 0.1257 2.1878 1.0945 2.9769 1.5602 2.9194 1.5212 1.7050 0.7122 2.9979 2.5812 2.7160 0.9702 0.3380 0.0387 3.3380 0.1946 0.8874 -1.1200 0.0986 0.0010 309.2001
127 1.9713 2.5241 2.6195 1.3873 1.4544 2.1969 0.7547 1.6671 2.6137 2.5433 1.1286 2.3683 1.0604 2.0484 2.6162 2.9000 -1.1510 0.0357 1.8490 0.1623 0.8885 -1.1200 0.0464 0.0010 329.8537
128 2.6404 0.6225 1.2070 0.5247 1.6698 0.8628 1.1259 0.7829 2.9620 0.1076 2.2443 2.8200 0.3584 2.2520 2.2583 2.2932 -1.1740 0.0809 1.8260 0.1598 0.8804 -1.1510 1.5692 0.8255 331.5966
129 2.6533 0.6174 1.2130 0.5256 1.6678 0.8515 1.1346 0.7840 2.9651 0.1059 2.2480 2.8237 0.3562 2.2607 2.2603 2.2997 -1.2350 0.0804 1.7650 0.1645 0.8720 -1.1740 0.0068 0.0010 344.7139
130 0.3985 3.1412 2.1661 1.1916 0.7200 1.3466 1.1790 2.9638 2.6937 2.8208 0.5676 1.8405 2.6453 2.4369 1.4809 0.7162 -1.0270 0.3320 1.9730 0.1674 0.8625 -1.2350 0.0071 0.0010 357.3562
131 0.9572 3.0263 2.2879 2.1352 2.0902 2.1250 2.1878 0.6499 0.9721 0.5260 0.1000 0.2555 1.5867 2.7603 0.1000 1.5141 -0.1450 0.1422 2.8550 0.1704 0.8543 -1.2350 0.1756 0.0010 369.0717
132 2.0115 2.5437 2.6156 1.3447 1.5069 2.1833 0.7371 1.6540 2.6147 2.5365 1.1770 2.3578 1.0818 2.0315 2.6025 2.9013 -1.1380 0.0265 1.8620 0.1713 0.8559 -1.2350 0.0117 0.0010 379.7292
133 1.9576 2.5527 2.6470 1.3279 1.4878 2.1819 0.7467 1.6558 2.6606 2.5081 1.1280 2.3427 1.0942 2.0346 2.6246 2.8805 -1.0490 0.0298 1.9510 0.1785 0.8512 -1.2350 0.0223 0.0010 399.6724
134 2.0513 2.5008 2.5984 1.4010 1.4752 2.1883 0.7328 1.6673 2.6046 2.5753 1.1655 2.3905 1.0927 2.0316 2.5979 2.9323 -1.1200 0.0351 1.8800 0.1833 0.8466 -1.2350 0.0171 0.0010 412.8375
135 1.9949 2.5544 2.6036 1.3832 1.4950 2.2124 0.7488 1.6540 2.5475 2.5590 1.2020 2.3779 1.0288 2.0485 2.5938 2.8978 -1.1780 0.0303 1.8220 0.1891 0.8425 -1.2350 0.0128 0.0010 428.3434
136 0.3653 2.9889 2.1531 1.1647 0.6939 1.3635 1.1664 2.9841 2.6911 2.8097 0.5526 1.8507 2.6498 2.4405 1.4329 0.7019 -1.2680 0.4003 1.7320 0.1955 0.8394 -1.2350 0.0177 0.0010 443.8019
137 0.3579 2.9577 2.1574 1.1638 0.6908 1.3681 1.1623 2.9949 2.6938 2.8145 0.5462 1.8508 2.6593 2.4379 1.4272 0.7007 -1.2520 0.4049 1.7480 0.2006 0.8394 -1.2680 0.0071 0.0010 456.5014
138 0.7533 1.0773 2.8656 0.2702 2.0592 1.0857 2.8384 1.4908 2.6968 1.5182 1.7067 0.9235 2.7883 2.3193 2.5390 1.1016 -0.0830 0.0731 2.9170 0.2043 0.8349 -1.2680 0.0105 0.0009 467.5597
139 2.6934 0.6016 1.2314 0.5286 1.6614 0.8164 1.1615 0.7872 2.9750 0.1006 2.2595 2.8350 0.3495 2.2878 2.2664 2.3197 -1.1160 0.0815 1.8840 0.1698 0.8164 -1.2680 0.0101 0.0010 478.5414
140 1.9888 2.5260 2.6223 1.3847 1.5268 2.1834 0.7400 1.7063 2.5602 2.5392 1.1715 2.4016 1.0386 2.0697 2.5507 2.8920 -1.1560 0.0104 1.8440 0.1705 0.8106 -1.2680 0.0147 0.0009 494.8762
141 1.9966 2.5103 2.6004 1.3619 1.5092 2.2194 0.6904 1.6425 2.5742 2.5897 1.1672 2.3763 1.0187 2.0591 2.5814 2.8604 -1.2270 0.0372 1.7730 0.1744 0.8078 -1.2680 0.0109 0.0007 512.7219
142 2.0050 2.5332 2.6035 1.3836 1.5228 2.1944 0.6846 1.6468 2.5655 2.5894 1.1522 2.3715 1.0031 2.0169 2.5859 2.8561 -1.2180 0.0211 1.7820 0.1780 0.8050 -1.2680 0.0122 0.0010 525.4569
143 1.9990 2.5040 2.6131 1.3575 1.5224 2.2057 0.7256 1.6567 2.5834 2.6221 1.1847 2.3693 1.0028 2.0304 2.5809 2.8494 -1.1330 0.0255 1.8670 0.1817 0.8029 -1.2680 0.0117 0.0010 539.9522
144 2.6542 0.6128 1.2516 0.5725 1.6630 0.8531 1.1554 0.8029 2.9443 0.1528 2.2245 2.7939 0.4014 2.2603 2.2763 2.2948 -1.2210 0.0780 1.7790 0.1845 0.8020 -1.2680 0.0407 0.0009 555.5782
145 2.0069 2.5444 2.5841 1.3799 1.5112 2.2141 0.6528 1.6306 2.5507 2.5477 1.1499 2.3802 1.0289 2.0597 2.5810 2.8765 -1.1860 0.0353 1.8140 0.1888 0.8018 -1.2680 0.0070 0.0010 566.5566
146 2.0007 2.5419 2.6340 1.3645 1.4920 2.1864 0.6796 1.6229 2.5367 2.5862 1.1442 2.3616 1.0297 2.0463 2.5526 2.8956 -1.1510 0.0256 1.8490 0.1920 0.8015 -1.2680 0.0078 0.0008 579.5126
147 2.6601 0.5974 1.2561 0.5847 1.6828 0.8494 1.1056 0.8115 2.9554 0.1327 2.2138 2.7971 0.3989 2.2731 2.3176 2.3088 -1.0570 0.0694 1.9430 0.1962 0.8027 -1.2680 0.0289 0.0010 593.7309
148 2.0372 2.5417 2.5842 1.3745 1.5053 2.2424 0.6848 1.6688 2.5785 2.5340 1.1649 2.3987 1.0034 2.0268 2.5896 2.8438 -1.2130 0.0207 1.7870 0.1978 0.8040 -1.2680 0.0084 0.0010 606.2367
149 1.9900 2.5472 2.5597 1.3856 1.5084 2.1988 0.6592 1.6602 2.5954 2.5535 1.1988 2.4130 1.0093 2.0312 2.5923 2.8601 -1.1700 0.0154 1.8300 0.2024 0.8059 -1.2680 0.0073 0.0010 618.2135
150 2.6517 0.6322 1.2335 0.5395 1.6387 0.8527 1.2148 0.7851 2.9392 0.1600 2.2485 2.8026 0.3867 2.2477 2.2183 2.2814 -1.1960 0.0902 1.8040 0.2070 0.8086 -1.2680 0.0061 0.0007 631.0025
151 2.0380 2.5309 2.5786 1.3900 1.5652 2.2463 0.6981 1.6538 2.5473 2.5476 1.1496 2.3643 1.0291 2.0483 2.6138 2.8478 -1.1110 0.0498 1.8890 0.2117 0.8112 -1.2680 0.0071 0.0009 642.6439
152 2.6329 0.5680 1.2347 0.5225 1.6483 0.8698 1.2279 0.7789 2.9539 0.1469 2.2200 2.8344 0.3897 2.2417 2.2383 2.2852 -1.0740 0.0577 1.9260 0.2147 0.8141 -1.2680 0.0240 0.0010 656.6904
153 2.0401 2.5406 2.5958 1.3342 1.4612 2.2205 0.6825 1.6536 2.5845 2.5414 1.1785 2.3989 0.9849 2.0323 2.5395 2.8687 -1.0300 0.0087 1.9700 0.2181 0.8182 -1.2680 0.0073 0.0010 669.1637
154 1.9706 2.5545 2.6168 1.4128 1.5229 2.2048 0.6688 1.6634 2.5650 2.5910 1.1733 2.4037 1.0636 2.0331 2.6144 2.8532 -1.0630 0.0247 1.9370 0.2171 0.8196 -1.2680 0.0061 0.0010 681.3508
155 0.3512 2.9409 2.1635 1.1646 0.6888 1.3724 1.1582 3.0065 2.6973 2.8211 0.5393 1.8502 2.6705 2.4345 1.4237 0.7000 -1.2810 0.4028 1.7190 0.2194 0.8239 -1.2680 0.0079 0.0009 693.4491
156 1.9877 2.5001 2.5445 1.3827 1.5470 2.1648 0.7011 1.6345 2.5754 2.5458 1.1656 2.3430 0.9862 2.0470 2.5981 2.9146 -0.9440 0.0193 2.0560 0.2251 0.8303 -1.2810 0.0060 0.0009 706.5346
157 0.3454 2.9250 2.1680 1.1647 0.6867 1.3759 1.1547 3.0161 2.7001 2.8262 0.5337 1.8499 2.6794 2.4321 1.4202 0.6992 -1.1260 0.3997 1.8740 0.2193 0.8291 -1.2810 0.0084 0.0009 719.8480
158 0.3704 2.9739 2.1565 1.1664 0.7087 1.3844 1.1694 2.9695 2.6811 2.7942 0.5633 1.8538 2.6449 2.4137 1.4200 0.7202 -1.2700 0.4056 1.7300 0.2157 0.8266 -1.2810 0.0149 0.0010 732.9969
159 2.0412 2.5592 2.6131 1.3839 1.4943 2.2309 0.7336 1.6344 2.5757 2.5756 1.1589 2.3980 1.0684 2.0783 2.5600 2.8067 -1.0440 0.0363 1.9560 0.2207 0.8319 -1.2810 0.0064 0.0010 746.6963
160 0.3610 2.9723 2.1576 1.1618 0.7155 1.3826 1.1888 2.9700 2.6843 2.7899 0.5677 1.8449 2.6538 2.4061 1.4182 0.7136 -1.2610 0.3956 1.7390 0.2227 0.8369 -1.2810 0.0134 0.0009 759.6742
161 0.3770 2.9710 2.1627 1.1597 0.7109 1.4041 1.1607 2.9688 2.6888 2.7996 0.5659 1.8612 2.6447 2.4190 1.4191 0.7326 -1.2540 0.4085 1.7460 0.2282 0.8438 -1.2810 0.0118 0.0009 772.4601
162 0.3668 2.9695 2.1563 1.1851 0.7072 1.3732 1.1612 2.9738 2.6642 2.7891 0.5543 1.8519 2.6466 2.3917 1.4135 0.7193 -1.2730 0.3993 1.7270 0.2353 0.8528 -1.2810 0.0122 0.0010 786.5383
163 0.3627 2.9667 2.1615 1.1912 0.7135 1.3797 1.1704 2.9784 2.6622 2.7991 0.5592 1.8597 2.6414 2.3850 1.4049 0.7197 -1.1770 0.3895 1.8230 0.2454 0.8651 -1.2810 0.0098 0.0009 798.4783
164 3.1416 3.0589 0.9913 0.1219 0.8338 0.5242 1.5295 1.7034 1.6828 3.0535 0.3409 3.0015 1.8183 2.8656 3.1416 1.6600 -0.0310 0.0869 2.9690 0.2532 0.8767 -1.2810 0.1012 0.0009 810.1657
165 2.8954 2.7505 1.1100 0.3482 0.8286 0.6838 1.5544 1.5538 1.6768 2.7557 0.5890 2.8648 1.7633 2.6180 3.0249 1.6769 -0.8420 0.0303 2.1580 0.2317 0.8585 -1.2810 0.0149 0.0009 827.0753
166 0.3743 2.9705 2.1517 1.1445 0.7002 1.3811 1.1568 2.9634 2.6954 2.7740 0.5543 1.8324 2.6690 2.4263 1.4382 0.7212 -1.3990 0.3946 1.6010 0.2363 0.8654 -1.2810 0.0068 0.0010 839.8713
167 0.3837 2.9605 2.1465 1.1156 0.6942 1.3858 1.1317 2.9459 2.7076 2.7287 0.5415 1.7975 2.7083 2.4228 1.4592 0.7355 -1.1410 0.3279 1.8590 0.2355 0.8683 -1.3990 0.0061 0.0008 852.0748
168 0.3855 2.9596 2.1754 1.0578 0.6818 1.3571 1.2098 2.9910 2.6923 2.8067 0.5534 1.8611 2.6392 2.4121 1.4597 0.7632 -0.8390 0.3347 2.1610 0.2346 0.8665 -1.3990 0.0181 0.0009 871.7518
169 2.7505 2.7948 1.0535 0.2888 0.8621 0.5867 1.5578 1.5005 1.6334 2.8769 0.4480 2.9832 1.7762 2.6846 2.7605 1.7423 0.1980 0.0336 3.1980 0.2223 0.8626 -1.3990 0.1435 0.0010 889.2254
170 2.0226 2.5675 2.6410 1.2797 1.5376 2.3101 0.6634 1.7457 2.5324 2.6048 1.1568 2.4150 1.0428 2.0008 2.6263 2.9398 -1.1120 0.0227 1.8880 0.2102 0.8565 -1.3990 0.0081 0.0010 902.0213
171 0.3635 2.9788 2.1317 1.2190 0.7179 1.4027 1.1271 2.9437 2.7053 2.7681 0.5658 1.8215 2.6772 2.4591 1.4185 0.6764 -1.5100 0.4150 1.4900 0.2170 0.8670 -1.3990 0.0058 0.0008 917.5941
172 0.3572 2.9733 2.1216 1.2564 0.7304 1.4229 1.1097 2.9303 2.7175 2.7615 0.5739 1.8116 2.6889 2.4803 1.4085 0.6525 -1.4650 0.4015 1.5350 0.2245 0.8792 -1.5100 0.0071 0.0010 932.1732
173 0.3426 2.9732 2.1395 1.2609 0.7230 1.4199 1.1015 2.9337 2.7267 2.7527 0.5811 1.8044 2.6740 2.4766 1.4116 0.6566 -1.4360 0.3985 1.5640 0.2300 0.8852 -1.5100 0.0111 0.0010 945.1575
174 2.0694 2.5111 2.7318 1.3768 1.6060 2.3462 0.5837 1.7220 2.5068 2.5083 1.3414 2.2949 1.0697 1.8470 2.5051 2.8811 -1.1260 0.0463 1.8740 0.2362 0.8938 -1.5100 0.0143 0.0009 960.9176
175 2.7456 0.8405 1.2273 0.5857 1.6089 0.7716 1.1667 0.8046 2.9072 0.1813 2.3604 2.7124 0.3559 2.2910 2.1597 2.2892 -1.0070 0.1606 1.9930 0.2533 0.9205 -1.5100 0.0175 0.0009 973.6422
176 0.3759 2.9678 2.0957 1.2664 0.7471 1.4377 1.1118 2.9274 2.7028 2.7751 0.5593 1.8203 2.7233 2.4797 1.3955 0.6432 -1.5580 0.3968 1.4420 0.2654 0.9387 -1.5100 0.0068 0.0010 987.2594
177 0.3830 2.9568 2.0741 1.3006 0.7684 1.4650 1.0999 2.9209 2.6996 2.7823 0.5514 1.8198 2.7610 2.4868 1.3769 0.6229 -1.5530 0.3645 1.4470 0.3028 0.9836 -1.5580 0.0079 0.0010 1001.5507
178 0.3806 2.9533 2.0732 1.3117 0.7725 1.4718 1.0944 2.9205 2.7013 2.7823 0.5509 1.8175 2.7681 2.4874 1.3724 0.6181 -1.6060 0.3553 1.3940 0.3186 0.9956 -1.5580 0.0093 0.0010 1014.8704
179 0.3778 2.9410 2.0611 1.3543 0.7924 1.5018 1.0754 2.9166 2.7043 2.7855 0.5457 1.8115 2.8043 2.4921 1.3527 0.5969 -1.3720 0.3089 1.6280 0.3299 1.0015 -1.6060 0.0080 0.0008 1028.4182
180 0.4252 2.9561 2.0393 1.2754 0.7691 1.4516 1.1251 2.9549 2.7075 2.7733 0.5283 1.8250 2.7226 2.4975 1.3943 0.6277 -1.4000 0.3443 1.6000 0.3225 0.9994 -1.6060 0.0128 0.0010 1046.4762
181 0.3387 2.9654 2.1208 1.2755 0.7422 1.4390 1.0934 2.8623 2.6721 2.8068 0.5890 1.8310 2.7825 2.4832 1.3781 0.6338 -1.5970 0.3885 1.4030 0.3327 1.0047 -1.6060 0.0068 0.0009 1059.4031
182 2.2960 2.8849 2.7392 1.2629 1.7538 2.2233 0.4776 1.7614 2.5169 2.7508 1.4756 2.3862 1.0941 1.8254 2.5487 2.9179 0.1040 0.0079 3.1040 0.3404 1.0064 -1.6060 0.0313 0.0009 1073.2305
183 0.3406 2.9666 2.1187 1.2716 0.7419 1.4376 1.0957 2.8596 2.6693 2.8090 0.5889 1.8331 2.7845 2.4845 1.3786 0.6341 -1.5640 0.3863 1.4360 0.3209 1.0104 -1.6060 0.0065 0.0009 1090.1059
184 0.3433 2.9659 2.1072 1.2697 0.7540 1.4202 1.0750 2.8688 2.6961 2.8144 0.6103 1.8287 2.7838 2.4670 1.3642 0.6340 -1.5730 0.3750 1.4270 0.3286 1.0153 -1.6060 0.0125 0.0009 1107.2990
185 0.3204 2.9644 2.1158 1.2857 0.7425 1.4405 1.0982 2.8411 2.6866 2.8197 0.5611 1.8132 2.7718 2.4823 1.3701 0.6500 -1.3600 0.3741 1.6400 0.3361 1.0181 -1.6060 0.0107 0.0010 1123.7509
186 0.3853 2.9648 2.1299 1.2658 0.7525 1.4366 1.0616 2.9381 2.6595 2.7633 0.6723 1.8670 2.8073 2.4756 1.3896 0.5839 -1.6650 0.3827 1.3350 0.3360 1.0245 -1.6060 0.0151 0.0010 1139.0338
187 0.3851 2.9639 2.1322 1.2672 0.7525 1.4369 1.0584 2.9402 2.6588 2.7616 0.6776 1.8684 2.8103 2.4757 1.3896 0.5805 -1.6140 0.3802 1.3860 0.3436 1.0251 -1.6650 0.0079 0.0010 1155.3266
188 0.3704 2.9632 2.1225 1.2761 0.7519 1.4329 1.0595 2.9352 2.6775 2.7518 0.6730 1.8971 2.8167 2.4689 1.4007 0.5847 -1.5670 0.3695 1.4330 0.3486 1.0252 -1.6650 0.0107 0.0009 1172.0885
189 0.4027 2.9637 2.1448 1.2577 0.7551 1.4433 1.0558 2.9423 2.6367 2.7839 0.6751 1.8126 2.7957 2.4856 1.3661 0.5792 -1.7070 0.3826 1.2930 0.3532 1.0254 -1.6650 0.0065 0.0010 1188.5508
190 0.4168 2.9612 2.1609 1.2550 0.7577 1.4485 1.0412 2.9518 2.6165 2.7926 0.6968 1.7822 2.8005 2.4937 1.3503 0.5629 -1.5570 0.3561 1.4430 0.3581 1.0251 -1.7070 0.0078 0.0010 1204.5594
191 0.3505 2.9650 2.0999 1.2422 0.7785 1.4781 1.0354 2.9513 2.6138 2.7980 0.6833 1.8218 2.7844 2.4622 1.4287 0.5682 -1.6630 0.3799 1.3370 0.3613 1.0236 -1.7070 0.0099 0.0009 1225.0574
192 0.3461 2.9633 2.0848 1.2725 0.7542 1.4670 1.0514 2.9743 2.6086 2.7880 0.7164 1.8124 2.8093 2.4901 1.4114 0.6202 -1.5170 0.3535 1.4830 0.3666 1.0206 -1.7070 0.0078 0.0010 1242.2054
193 0.3895 2.9636 2.1551 1.2288 0.7889 1.4642 1.0273 2.9178 2.6471 2.7890 0.6426 1.8447 2.7755 2.4443 1.4041 0.5089 -1.6400 0.3334 1.3600 0.3700 1.0204 -1.7070 0.0070 0.0010 1257.4326
194 0.3688 2.9623 2.1656 1.2288 0.8413 1.4354 1.0183 2.9348 2.6311 2.7697 0.6387 1.8519 2.7838 2.4849 1.3880 0.5407 -1.6810 0.3126 1.3190 0.3745 1.0176 -1.7070 0.0073 0.0008 1274.7267
195 0.3517 2.9609 2.1661 1.2274 0.8463 1.4349 1.0582 2.9363 2.6456 2.7626 0.6561 1.8326 2.7984 2.4697 1.3874 0.5064 -1.6390 0.2861 1.3610 0.3790 1.0143 -1.7070 0.0074 0.0008 1292.5867
196 0.3885 2.9589 2.1688 1.2410 0.8136 1.4454 0.9616 2.9301 2.6262 2.7824 0.6365 1.8686 2.7753 2.4831 1.3942 0.5456 -1.7810 0.3279 1.2190 0.3828 1.0119 -1.7070 0.0067 0.0008 1312.0060
197 0.3976 2.9521 2.1914 1.2488 0.8292 1.4461 0.8706 2.9300 2.6090 2.7873 0.6331 1.8972 2.7758 2.4976 1.3962 0.5322 -1.5150 0.2749 1.4850 0.3867 1.0098 -1.7810 0.0081 0.0010 1333.8124
198 0.3945 2.9712 2.2151 1.2103 0.8441 1.5574 1.0388 2.9230 2.6444 2.7807 0.6585 1.8876 2.7755 2.5109 1.3875 0.5595 -1.6010 0.2770 1.3990 0.3866 1.0103 -1.7810 0.0079 0.0010 1351.3611
199 0.3764 2.9588 2.2012 1.2690 0.7826 1.4539 1.0379 2.9307 2.5348 2.7229 0.5868 1.8546 2.7998 2.4795 1.4272 0.4978 -1.6350 0.2961 1.3650 0.3906 1.0069 -1.7810 0.0071 0.0009 1367.3214
200 0.3751 2.8958 2.1789 1.2458 0.7946 1.4302 1.0299 2.9129 2.6241 2.8204 0.6583 1.8615 2.7948 2.5675 1.4610 0.4167 -1.4720 0.2439 1.5280 0.3946 1.0030 -1.7810 0.0113 0.0010 1388.6488
201 0.3770 3.0085 2.1816 1.2477 0.8445 1.4753 0.9793 2.9417 2.5985 2.7107 0.6334 1.8320 2.8193 2.3459 1.3435 0.5224 -1.4370 0.2311 1.5630 0.3968 1.0029 -1.7810 0.0093 0.0010 1406.0367
202 0.3851 2.9614 2.1604 1.2292 0.8470 1.4187 1.0286 2.9492 2.5745 2.7619 0.6066 1.8711 2.7850 2.5511 1.3807 0.6068 -1.5670 0.2742 1.4330 0.3959 1.0080 -1.7810 0.0054 0.0009 1431.3285
203 0.3308 2.9418 2.1580 1.2234 0.7285 1.5063 0.9913 2.9444 2.6186 2.7416 0.6289 1.8712 2.7296 2.5125 1.3472 0.5180 -1.5010 0.3436 1.4990 0.3995 1.0054 -1.7810 0.0060 0.0009 1451.2819
204 3.0342 0.4510 1.4007 0.1943 1.5086 0.9718 1.2250 0.4664 3.1416 0.1370 2.5597 2.8901 0.1000 2.5263 2.2843 2.3642 -0.0370 0.0636 2.9630 0.4021 1.0053 -1.7810 0.0646 0.0010 1468.3888
205 3.1416 0.1000 3.1416 3.1416 3.1416 0.1000 0.1000 3.1416 3.1416 3.1416 3.1416 0.1000 0.1000 3.1416 0.1000 3.1416 -0.1960 0.0737 2.8040 0.3984 1.0124 -1.7810 0.0587 0.0010 1513.0773
206 0.4252 2.9456 2.2160 1.3027 0.8245 1.4608 1.0151 2.9217 2.6361 2.7930 0.6458 1.8311 2.7730 2.4606 1.4796 0.5840 -1.5870 0.3693 1.4130 0.3974 1.0089 -1.7810 0.0053 0.0010 1533.9294
207 3.1416 2.8305 1.1779 0.3408 0.6879 0.8494 1.5426 1.8061 1.8013 2.5902 0.8412 2.6269 1.7600 2.6210 3.1416 1.4536 0.1670 0.0475 3.1670 0.4006 1.0071 -1.7810 0.0192 0.0009 1555.4644
208 0.4229 3.0352 2.1534 1.2070 0.7879 1.4627 1.0014 2.9337 2.6383 2.8168 0.6006 1.8473 2.8571 2.4997 1.4432 0.5388 -1.6880 0.2921 1.3120 0.3909 1.0260 -1.7810 0.0052 0.0010 1577.0418
209 0.4599 2.9899 2.1272 1.2162 0.8014 1.4582 1.0256 2.9110 2.5877 2.8627 0.6189 1.8987 2.8259 2.4550 1.4123 0.5372 -1.1590 0.2254 1.8410 0.3937 1.0250 -1.7810 0.0052 0.0010 1598.8381
210 0.3415 3.0061 2.2077 1.2483 0.8096 1.4530 0.9864 2.9532 2.6816 2.7206 0.6345 1.7922 2.8246 2.5374 1.4443 0.5485 -1.1530 0.1620 1.8470 0.3876 1.0469 -1.7810 0.0103 0.0009 1615.3936
211 0.1000 3.1416 0.1000 3.1416 3.1416 3.1416 3.1416 3.1416 0.1000 3.1416 0.1000 0.1000 0.1000 3.1416 3.1416 0.1000 -0.0850 0.0622 2.9150 0.3677 1.0753 -1.7810 0.1338 0.0010 1670.0238
212 0.2180 2.4969 1.6590 2.9419 0.1204 0.1000 1.1708 0.4479 3.1416 2.3015 1.7950 2.4555 1.0542 2.6929 1.9644 1.4284 0.6680 0.0917 3.6680 0.3663 1.0709 -1.7810 0.0235 0.0010 1714.6440
213 3.1416 3.1416 3.1416 3.1416 0.1000 0.1000 3.1416 3.1416 0.1000 3.1416 3.1416 0.1000 0.1000 3.1416 3.1416 0.1000 0.0670 0.0581 3.0670 0.3503 1.0842 -1.7810 0.5692 0.0010 1769.3592
214 3.1416 3.1416 0.1000 3.1416 3.1416 3.1416 0.1000 3.1416 0.1000 3.1416 0.1000 0.1000 3.1416 3.1416 3.1416 0.1000 1.0470 0.0168 4.0470 0.3484 1.0784 -1.7810 0.2082 0.0010 1801.4946
215 3.1416 3.1416 3.1416 3.1416 3.1416 3.1416 0.1000 3.1416 3.1416 0.1000 3.1416 0.1000 0.1000 3.1416 3.1416 3.1416 -0.0350 0.0625 2.9650 0.3477 1.0719 -1.7810 0.2392 0.0010 1868.2207
216 0.1000 3.1416 0.1000 3.1416 3.1416 0.1000 3.1416 3.1416 0.1000 0.1000 0.1000 3.1416 0.1000 3.1416 3.1416 3.1416 0.0910 0.0556 3.0910 0.3458 1.0666 -1.7810 0.4972 0.0010 1927.3416
217 0.1000 3.1416 3.1416 3.1416 3.1416 0.1000 3.1416 3.1416 3.1416 3.1416 3.1416 0.1000 0.1000 3.1416 3.1416 3.1416 -0.0280 0.0625 2.9720 0.3437 1.0607 -1.7810 0.4247 0.0010 1977.7833
218 3.1416 3.1416 0.1000 0.1000 3.1416 0.1000 3.1416 3.1416 3.1416 3.1416 3.1416 0.1000 3.1416 3.1416 0.1000 3.1416 -0.2050 0.0737 2.7950 0.3417 1.0554 -1.7810 0.4558 0.0010 2013.0941
219 0.3832 2.8802 2.1521 1.2578 0.8174 1.4452 1.0369 2.9083 2.6128 2.7462 0.6547 1.8461 2.7188 2.4560 1.3887 0.5670 -1.7620 0.3973 1.2380 0.3398 1.0509 -1.7810 0.0034 0.0010 2045.1345
220 3.1416 3.1416 0.1000 3.1416 3.1416 3.1416 3.1416 3.1416 3.1416 0.1000 3.1416 0.1000 3.1416 3.1416 3.1416 3.1416 0.0050 0.0625 3.0050 0.3450 1.0532 -1.7810 0.2370 0.0010 2097.3428
221 0.1000 3.1416 3.1416 3.1416 0.1000 3.1416 3.1416 3.1416 0.1000 3.1416 0.1000 0.1000 3.1416 3.1416 0.1000 0.1000 -0.0200 0.0622 2.9800 0.3430 1.0479 -1.7810 0.0766 0.0010 2136.8397
222 0.1000 3.1416 3.1416 0.1000 0.1000 3.1416 3.1416 3.1416 0.1000 0.1000 0.1000 0.1000 0.1000 3.1416 3.1416 3.1416 0.8430 0.0245 3.8430 0.3410 1.0426 -1.7810 0.1307 0.0010 2185.8971
223 0.1000 0.1000 3.1416 3.1416 3.1416 0.1000 0.1000 3.1416 0.1000 3.1416 3.1416 3.1416 0.1000 3.1416 3.1416 0.1000 0.8560 0.0230 3.8560 0.3395 1.0360 -1.7810 0.1950 0.0010 2239.5533
224 0.1000 0.1000 0.1000 0.1000 0.1000 3.1416 3.1416 3.1416 3.1416 3.1416 0.1000 0.1000 3.1416 3.1416 0.1000 3.1416 1.0070 0.0180 4.0070 0.3380 1.0293 -1.7810 0.2439 0.0010 2291.9430
225 2.5638 0.6915 1.0250 0.6727 1.7468 0.4729 1.2812 1.0176 2.9418 0.1000 2.1525 2.9504 0.3783 2.1911 2.1311 2.3906 0.3280 0.0056 3.3280 0.3369 1.0231 -1.7810 0.0078 0.0001 2335.7160
226 0.3882 2.8942 2.1478 1.2455 0.8074 1.4485 1.0333 2.9066 2.6154 2.7467 0.6421 1.8407 2.7280 2.4601 1.3979 0.5719 -1.7790 0.4022 1.2210 0.3151 1.0229 -1.7810 0.0040 0.0010 2357.1775
227 3.1416 0.1000 3.1416 0.1000 0.1000 0.1000 3.1416 3.1416 3.1416 3.1416 3.1416 0.1000 0.1000 3.1416 0.1000 3.1416 -0.0120 0.0625 2.9880 0.3214 1.0301 -1.7810 0.2141 0.0010 2406.8782
228 3.1416 3.1416 0.1000 0.1000 3.1416 0.1000 3.1416 3.1416 0.1000 0.1000 0.1000 0.1000 3.1416 3.1416 0.1000 3.1416 -0.8130 0.1138 2.1870 0.3181 1.0228 -1.7810 0.3101 0.0010 2457.3496
229 0.1000 0.1000 3.1416 3.1416 0.1000 3.1416 0.1000 3.1416 3.1416 3.1416 3.1416 0.1000 3.1416 3.1416 3.1416 0.1000 -0.6290 0.1076 2.3710 0.3179 1.0237 -1.7810 0.3549 0.0010 2485.3756
230 0.1000 0.1000 3.1416 3.1416 0.1000 3.1416 0.1000 3.1416 3.1416 3.1416 3.1416 0.1000 3.1416 3.1416 1.8938 0.1000 -0.0260 0.0499 2.9740 0.3166 1.0220 -1.7810 0.0769 0.0009 2533.3880
231 0.1000 0.1000 1.7691 3.1416 0.1000 3.1416 0.1000 3.1416 3.1416 3.1416 3.1416 0.1000 3.1416 3.1416 3.1416 0.1000 0.7310 0.0265 3.7310 0.3134 1.0159 -1.7810 0.0922 0.0010 2576.9644
232 3.1416 3.1416 0.1000 0.1000 2.2284 0.1000 3.1416 3.1416 0.1000 0.1000 0.1000 0.1000 3.1416 3.1416 0.1000 3.1416 0.2840 0.0420 3.2840 0.3074 1.0050 -1.7810 0.0752 0.0010 2625.8210
233 0.1000 0.1000 0.1000 3.1416 3.1416 3.1416 3.1416 3.1416 3.1416 0.1000 0.1000 0.1000 0.1000 3.1416 0.1000 3.1416 -0.7200 0.1012 2.2800 0.2959 0.9898 -1.7810 0.8333 0.0010 2663.1233
234 0.1000 1.1114 0.1000 3.1416 3.1416 3.1416 3.1416 3.1416 3.1416 0.1000 0.1000 0.1000 0.1000 3.1416 0.1000 3.1416 -0.1490 0.0837 2.8510 0.2939 0.9877 -1.7810 0.1083 0.0010 2711.7411
235 0.1000 2.8086 0.8445 0.5928 2.4747 0.1000 3.1416 3.1416 3.1416 2.3109 2.5086 2.7569 2.8254 0.1000 3.1330 0.1043 0.7680 0.0181 3.7680 0.2868 0.9759 -1.7810 0.1788 0.0010 2738.7078
236 0.1000 0.1000 0.1000 3.1416 0.1000 3.1416 3.1416 3.1416 0.1000 0.1000 0.1000 3.1416 0.1000 3.1416 3.1416 0.1000 0.0950 0.0518 3.0950 0.2729 0.9504 -1.7810 1.2165 0.0010 2769.0844
237 0.3865 2.9133 2.1495 1.2453 0.8007 1.4494 1.0332 2.9134 2.6185 2.7553 0.6327 1.8408 2.7347 2.4649 1.4004 0.5754 -1.7740 0.4002 1.2260 0.2613 0.9284 -1.7810 0.0029 0.0009 2797.4129
238 0.3877 2.9065 2.1484 1.2442 0.8027 1.4490 1.0331 2.9104 2.6172 2.7516 0.6354 1.8402 2.7316 2.4630 1.4004 0.5743 -1.7810 0.4019 1.2190 0.2848 0.9651 -1.7810 0.0027 0.0006 2850.0850
239 2.1521 3.1416 0.1000 0.1000 3.1416 0.1000 3.1416 3.1416 0.1000 0.1000 0.1000 0.1000 3.1416 3.1416 0.1000 3.1416 0.7570 0.0211 3.7570 0.3012 0.9877 -1.7810 0.0834 0.0009 2900.2582
240 3.1416 3.1416 3.1416 3.1416 3.1416 0.1000 0.1000 3.1416 3.1416 3.1416 3.1416 0.1000 3.1416 3.1416 0.1000 0.1000 0.1640 0.0534 3.1640 0.2827 0.9610 -1.7810 0.7912 0.0010 2920.9548
241 3.1416 3.1416 3.1416 3.1416 0.1000 3.1416 0.1000 0.1000 0.1000 0.1000 0.1000 0.1000 0.1000 3.1416 3.1416 0.1000 0.8480 0.0245 3.8480 0.2701 0.9379 -1.7810 1.2097 0.0010 2945.3048
242 0.1000 0.1000 0.1000 3.1416 3.1416 3.1416 2.1653 3.1416 3.1416 0.1000 0.1000 0.1000 0.1000 3.1416 0.1000 3.1416 0.9830 0.0166 3.9830 0.2662 0.9273 -1.7810 0.2113 0.0010 2990.3332
243 3.1416 3.1416 0.1000 3.1416 3.1416 3.1416 3.1416 3.1416 0.1000 0.1000 3.1416 3.1416 0.1000 3.1416 3.1416 0.1000 -0.6890 0.1138 2.3110 0.2526 0.9046 -1.7810 1.2263 0.0010 3005.9841
244 0.3863 2.9150 2.1496 1.2454 0.8001 1.4497 1.0329 2.9139 2.6188 2.7560 0.6319 1.8408 2.7361 2.4656 1.4005 0.5758 -1.7560 0.3996 1.2440 0.2508 0.9023 -1.7810 0.0035 0.0010 3040.5721
245 3.1416 3.1416 0.1000 3.1416 3.1416 3.1416 2.1733 3.1416 0.1000 0.1000 3.1416 3.1416 0.1000 3.1416 3.1416 0.1000 0.6110 0.0203 3.6110 0.2629 0.9226 -1.7810 0.2000 0.0010 3073.3430
246 0.3865 2.9145 2.1495 1.2450 0.8000 1.4498 1.0328 2.9137 2.6188 2.7557 0.6318 1.8406 2.7361 2.4655 1.4007 0.5758 -1.8080 0.3998 1.1920 0.2523 0.9034 -1.7810 0.0034 0.0010 3100.3943
247 0.1000 0.1000 0.1000 0.1000 3.1416 0.1000 0.1000 3.1416 0.1000 0.1000 0.1000 3.1416 3.1416 3.1416 3.1416 0.1000 -0.6710 0.1166 2.3290 0.2607 0.9181 -1.8080 1.2838 0.0010 3116.8647
248 1.9924 3.1416 3.1416 2.4901 1.7526 2.3855 0.6942 0.1000 3.0267 3.1416 2.7114 3.1351 2.4885 1.4481 2.4861 0.1000 -0.4500 0.0721 2.5500 0.2581 0.9142 -1.8080 0.0804 0.0010 3147.9411
249 3.1416 3.1416 3.1416 3.1416 3.1416 3.1416 3.1416 3.1416 3.1416 3.1416 0.1000 0.1000 3.1416 3.1416 0.1000 3.1416 -0.2670 0.0737 2.7330 0.2572 0.9121 -1.8080 1.2985 0.0010 3176.3638
246 0.3865 2.9145 2.1495 1.2450 0.8000 1.4498 1.0328 2.9137 2.6188 2.7557 0.6318 1.8406 2.7361 2.4655 1.4007 0.5758 -1.8080 0.3998 1.1920 0.2523 0.9034 -1.7810 0.0034 0.0010 3176.3638
