0 2.5383 1.5052 2.0431 0.4686 2.6084 1.4252 2.3954 1.2041 1.0137 2.4988 2.8410 0.3029 3.0029 0.6854 0.6424 2.3145 2.7188 1.2402 -0.2390 0.0951 2.7610 0.1000 0.9900 0.0000 0.0000 0.0000 0.0000
1 0.8056 1.3997 2.2707 0.9465 0.4067 1.5166 0.6718 0.6014 2.1473 1.5754 2.1587 3.0486 2.5760 3.0300 2.0638 0.1678 1.9670 0.8303 0.7080 0.0692 3.7080 0.1000 0.9900 0.0000 0.0000 0.0000 0.0000
2 0.7096 2.6839 0.1255 1.0295 3.1109 2.7866 1.6865 0.5335 0.7215 2.8700 2.1367 0.5221 1.3800 0.7715 0.7284 1.2766 2.0199 2.4232 -0.8800 0.1948 2.1200 0.1000 0.9900 0.0000 0.0000 0.0000 0.0000
3 2.9890 1.0639 2.7183 0.5954 2.1628 2.6527 0.4087 1.6354 0.6101 2.9036 0.7464 1.0070 0.2757 0.4973 2.5996 0.9365 2.5992 3.1043 0.8020 0.0238 3.8020 0.1000 0.9900 0.0000 0.0000 0.0000 0.0000
4 2.3032 2.9342 2.0576 1.1325 0.5028 0.2161 0.8024 2.8617 2.7614 2.7716 0.3720 1.9017 2.0297 2.5460 3.0465 0.8854 2.3496 1.1209 -0.1620 0.0385 2.8380 0.1000 0.9900 0.0000 0.0000 0.0000 0.0000
5 1.1004 0.3957 0.2098 2.7227 0.7344 1.4897 1.7807 1.5892 0.2027 2.7641 0.6472 0.6037 0.7127 1.6207 1.0154 0.6624 3.1005 2.5183 -0.1580 0.0028 2.8420 0.1000 0.9900 0.0000 0.0000 0.0000 0.0000
6 1.2350 3.0749 0.4952 2.5542 1.8990 2.9401 0.2920 1.4439 2.9156 2.1272 1.8832 2.0390 1.5823 0.9550 3.1110 3.0636 0.3248 2.3590 0.3770 0.0079 3.3770 0.1000 0.9900 0.0000 0.0000 0.0000 0.0000
7 0.2186 0.7000 1.5389 1.2451 1.0106 1.5772 2.8952 0.6438 0.7112 2.6565 2.3523 0.7894 2.1695 2.1353 0.2263 0.6469 3.0350 2.3827 0.3170 0.0041 3.3170 0.1000 0.9900 0.0000 0.0000 0.0000 0.0000
8 1.6187 0.1520 1.0324 0.3942 1.3189 0.5307 0.7242 1.9132 1.8084 0.8500 1.3742 0.2998 1.9798 0.1362 2.7866 0.8331 0.4499 0.6859 -0.5960 0.0298 2.4040 0.1000 0.9900 0.0000 0.0000 0.0000 0.0000
9 2.7548 0.6198 2.5763 0.7413 1.6044 0.2462 1.2829 2.2233 3.0097 1.2216 2.7929 1.7767 2.1137 2.6657 1.6470 1.8828 1.8106 1.0995 0.8710 0.0209 3.8710 0.1000 0.9900 0.0000 0.0000 0.0000 0.0000
10 2.1447 2.7993 2.5231 3.0803 0.5158 2.8755 2.9419 0.2148 2.6611 1.4804 2.3537 2.0686 1.6369 0.7148 0.2035 3.0879 1.7350 0.8541 0.9310 0.0089 3.9310 0.1000 0.9900 0.0000 0.0000 0.0000 0.0000
11 2.2128 0.9376 0.7060 2.5725 2.3263 2.4688 0.7878 0.3997 2.2769 1.7160 0.2131 1.1580 0.7037 1.0821 0.9020 2.5721 1.5128 1.2233 0.0950 0.0236 3.0950 0.1000 0.9900 0.0000 0.0000 0.0000 0.0000
12 2.6077 2.5620 2.5462 1.8424 3.0476 2.5496 1.6408 2.1935 1.5479 2.3699 1.6462 0.2240 0.3376 2.2459 1.0561 0.9498 2.0182 0.3170 0.1080 0.0361 3.1080 0.1000 0.9900 0.0000 0.0000 0.0000 0.0000
13 2.7329 2.5672 2.7816 2.1908 2.2659 2.4480 2.3916 0.4994 2.5311 0.5780 2.0817 0.9602 1.6947 2.5713 0.9478 1.6149 3.1147 0.1659 -0.1350 0.0349 2.8650 0.1000 0.9900 0.0000 0.0000 0.0000 0.0000
14 2.8711 1.3221 0.8486 2.0955 2.3177 0.9384 2.8880 1.4896 0.1351 0.6607 1.9511 0.1105 1.9966 2.1548 1.7598 3.0287 2.4883 0.7113 0.7800 0.0957 3.7800 0.1000 0.9900 0.0000 0.0000 0.0000 0.0000
15 2.8465 2.9493 0.1078 2.3246 0.6551 0.2685 1.3516 2.1539 2.7923 0.2853 1.5068 0.9301 1.4000 1.1159 2.1320 2.1532 0.7677 0.9719 0.5170 0.0091 3.5170 0.1000 0.9900 0.0000 0.0000 0.0000 0.0000
16 2.1521 0.4125 2.4560 2.7293 2.5532 0.2722 0.7058 2.7135 2.2040 0.9188 2.8161 3.0414 3.0216 3.0547 3.0143 1.2784 1.6673 0.4577 1.5820 0.0145 4.5820 0.1000 0.9900 0.0000 0.0000 0.0000 0.0000
17 2.2799 0.2799 2.5534 0.3369 1.8652 0.3944 2.0420 0.4273 1.9356 2.4696 2.8760 0.2470 2.4725 1.7687 2.5181 1.9735 3.1186 1.6307 0.1460 0.0393 3.1460 0.1000 0.9900 0.0000 0.0000 0.0000 0.0000
18 0.8058 1.9336 1.8205 1.2049 3.0498 0.6708 2.4021 0.9228 0.2295 1.9367 1.5284 0.1521 0.2063 0.2909 2.1585 0.8006 1.7379 1.5328 0.5230 0.0085 3.5230 0.1000 0.9900 0.0000 0.0000 0.0000 0.0000
19 1.7060 0.6866 2.7320 1.5037 2.1079 2.5093 0.6875 0.3510 2.6193 1.9503 2.9328 0.2110 1.1857 1.8821 3.0840 2.5683 0.6438 2.6883 0.1150 0.0320 3.1150 0.1000 0.9900 0.0000 0.0000 0.0000 0.0000
20 2.7207 0.7596 2.8433 0.3477 1.2121 2.1397 1.7475 2.1179 0.5628 2.2819 2.8610 2.9395 0.6917 1.0215 3.0506 0.1172 2.1356 1.0876 -0.1710 0.0187 2.8290 0.1000 0.9900 0.0000 0.0000 0.0000 0.0000
21 2.9334 1.4856 2.7530 1.4985 1.7290 0.8107 2.9167 2.4137 2.5949 1.0821 1.6777 1.2593 2.3061 1.2554 1.1792 0.1818 0.1908 1.6612 0.9270 0.0020 3.9270 0.1000 0.9900 0.0000 0.0000 0.0000 0.0000
22 2.3955 1.1331 0.5097 2.6824 1.3992 0.7802 2.8093 0.5800 1.6511 2.3871 2.8958 1.0155 2.0667 3.0602 0.7877 1.5526 0.7575 2.3450 0.1190 0.0556 3.1190 0.1000 0.9900 0.0000 0.0000 0.0000 0.0000
23 2.9164 0.7471 2.4923 0.7429 2.5628 2.6634 0.1366 2.9626 1.6845 2.5633 2.7972 0.1642 0.4261 0.4429 1.2217 0.2543 0.2493 0.8349 -0.5700 0.0605 2.4300 0.1000 0.9900 0.0000 0.0000 0.0000 0.0000
24 1.7308 2.1732 0.8828 0.9694 3.0455 1.4912 0.6051 1.0758 1.0755 2.5975 1.6689 1.2930 0.5723 2.2253 1.3925 0.1176 1.3279 0.2793 -0.3570 0.0244 2.6430 0.1000 0.9900 0.0000 0.0000 0.0000 0.0000
25 1.8297 2.5848 2.5690 0.6507 1.1740 0.5192 1.6812 0.9252 1.0779 0.7770 2.9445 0.1168 2.2237 2.8000 0.3701 2.2037 2.2473 2.2576 0.0720 0.0181 3.0720 0.1000 0.9900 0.0000 0.0000 0.0000 0.0000
26 0.9747 1.9676 1.1139 2.1573 1.5006 1.5702 3.0662 0.9143 1.0697 1.6435 1.3424 2.6683 3.1000 1.8317 0.1132 2.6554 0.2685 0.5506 0.4180 0.1155 3.4180 0.1000 0.9900 0.0000 0.0000 0.0000 0.0000
27 1.6533 1.3845 2.0947 1.0587 1.8539 0.1546 2.3212 3.1317 2.0380 2.8808 2.1559 1.2603 1.9966 0.1775 0.6117 0.2467 2.2501 1.5754 1.4090 0.0050 4.4090 0.1000 0.9900 0.0000 0.0000 0.0000 0.0000
28 0.5424 0.3616 3.0167 2.9676 1.5923 2.2177 1.1269 1.5260 1.7914 3.0884 1.2405 0.1313 3.0295 2.0491 1.6635 2.3751 0.8886 3.0100 -0.5350 0.0374 2.4650 0.1000 0.9900 0.0000 0.0000 0.0000 0.0000
29 1.2257 2.4412 2.3115 0.6968 2.7563 2.4620 2.9818 1.1609 0.3369 2.3367 1.0220 2.3937 2.7846 2.2855 2.3615 1.6689 2.2249 1.7345 -0.7550 0.1170 2.2450 0.1000 0.9900 0.0000 0.0000 0.0000 0.0000
30 1.4825 0.2984 2.1104 1.9639 1.6807 0.2781 1.1142 2.6844 0.5087 2.2983 1.8064 2.7045 0.3670 0.1954 0.9254 0.5345 3.1294 2.0392 0.4310 0.0000 3.4310 0.1000 0.9900 0.0000 0.0000 0.0000 0.0000
31 1.5703 2.3864 1.0843 2.5421 2.2446 1.3115 2.3762 2.0303 1.6716 2.3620 2.9612 0.8091 1.9842 0.5066 0.8106 1.8980 3.1189 3.1046 1.0940 0.0064 4.0940 0.1000 0.9900 0.0000 0.0000 0.0000 0.0000
32 1.4379 0.9854 1.0822 0.4329 2.5514 0.5067 0.5286 0.9926 0.6182 1.1329 1.8856 2.0158 2.5766 0.6276 1.0504 1.3188 1.0295 1.1270 0.2570 0.0477 3.2570 0.1000 0.9900 0.0000 0.0000 0.0000 0.0000
33 0.3842 0.1873 1.3303 1.6887 2.1486 2.9453 0.2392 1.7392 0.2254 3.1087 1.5673 0.2259 0.9518 1.3853 2.6730 0.3683 2.0396 2.8665 0.9730 0.0162 3.9730 0.1000 0.9900 0.0000 0.0000 0.0000 0.0000
34 2.4236 2.5746 1.1449 0.5600 2.7482 1.7152 1.3541 1.2133 2.7734 3.0801 0.2053 0.7805 0.5625 2.4633 1.6375 0.6241 0.9294 1.7171 0.7740 0.0953 3.7740 0.1000 0.9900 0.0000 0.0000 0.0000 0.0000
35 1.9407 2.2980 0.9539 0.6526 0.2786 0.6908 1.2328 1.3921 0.7361 2.2203 0.8863 1.9486 3.1010 0.8562 2.6817 2.5478 1.4688 0.5653 -0.3750 0.0500 2.6250 0.1000 0.9900 0.0000 0.0000 0.0000 0.0000
36 0.7704 2.5311 0.7024 1.6046 2.1026 0.7628 2.3359 0.5670 0.5402 1.3708 0.7248 1.2764 1.6289 1.3752 0.4304 1.4573 0.4982 0.9492 0.9220 0.0191 3.9220 0.1000 0.9900 0.0000 0.0000 0.0000 0.0000
37 0.3625 1.8528 0.5042 1.9795 2.4327 2.4712 1.5074 2.2703 1.3769 2.2421 1.5391 0.6521 0.2305 1.2095 2.0657 1.7287 2.4064 2.2736 0.5840 0.0321 3.5840 0.1000 0.9900 0.0000 0.0000 0.0000 0.0000
38 2.2942 2.3412 1.9864 0.2095 1.7552 1.5704 3.0598 2.7466 0.5797 2.3839 1.0719 2.5347 0.8890 1.1221 0.6190 0.2207 0.3527 3.0154 -0.1280 0.1103 2.8720 0.1000 0.9900 0.0000 0.0000 0.0000 0.0000
39 3.0526 1.7856 3.0153 2.5543 2.6695 2.2386 0.4230 0.8271 1.1125 2.6722 0.5329 0.6070 2.4292 1.0163 2.0555 1.9116 1.7974 1.8338 -0.1580 0.0167 2.8420 0.1000 0.9900 0.0000 0.0000 0.0000 0.0000
40 2.7870 0.5381 0.5208 1.2454 1.0621 1.4200 0.5081 1.5067 0.7838 1.2662 1.4085 0.5617 0.2310 1.7794 0.5258 0.2603 2.7151 1.2093 0.5700 0.0175 3.5700 0.1000 0.9900 0.0000 0.0000 0.0000 0.0000
41 1.3994 2.3786 2.7889 2.2935 1.5606 2.3009 1.7130 1.6058 0.6909 1.6757 2.9417 1.6907 1.6048 0.4852 0.8424 2.5717 0.9621 2.2325 0.0000 0.0629 3.0000 0.1000 0.9900 0.0000 0.0000 0.0000 0.0000
42 0.8276 2.8333 0.7674 0.2916 0.2284 1.3020 1.4827 1.7150 2.3251 1.7167 1.4156 2.2775 0.9049 2.9637 0.9030 0.5995 2.3062 1.2057 0.6140 0.0896 3.6140 0.1000 0.9900 0.0000 0.0000 0.0000 0.0000
43 2.6364 1.5845 1.9564 2.9490 2.4006 1.6276 1.5106 2.5325 2.7210 2.1505 1.4977 1.6995 0.9278 0.6575 0.8757 2.5135 1.9700 0.2522 -0.3380 0.1442 2.6620 0.1000 0.9900 0.0000 0.0000 0.0000 0.0000
44 0.2544 1.1261 2.1589 0.8377 1.3659 0.8293 2.0780 2.6349 1.6994 2.8462 1.7097 1.2617 1.4818 0.8181 3.0562 2.5092 2.9484 2.5444 -0.3650 0.1541 2.6350 0.1000 0.9900 0.0000 0.0000 0.0000 0.0000
45 3.0621 2.8346 1.8596 0.6349 1.4670 0.6190 0.8814 0.8377 1.7960 0.6945 1.7007 0.1148 1.1471 1.1754 3.0119 2.6930 2.4009 2.1349 -0.0220 0.0635 2.9780 0.1000 0.9900 0.0000 0.0000 0.0000 0.0000
46 0.5779 0.9924 0.3026 0.6838 2.9997 2.1194 2.7889 2.6123 0.8203 0.4304 1.0410 1.0617 1.4981 2.5316 1.7352 1.0601 0.4928 1.6564 1.3470 0.0119 4.3470 0.1000 0.9900 0.0000 0.0000 0.0000 0.0000
47 2.6679 0.4595 2.0537 2.3275 1.1064 0.1992 0.3610 1.2767 0.4188 1.0376 0.1406 1.4130 2.1683 1.3784 0.7884 3.0787 2.8545 2.6432 -0.3960 0.0525 2.6040 0.1000 0.9900 0.0000 0.0000 0.0000 0.0000
48 2.7363 2.1242 2.4500 1.2261 2.8212 1.0892 2.6391 2.0866 2.1182 0.4863 2.2745 1.5355 0.4734 1.4623 2.2836 2.5747 0.1878 1.6626 -0.0490 0.0328 2.9510 0.1000 0.9900 0.0000 0.0000 0.0000 0.0000
49 1.2352 0.6854 1.7504 2.1616 2.8105 0.5164 0.3136 2.8892 0.2921 2.9213 0.8484 3.1011 1.0825 0.3737 1.2837 2.3018 1.9669 0.3279 0.3520 0.0579 3.3520 0.1000 0.9900 0.0000 0.0000 0.0000 0.0000
50 2.1780 0.3042 2.6782 2.2740 1.6012 1.2418 0.8955 0.4009 2.2474 1.4159 1.7082 1.8218 0.8429 2.0213 2.2994 2.0175 0.7146 1.3654 0.5380 0.0166 3.5380 0.1000 0.9900 0.0000 0.0000 0.0000 0.0000
51 1.6294 0.2905 0.7594 0.3901 1.3399 0.6338 1.2548 1.8872 1.5116 1.5741 2.0237 0.8513 1.5052 2.5976 2.3815 1.1376 1.7525 1.0676 -0.4250 0.0410 2.5750 0.1000 0.9900 0.0000 0.0000 0.0000 0.0000
52 0.4921 1.8012 2.1180 0.6217 1.1127 2.9500 0.9564 3.1346 1.8778 0.6467 1.9751 3.0870 2.3713 0.1849 0.4623 1.8569 0.4948 1.9317 0.6800 0.0380 3.6800 0.1000 0.9900 0.0000 0.0000 0.0000 0.0000
53 0.7931 2.0748 0.8231 2.7116 2.9672 0.1543 0.3455 1.2544 0.9208 2.2491 0.5099 1.1973 1.0512 0.7876 1.9137 1.8411 0.3487 0.1173 -0.1440 0.0822 2.8560 0.1000 0.9900 0.0000 0.0000 0.0000 0.0000
54 2.7489 1.1363 2.3253 2.1834 0.7423 0.8547 2.2285 0.8632 0.9594 1.9905 2.2677 2.7107 1.3087 3.0565 0.6544 0.7747 2.2070 2.6412 0.9710 0.0023 3.9710 0.1000 0.9900 0.0000 0.0000 0.0000 0.0000
55 0.6995 2.5605 0.7822 0.1426 2.1145 0.9687 2.5367 0.3054 0.5469 1.5761 1.0791 1.9126 2.4181 1.3706 1.6998 2.7705 2.9409 0.3659 1.8930 0.0464 4.8930 0.1000 0.9900 0.0000 0.0000 0.0000 0.0000
56 0.9037 1.1237 1.9832 0.5160 1.0359 0.4582 2.4679 2.2719 0.6413 0.9839 1.7537 1.6495 1.6961 2.3185 0.4937 1.5518 2.2167 2.2468 0.3510 0.0091 3.3510 0.1000 0.9900 0.0000 0.0000 0.0000 0.0000
57 1.4842 2.2516 1.2872 1.1387 1.6656 0.7747 1.5971 2.5449 0.4444 0.5158 2.0958 0.2454 1.5734 1.7563 0.5765 0.9365 1.0623 1.1432 0.5490 0.0105 3.5490 0.1000 0.9900 0.0000 0.0000 0.0000 0.0000
58 1.4896 2.4816 0.9362 0.9940 2.9357 1.2332 0.7145 2.4840 0.9848 1.3289 1.4875 0.4834 1.4040 0.2805 1.1658 2.2910 0.4876 2.2256 0.2350 0.0538 3.2350 0.1000 0.9900 0.0000 0.0000 0.0000 0.0000
59 2.6286 0.9592 2.6799 2.2238 0.5695 2.3729 1.3959 1.6788 1.4186 2.4393 1.7621 0.8353 0.2340 2.1736 1.1290 0.2625 1.5974 2.3161 0.3380 0.0204 3.3380 0.1000 0.9900 0.0000 0.0000 0.0000 0.0000
60 1.4666 1.0490 1.9647 0.1870 1.3644 1.1575 1.1262 0.6687 1.8133 2.7134 1.9301 2.2350 1.1701 1.4831 2.6971 2.5963 0.6183 0.6003 0.3810 0.0259 3.3810 0.1000 0.9900 0.0000 0.0000 0.0000 0.0000
61 1.5057 0.3338 0.7390 0.1948 2.7296 2.6328 2.9233 0.8408 2.7475 0.2228 1.3718 1.2849 2.2250 1.5714 0.2848 2.2345 1.8527 0.1823 0.3690 0.1241 3.3690 0.1000 0.9900 0.0000 0.0000 0.0000 0.0000
62 3.0878 1.3907 0.9735 2.0084 0.9400 1.2729 2.1971 2.5757 1.5953 0.5897 1.6231 1.2407 0.3435 0.8091 1.2013 2.3575 0.2496 2.3852 0.2290 0.0491 3.2290 0.1000 0.9900 0.0000 0.0000 0.0000 0.0000
63 2.0509 0.2817 3.1127 2.4881 0.9235 0.7541 2.4513 1.8559 2.0108 0.2031 1.5700 1.8807 1.4861 1.7660 1.1085 1.0611 1.8506 0.3025 0.5290 0.0731 3.5290 0.1000 0.9900 0.0000 0.0000 0.0000 0.0000
64 0.4709 1.0506 1.0722 1.2600 1.9974 2.7571 2.2406 0.9990 0.9429 0.4182 0.3378 0.8595 2.7097 1.5409 2.5755 1.3868 2.7943 2.8900 0.0130 0.0376 3.0130 0.1000 0.9900 0.0000 0.0000 0.0000 0.0000
65 1.9584 1.2657 2.2641 0.1093 0.6542 2.7263 0.8786 2.4513 1.8052 1.0369 0.1274 2.2305 2.2325 2.3203 1.5316 0.1403 2.0383 2.2564 -0.3070 0.0033 2.6930 0.1000 0.9900 0.0000 0.0000 0.0000 0.0000
66 0.8458 3.0811 1.3265 1.7761 1.7864 1.5830 2.0811 2.8377 1.4063 1.5915 3.1130 2.5016 2.3840 2.1264 1.8102 2.3937 2.2494 1.9404 0.6410 0.0217 3.6410 0.1000 0.9900 0.0000 0.0000 0.0000 0.0000
67 1.6320 1.0950 1.4301 2.6529 2.9397 0.4120 2.0614 0.1884 0.7343 2.3338 2.5941 1.1696 1.9696 1.2944 1.4438 0.5711 0.1946 0.7316 -0.1730 0.0931 2.8270 0.1000 0.9900 0.0000 0.0000 0.0000 0.0000
68 1.7106 2.4212 1.8579 0.7593 2.6676 1.8082 2.8156 1.4304 1.4427 0.8132 0.4989 1.3652 2.3495 2.9393 3.0795 2.6597 1.5766 1.3297 0.8900 0.0523 3.8900 0.1000 0.9900 0.0000 0.0000 0.0000 0.0000
69 1.4277 2.7611 2.8753 0.1221 0.1353 1.7304 1.1174 2.7458 2.3641 1.1882 1.9535 0.8286 0.3674 0.6345 1.8429 2.9272 0.1909 1.7857 -0.4060 0.0303 2.5940 0.1000 0.9900 0.0000 0.0000 0.0000 0.0000
70 2.7495 1.1459 1.1987 2.8971 1.4196 2.5574 2.8815 2.6458 0.2895 0.2994 0.2753 1.1881 0.8403 2.1768 2.0691 0.1389 0.6753 0.2677 0.3040 0.0672 3.3040 0.1000 0.9900 0.0000 0.0000 0.0000 0.0000
71 2.1624 2.7526 1.4866 0.7430 1.2037 1.3068 0.6397 1.2074 1.5248 1.9664 2.8477 1.7123 2.8176 0.5626 1.1295 0.4797 2.5916 0.5737 0.0360 0.0737 3.0360 0.1000 0.9900 0.0000 0.0000 0.0000 0.0000
72 1.7709 0.7654 1.9302 2.5056 0.7348 0.1829 0.5934 1.3298 2.8837 2.1421 1.7998 2.6396 1.4868 1.4920 0.5077 2.3162 0.3794 3.0233 -0.4770 0.0187 2.5230 0.1000 0.9900 0.0000 0.0000 0.0000 0.0000
73 1.7675 2.3126 1.0720 0.4963 2.0718 1.6129 0.3065 2.9233 3.1168 3.1004 0.7982 2.2931 0.8556 2.9645 0.8938 1.1443 1.1395 2.1075 0.5540 0.0082 3.5540 0.1000 0.9900 0.0000 0.0000 0.0000 0.0000
74 0.9992 3.0455 2.2512 2.1480 2.0442 3.0466 1.3590 2.0711 1.0290 0.3543 2.3483 1.4911 0.9109 1.3753 0.4783 0.5967 3.0280 2.9056 -0.4290 0.0627 2.5710 0.1000 0.9900 -0.8800 0.0000 0.0000 44.3766
75 1.6020 1.6739 2.8764 0.3882 2.8383 2.8829 1.5498 0.9835 0.2840 2.2562 1.6472 2.0383 2.6186 1.5050 1.9461 1.5239 3.1033 2.5655 -0.0040 0.0122 2.9960 0.1000 0.9900 -0.8800 1.6735 0.0000 45.4962
76 1.2413 2.4012 2.3596 0.6842 2.7667 2.5066 2.9153 1.1531 0.3144 2.3644 1.0606 2.3950 2.7866 2.2412 2.3344 1.6361 2.2748 1.7942 -0.9480 0.1220 2.0520 0.1863 0.9900 -0.8800 0.0507 0.0009 58.0929
77 1.6150 0.2270 0.7534 0.3451 1.3035 0.5980 1.1141 1.8757 1.5416 1.4934 1.9020 0.7094 1.5903 2.1470 2.5332 1.0691 1.5280 0.9831 -0.0010 0.0637 2.9990 0.2580 0.9564 -0.9480 0.0582 0.0010 67.9821
78 1.2510 2.3767 2.3897 0.6766 2.7733 2.5347 2.8748 1.1485 0.3002 2.3822 1.0842 2.3961 2.7881 2.2140 2.3179 1.6154 2.3053 1.8315 -0.9640 0.0982 2.0360 0.2628 0.9569 -0.9480 0.0121 0.0008 80.1992
79 1.2547 2.3679 2.4019 0.6741 2.7762 2.5465 2.8604 1.1470 0.2942 2.3903 1.0929 2.3971 2.7893 2.2041 2.3121 1.6066 2.3164 1.8461 -0.9740 0.0854 2.0260 0.2982 0.9189 -0.9640 0.0128 0.0009 92.2512
80 1.2572 2.3623 2.4108 0.6725 2.7784 2.5553 2.8514 1.1461 0.2897 2.3967 1.0984 2.3982 2.7906 2.1977 2.3086 1.6002 2.3236 1.8562 -0.8880 0.0760 2.1120 0.3170 0.8871 -0.9740 0.0141 0.0010 105.5615
81 2.8244 1.6373 2.0544 3.0181 2.7151 1.9450 1.0859 2.3122 2.5849 2.3200 1.2737 1.4046 0.8435 0.5864 0.9221 2.5703 1.8511 0.1349 -0.7200 0.2307 2.2800 0.3006 0.8621 -0.9740 0.1360 0.0010 118.0164
82 0.9431 0.6067 3.0796 2.8880 1.6906 2.1383 0.9712 1.3782 1.6996 3.0541 1.0726 0.2629 3.0461 1.7928 1.6408 2.5510 1.0122 2.8695 -0.0760 0.1653 2.9240 0.3459 0.8648 -0.9740 0.1002 0.0009 129.2215
83 2.9548 1.6082 2.1533 3.0387 2.7702 2.0054 0.9783 2.5082 2.6719 2.3740 1.4059 1.3697 0.6849 0.3934 0.8835 2.6462 1.7281 0.1000 -0.2630 0.0591 2.7370 0.3434 0.8664 -0.9740 0.1156 0.0010 141.9952
84 1.2502 2.3558 2.3701 0.6635 2.7654 2.5038 2.8370 1.1396 0.3138 2.3421 1.1018 2.3824 2.7693 2.1971 2.2976 1.6382 2.3310 1.8232 -0.8660 0.1073 2.1340 0.3216 0.8665 -0.9740 0.0209 0.0010 152.0434
85 0.7227 2.7475 0.1000 0.9689 3.1416 2.9089 1.6449 0.4234 0.6745 2.9478 2.1830 0.5075 1.4089 0.7564 0.6630 1.2296 2.0028 2.4331 -0.7530 0.1377 2.2470 0.3518 0.8519 -0.9740 0.0364 0.0010 165.7942
86 1.2563 2.3970 2.4345 0.6907 2.7897 2.5959 2.9119 1.1583 0.2707 2.4519 1.0695 2.4188 2.8183 2.2257 2.3405 1.5717 2.2841 1.8620 -1.1210 0.0685 1.8790 0.3750 0.8407 -0.9740 0.0127 0.0009 177.8784
87 2.5066 0.4387 2.0678 2.5586 0.8107 0.1513 0.1000 1.2389 1.0040 1.4869 0.1000 1.5096 2.2788 1.1086 0.7693 3.1416 2.2290 2.9991 0.0670 0.1356 3.0670 0.3874 0.8294 -1.1210 0.1038 0.0009 193.7359
88 1.2626 2.4232 2.4908 0.7068 2.8110 2.6730 2.9582 1.1694 0.2325 2.5394 1.0509 2.4479 2.8569 2.2398 2.3689 1.5180 2.2594 1.9001 -0.8090 0.0358 2.1910 0.3873 0.8306 -1.1210 0.0168 0.0010 207.7004
89 1.2716 2.3634 2.4207 0.7553 2.7516 2.5700 2.9102 1.2016 0.3280 2.4474 1.0734 2.3812 2.7837 2.2383 2.3294 1.5347 2.2088 1.8701 -0.6240 0.1015 2.3760 0.2914 0.8060 -1.1210 0.0213 0.0009 224.3637
90 2.7068 1.6641 1.9638 3.0045 2.6625 1.8847 1.1912 2.1425 2.5137 2.2702 1.1560 1.4434 0.9890 0.7594 0.9540 2.5040 1.9684 0.1632 -0.8270 0.2689 2.1730 0.2301 0.8083 -1.1210 0.0442 0.0009 235.7932
91 1.6449 0.6874 1.8705 2.7260 0.5615 0.1000 0.3415 1.3408 3.1130 2.3228 1.7480 2.7682 1.5250 1.3309 0.2448 2.5551 0.1235 3.1416 0.5360 0.0795 3.5360 0.2658 0.8106 -1.1210 0.1873 0.0009 253.9405
92 2.6743 1.6283 1.9969 2.8603 2.6117 1.9183 1.1494 2.1596 2.4231 2.2480 1.2897 1.3958 0.9077 0.7264 0.9770 2.4674 1.8110 0.2566 -0.7600 0.1935 2.2400 0.2293 0.8098 -1.1210 0.0980 0.0009 273.7712
93 1.2305 2.4480 2.4184 0.6161 2.8258 2.5911 2.9316 1.1080 0.2208 2.4266 1.0525 2.4560 2.8500 2.2264 2.3588 1.6410 2.3574 1.8192 -0.7440 0.0239 2.2560 0.2467 0.8070 -1.1210 0.0152 0.0010 286.3081
94 2.6789 1.5960 1.9244 2.9232 2.5918 1.8336 1.1450 2.2531 2.5539 2.2664 1.2318 1.4676 0.9280 0.6024 0.9460 2.4663 1.9645 0.1470 -0.7380 0.2252 2.2620 0.1862 0.7897 -1.1210 0.0587 0.0010 303.3438
95 1.6233 0.3104 0.7043 0.4038 1.3649 0.6579 1.3729 1.8952 1.4603 1.6755 2.1382 0.9501 1.4116 3.0509 2.2911 1.1849 1.9707 1.1347 -0.4160 0.1524 2.5840 0.1952 0.7860 -1.1210 0.0755 0.0009 316.1718
96 2.7541 1.6352 2.0813 3.0186 2.6645 1.8264 1.1918 2.2588 2.5753 2.2523 1.1863 1.4064 0.9234 0.7763 1.0026 2.5476 1.9126 0.3447 -0.5860 0.2518 2.4140 0.2027 0.7901 -1.1210 0.0531 0.0010 333.4091
97 2.7328 1.7155 1.9128 2.9921 2.6789 2.0287 1.2159 2.1238 2.4569 2.3031 1.3076 1.4965 0.9643 0.6866 0.8404 2.5199 1.8763 0.1000 -0.4530 0.1161 2.5470 0.2084 0.7905 -1.1210 0.0258 0.0010 347.5977
98 2.7033 1.5992 2.0178 2.9187 2.6728 1.8682 1.0313 2.1448 2.4798 2.2766 1.0997 1.3212 0.9219 0.7128 1.0482 2.4703 1.9170 0.1000 -0.2950 0.1904 2.7050 0.2001 0.7916 -1.1210 0.0150 0.0010 362.6392
99 1.9327 1.2487 2.4732 0.1146 0.6280 3.1068 0.7998 2.5572 1.7815 0.7115 0.1517 2.2011 2.2293 2.2815 1.5696 0.1388 2.0129 2.6168 0.0620 0.0080 3.0620 0.1801 0.7940 -1.1210 0.2554 0.0010 376.2314
100 0.6639 2.6787 0.1000 0.9332 3.1416 2.6764 1.7723 0.4627 0.7211 2.8559 2.1102 0.5078 1.4545 0.7534 0.6629 1.2970 1.9986 2.4427 -0.6410 0.1315 2.3590 0.1801 0.7943 -1.1210 1.6842 0.2980 378.6467
101 1.6830 0.4903 0.9310 0.5389 1.3992 0.7584 1.4014 1.8796 1.5484 1.5174 2.0428 1.0650 1.4806 2.7448 2.0976 1.2158 1.8629 1.1717 1.1380 0.0669 4.1380 0.1831 0.7930 -1.1210 0.1393 0.0010 392.0416
102 0.8578 3.0203 2.0209 2.1942 2.0830 2.9268 1.1356 1.8527 1.0242 0.4510 2.3170 1.5443 0.9974 1.4621 0.3990 0.6326 3.0263 2.9194 -1.1000 0.0534 1.9000 0.1579 0.8011 -1.1210 1.6886 0.0382 393.8249
103 0.8731 0.2791 0.2443 3.0977 0.3914 1.3012 1.6538 1.3674 0.1000 2.9012 0.3221 0.6449 0.8586 1.7864 0.9017 0.6765 3.1416 2.4346 0.9710 0.0809 3.9710 0.1609 0.8140 -1.1210 1.7195 0.0058 395.8426
104 0.4308 0.2762 3.0181 2.8364 1.4184 2.3207 1.1291 1.7154 1.7462 3.0093 1.2787 0.2032 3.0046 2.1611 1.6510 2.2588 0.8753 3.0561 0.1470 0.0487 3.1470 0.1590 0.8123 -1.1210 1.6798 0.0609 397.7021
105 1.5756 0.1034 1.0301 0.3960 1.3438 0.5506 0.6115 1.8896 1.8673 0.7528 1.3120 0.1992 1.9793 0.1000 2.9484 0.7593 0.2421 0.6534 0.6730 0.0856 3.6730 0.1556 0.8137 -1.1210 1.7044 0.0804 400.0504
106 2.4494 1.6149 2.1212 0.4260 2.6660 1.7566 2.4765 1.1345 0.9093 2.5979 2.6903 0.5192 3.1007 0.8667 0.7990 2.2381 2.6746 1.3575 -0.0150 0.0139 2.9850 0.1399 0.8187 -1.1210 1.7025 0.0126 401.8046
107 0.6852 2.7362 0.1296 1.0363 3.1219 2.8153 1.6513 0.5630 0.7458 2.9412 2.1925 0.4270 1.4212 0.7966 0.7694 1.2447 2.0226 2.3945 -0.4040 0.1253 2.5960 0.1402 0.8193 -1.1210 1.6969 0.2994 403.6408
108 0.8764 3.0204 2.0238 2.1763 2.0784 2.9100 1.1426 1.8593 1.0281 0.4590 2.3086 1.5412 0.9978 1.4587 0.4024 0.6341 3.0190 2.9178 -1.0110 0.0608 1.9890 0.1360 0.8213 -1.1210 1.7222 0.7493 405.5026
109 0.8307 3.0205 2.0187 2.2211 2.0897 2.9538 1.1271 1.8448 1.0183 0.4377 2.3303 1.5483 0.9958 1.4663 0.3946 0.6299 3.0375 2.9218 -1.0110 0.0409 1.9890 0.1373 0.8133 -1.1210 1.6680 0.7472 407.2635
110 2.6978 1.6425 1.9992 2.9565 2.5992 1.8484 1.2579 2.2448 2.5317 2.2362 1.2912 1.4795 0.9386 0.7430 0.9434 2.5103 1.8933 0.1750 -1.0050 0.2925 1.9950 0.1389 0.8052 -1.1210 1.7111 0.3044 409.1074
111 1.2474 2.4073 2.4209 0.6854 2.7856 2.5833 2.9237 1.1478 0.2677 2.4547 1.0605 2.4239 2.8215 2.2232 2.3428 1.5818 2.2887 1.8424 -1.0370 0.0731 1.9630 0.1416 0.8018 -1.1210 1.6936 0.6023 411.2688
112 2.7027 1.6070 1.9595 2.9482 2.6348 1.8318 1.2521 2.2373 2.5354 2.2371 1.3008 1.5208 0.9386 0.7937 0.9399 2.4595 1.9042 0.1935 -1.0290 0.2940 1.9710 0.1453 0.7989 -1.1210 1.6493 0.3919 413.7801
113 0.8416 3.0159 1.9817 2.1940 2.0877 2.8979 1.0995 1.8173 1.0251 0.4717 2.3076 1.5522 1.0128 1.4758 0.3866 0.6396 3.0226 2.9211 -0.9700 0.0627 2.0300 0.1490 0.7969 -1.1210 1.6736 0.4778 415.6880
114 1.2616 2.4065 2.4386 0.6767 2.8097 2.6019 2.9132 1.1663 0.2698 2.4156 1.0710 2.4184 2.8197 2.2495 2.3510 1.5929 2.2848 1.8670 -1.0750 0.0619 1.9250 0.1519 0.7949 -1.1210 1.6728 0.4706 417.6097
115 1.4883 2.6929 2.8204 0.1831 0.2037 1.8816 1.2370 2.6646 2.1410 1.1065 1.9959 0.8740 0.4404 0.8045 2.0824 2.9651 0.2378 1.6104 -0.3270 0.0656 2.6730 0.1542 0.7923 -1.1210 1.6885 0.0232 419.4321
116 2.6604 1.6309 1.9610 2.9382 2.5817 1.8141 1.2986 2.2133 2.5168 2.2148 1.2849 1.5150 0.9726 0.8057 0.9498 2.4704 1.9210 0.1941 -0.9710 0.2752 2.0290 0.1555 0.7957 -1.1210 1.7186 0.3913 421.4974
117 2.7258 1.5919 1.9839 2.9266 2.6352 1.8219 1.2726 2.2190 2.5703 2.2316 1.3393 1.4859 0.9067 0.7915 0.9302 2.5035 1.9219 0.1589 -0.9300 0.2794 2.0700 0.1594 0.7965 -1.1210 1.6850 0.3674 423.9434
118 1.2412 2.3866 2.4351 0.6811 2.8156 2.5911 2.9262 1.1618 0.2664 2.4104 1.0802 2.4455 2.8243 2.2550 2.3275 1.5758 2.2878 1.8590 -0.9920 0.0576 2.0080 0.1626 0.7975 -1.1210 1.7318 0.3948 426.3471
119 2.6956 1.6316 1.9844 2.9824 2.6222 1.8369 1.2475 2.3038 2.5174 2.2365 1.2872 1.5441 0.9497 0.7851 0.9549 2.4485 1.8540 0.1621 -0.9220 0.3042 2.0780 0.1656 0.7988 -1.1210 1.7223 0.3488 428.2567
120 0.7590 2.6499 0.1190 1.0296 3.1000 2.8397 1.6819 0.4784 0.6741 2.8225 2.0987 0.6329 1.3180 0.7421 0.6760 1.2883 2.0170 2.4544 -0.8900 0.1896 2.1100 0.1685 0.8007 -1.1210 1.7437 0.3318 430.0463
121 2.6696 1.6000 1.9610 2.9269 2.6344 1.8834 1.2981 2.2471 2.5451 2.2644 1.2762 1.5163 0.9432 0.7529 0.9287 2.4747 1.9115 0.2445 -0.9820 0.2728 2.0180 0.1715 0.8027 -1.1210 1.7012 0.2914 431.9066
122 2.7461 1.6239 1.9371 2.9319 2.5818 1.8347 1.2377 2.2363 2.5219 2.2561 1.3053 1.5293 0.9788 0.7725 0.9268 2.5017 1.9083 0.2445 -0.9160 0.2594 2.0840 0.1753 0.8055 -1.1210 1.7152 0.2776 433.8817
123 1.5564 3.0199 3.1416 0.1001 0.1000 1.8559 1.1233 2.8537 2.3473 1.2717 1.8675 0.7136 0.3952 0.5359 2.1674 3.1171 0.2531 1.7736 0.2040 0.0102 3.2040 0.1789 0.8094 -1.1210 1.7211 0.0184 436.0565
124 1.6491 2.2496 0.7357 1.0150 3.1416 1.5426 0.2914 0.9087 0.7759 2.7696 1.9479 1.4206 0.4558 2.2376 1.3697 0.1000 1.3130 0.1000 -0.0670 0.0495 2.9330 0.1776 0.8074 -1.1210 1.7222 0.0123 438.2920
125 1.2802 2.4285 2.4343 0.6717 2.7940 2.6047 2.8969 1.1632 0.2734 2.4306 1.0585 2.3874 2.8133 2.2315 2.3737 1.6127 2.2872 1.8666 -0.9650 0.0694 2.0350 0.1774 0.8070 -1.1210 1.7252 0.3466 440.3391
126 3.0221 0.7248 2.5123 0.6168 2.6523 2.8126 0.1000 3.0309 1.6619 2.6414 2.9786 0.1214 0.3847 0.3148 1.2080 0.2699 0.1024 0.5964 0.3150 0.0678 3.3150 0.1805 0.8107 -1.1210 1.7005 0.0401 442.8485
127 0.7267 2.6675 0.1592 0.9408 3.1051 2.8500 1.6563 0.5596 0.6768 2.8419 2.0472 0.6750 1.3947 0.7950 0.6884 1.2352 1.9953 2.4571 -0.8440 0.1438 2.1560 0.1760 0.8084 -1.1210 0.0504 0.0010 460.7127
128 1.7826 2.0537 1.0557 0.9402 3.0602 1.4009 0.9311 1.2695 1.3304 2.3442 1.3999 1.1797 0.7100 2.1843 1.3995 0.1000 1.3754 0.2750 0.0180 0.1086 3.0180 0.1795 0.8132 -1.1210 1.7542 0.0124 462.8135
129 2.7585 0.4691 2.0480 2.2032 1.2669 0.2222 0.4981 1.2961 0.1000 0.7914 0.1569 1.3606 2.1106 1.5240 0.7969 3.0496 3.1416 2.4532 0.0590 0.0463 3.0590 0.1790 0.8118 -1.1210 1.7310 0.0160 464.8147
130 2.6439 1.6445 1.9695 2.9909 2.6468 1.8332 1.2636 2.2125 2.5369 2.2011 1.3147 1.5014 0.9072 0.7478 0.9246 2.4437 1.9180 0.2292 -0.8300 0.2599 2.1700 0.1781 0.8101 -1.1210 1.7160 0.2756 466.8688
131 2.6961 1.5793 1.9802 2.8955 2.6116 1.8749 1.3009 2.2551 2.5374 2.2770 1.2391 1.5019 0.9706 0.8076 0.9642 2.4952 1.8983 0.1540 -0.8390 0.2991 2.1610 0.1803 0.8150 -1.1210 1.7120 0.2974 469.0504
132 0.8407 2.9970 2.0094 2.2402 2.0797 2.9199 1.1776 1.8920 1.0313 0.4770 2.3370 1.5236 0.9987 1.4447 0.4299 0.6642 3.0347 2.9105 -0.8700 0.0478 2.1300 0.1803 0.8177 -1.1210 1.7128 0.2911 471.3788
133 0.8774 3.0476 2.0532 2.1522 2.0859 2.9566 1.1074 1.8271 1.0145 0.4086 2.3041 1.5633 0.9874 1.4746 0.3713 0.5943 3.0223 2.9287 -1.1270 0.0443 1.8730 0.1822 0.8220 -1.1210 1.6943 0.3612 473.4493
134 2.6832 1.6412 2.0233 2.9096 2.6621 1.7909 1.2651 2.2397 2.4978 2.2895 1.3244 1.5370 0.9822 0.7437 0.9461 2.4943 1.9236 0.1973 -0.9960 0.3234 2.0040 0.1868 0.8286 -1.1270 0.0094 0.0010 491.8258
135 1.2471 2.3542 2.4465 0.6800 2.8098 2.5979 2.9130 1.1205 0.3046 2.4205 1.0341 2.4125 2.8484 2.2318 2.3666 1.5813 2.2979 1.8379 -1.0460 0.0857 1.9540 0.1906 0.8338 -1.1270 1.7520 0.2027 494.9340
136 2.6841 1.5615 2.0144 2.9503 2.6499 1.8298 1.2603 2.2228 2.5080 2.2152 1.3342 1.5486 1.0179 0.7287 0.9696 2.5212 1.9020 0.1985 -1.0180 0.3679 1.9820 0.1943 0.8389 -1.1270 1.7599 0.1907 497.3739
137 0.8811 3.0541 2.0585 2.1418 2.0869 2.9621 1.0979 1.8184 1.0121 0.3995 2.3003 1.5686 0.9860 1.4786 0.3635 0.5852 3.0211 2.9311 -1.0610 0.0420 1.9390 0.1983 0.8448 -1.1270 0.0068 0.0008 512.3022
138 1.2772 2.4000 2.4231 0.6844 2.8388 2.6083 2.9210 1.0948 0.3063 2.4153 1.0589 2.4004 2.8426 2.2267 2.3170 1.5693 2.2839 1.8383 -1.0990 0.0579 1.9010 0.1998 0.8483 -1.1270 0.0179 0.0010 540.0985
139 0.8733 3.0219 2.0632 2.1482 2.0803 2.9642 1.1082 1.8142 1.0107 0.4050 2.3118 1.5739 0.9975 1.4901 0.3872 0.5988 2.9903 2.8974 -0.9340 0.0350 2.0660 0.2032 0.8543 -1.1270 0.0209 0.0010 556.7652
140 1.2890 2.4072 2.4282 0.6947 2.8433 2.5963 2.9160 1.0835 0.3221 2.4122 1.0488 2.4274 2.8230 2.2311 2.3309 1.5641 2.2973 1.8473 -1.1370 0.0513 1.8630 0.2039 0.8599 -1.1270 1.7503 0.2537 559.6865
141 2.6406 1.5701 1.9943 2.9729 2.6254 1.8325 1.2443 2.2564 2.4717 2.2817 1.3687 1.5399 0.9744 0.7763 0.9827 2.5502 1.9475 0.1999 -1.2240 0.3866 1.7760 0.2070 0.8663 -1.1370 0.0146 0.0010 580.4304
142 1.3189 2.4354 2.4600 0.6866 2.8652 2.5823 2.9162 1.0131 0.3820 2.3595 1.0173 2.4466 2.8110 2.2355 2.3176 1.5263 2.3126 1.8583 -0.8510 0.0399 2.1490 0.2084 0.8729 -1.2240 0.0190 0.0009 599.2435
143 2.6208 1.5581 1.9904 2.9873 2.6191 1.8364 1.2365 2.2665 2.4544 2.2992 1.3888 1.5426 0.9688 0.7893 0.9943 2.5698 1.9644 0.2010 -1.2350 0.3960 1.7650 0.2074 0.8748 -1.2240 0.0072 0.0009 614.6871
144 0.8843 3.1145 2.0199 2.1601 2.1019 2.9333 1.0933 1.8488 1.0232 0.4194 2.2815 1.5399 0.9649 1.4395 0.3251 0.5813 3.1033 3.0098 -1.2160 0.0843 1.7840 0.2112 0.8818 -1.2350 0.0096 0.0010 630.3254
145 0.8858 3.1326 2.0125 2.1573 2.1065 2.9299 1.0824 1.8464 1.0238 0.4180 2.2741 1.5382 0.9601 1.4349 0.3097 0.5740 3.1208 3.0294 -1.0910 0.0931 1.9090 0.2168 0.8922 -1.2350 0.0128 0.0009 644.6590
146 0.8984 3.0767 2.0237 2.1350 2.1184 2.9647 1.1293 1.8274 1.0268 0.4393 2.3077 1.5308 0.9830 1.4309 0.3396 0.6033 3.1062 2.9988 -1.2350 0.0865 1.7650 0.2162 0.8931 -1.2350 0.0256 0.0009 671.2699
147 1.6676 0.2059 1.0351 0.3915 1.2899 0.5075 0.8506 1.9403 1.7424 0.9586 1.4432 0.4119 1.9815 0.1713 2.6049 0.9160 0.6826 0.7215 0.9940 0.0294 3.9940 0.2195 0.8993 -1.2350 0.0129 0.0009 686.5109
148 0.1000 0.8442 2.3220 0.5624 1.3294 0.7680 2.0087 2.8178 1.5805 3.0872 1.6509 1.3794 1.7172 0.6815 3.1416 2.9241 3.0986 2.7001 -0.3320 0.1094 2.6680 0.1777 0.8556 -1.2350 1.7086 0.0049 688.6740
149 2.6200 1.5582 1.9890 2.9882 2.6189 1.8385 1.2345 2.2669 2.4546 2.3004 1.3869 1.5403 0.9661 0.7894 0.9945 2.5691 1.9650 0.2010 -1.2820 0.3946 1.7180 0.1775 0.8556 -1.2350 1.7060 0.3905 690.9773
150 2.6014 1.5454 1.9832 3.0005 2.6159 1.8457 1.2237 2.2767 2.4406 2.3181 1.4004 1.5402 0.9573 0.7985 1.0051 2.5831 1.9804 0.2037 -1.1350 0.3989 1.8650 0.1790 0.8604 -1.2820 1.7323 0.3945 693.1971
151 0.6185 2.7471 0.1010 1.0583 3.1416 2.8771 1.6822 0.4949 0.7000 2.6697 2.0658 0.6059 1.2444 0.7839 0.6365 1.2294 2.0858 2.5216 0.1890 0.0746 3.1890 0.1790 0.8618 -1.2820 1.7373 0.0823 695.4803
152 2.6166 1.5742 1.9915 2.9882 2.6107 1.8178 1.2376 2.2441 2.4728 2.2952 1.3693 1.5544 0.9623 0.7915 0.9805 2.5908 1.9329 0.1925 -1.0160 0.3773 1.9840 0.1714 0.8629 -1.2820 1.7010 0.3301 697.9752
153 0.2562 2.8100 2.7872 2.9353 0.5126 2.9922 0.5972 1.0199 2.4348 1.1233 0.2957 0.1601 2.2940 3.0463 2.0701 3.0306 0.7670 2.8024 0.8780 0.0063 3.8780 0.1710 0.8687 -1.2820 1.7067 0.0003 699.8492
154 2.2493 2.5278 0.9083 0.7511 0.1000 0.6052 1.0172 1.6389 0.5594 2.4621 0.6838 2.0527 3.1416 0.6176 2.9177 2.7047 1.3138 0.5048 0.3040 0.0529 3.3040 0.1714 0.8646 -1.2820 1.7423 0.0047 702.1821
155 0.8429 2.5901 0.1397 0.9868 3.0748 2.8030 1.6803 0.4880 0.6636 2.9439 2.1178 0.6412 1.3997 0.7270 0.7122 1.3181 1.9629 2.4025 -0.9610 0.1405 2.0390 0.1703 0.8589 -1.2820 1.7214 0.2715 704.2907
156 2.6561 1.5558 1.9955 2.9740 2.6312 1.8630 1.2479 2.2924 2.4408 2.2803 1.4004 1.5116 0.9870 0.7763 1.0041 2.5138 2.0006 0.2072 -1.2640 0.3712 1.7360 0.1716 0.8620 -1.2820 1.7292 0.4419 706.3307
157 0.9230 3.0573 2.0238 2.1600 2.1014 2.9639 1.1254 1.8343 1.0235 0.4207 2.2894 1.5510 0.9694 1.4230 0.3537 0.6223 3.1187 2.9937 -1.2000 0.0589 1.8000 0.1744 0.8660 -1.2820 1.7039 0.3110 708.5511
158 1.3071 2.3644 2.3597 0.7432 2.8994 2.6179 2.9054 1.0899 0.3097 2.4557 1.0775 2.4338 2.8253 2.2314 2.3498 1.6113 2.3018 1.8226 -1.0530 0.0682 1.9470 0.1770 0.8715 -1.2820 1.7231 0.1708 710.9111
159 0.7075 2.6093 0.1494 0.9935 3.0984 2.8238 1.7436 0.4827 0.6223 3.0360 2.0942 0.7007 1.3323 0.6893 0.7395 1.2941 1.9751 2.4175 -1.1860 0.2208 1.8140 0.1797 0.8782 -1.2820 1.7317 0.1014 713.1357
160 0.9236 3.0512 2.9594 2.6380 2.7912 1.0628 0.8746 0.7810 3.1350 0.5116 0.1228 0.1031 2.7510 0.6383 2.6357 0.9515 0.4140 2.6056 -0.3550 0.1383 2.6450 0.1821 0.8867 -1.2820 1.7395 0.0006 715.0905
161 1.6549 2.0705 0.9984 0.5622 0.4014 0.7695 1.4251 1.1619 0.9121 1.9927 1.0785 1.8477 3.0957 1.0820 2.4702 2.3931 1.6000 0.6270 0.3810 0.0025 3.3810 0.1812 0.8846 -1.2820 1.7439 0.0078 717.5657
162 0.8757 3.0763 2.0197 2.1259 2.1344 2.9685 1.1280 1.8512 1.0701 0.4285 2.3055 1.5344 0.9783 1.4145 0.3503 0.6012 3.0872 2.9962 -1.2420 0.0725 1.7580 0.1796 0.8782 -1.2820 1.7446 0.2877 719.6790
163 2.6483 1.5546 1.9937 2.9748 2.6311 1.8571 1.2449 2.2861 2.4453 2.2846 1.3961 1.5199 0.9830 0.7777 1.0014 2.5239 1.9913 0.2073 -1.1550 0.3839 1.8450 0.1821 0.8837 -1.2820 1.7302 0.3729 721.7740
164 2.6428 1.5678 2.0033 2.9667 2.6318 1.8608 1.2351 2.3064 2.4296 2.2539 1.3854 1.5174 0.9814 0.7873 0.9734 2.5539 2.0058 0.1998 -1.2210 0.4074 1.7790 0.1841 0.8902 -1.2820 0.0112 0.0010 740.8364
165 0.8838 3.0694 2.0385 2.1218 2.1236 2.9541 1.1257 1.8515 1.0721 0.4281 2.3339 1.5427 1.0042 1.4397 0.3406 0.6066 3.1128 3.0110 -0.9790 0.0614 2.0210 0.1869 0.8964 -1.2820 1.7301 0.2808 743.7698
166 0.8888 3.0967 1.9784 2.1486 2.1395 2.9987 1.1363 1.8184 1.0045 0.4453 2.2384 1.5073 0.9203 1.3737 0.3574 0.5905 3.0551 2.9671 -1.1780 0.1200 1.8220 0.1850 0.9014 -1.2820 1.6815 0.3712 745.9568
167 1.2917 2.4516 2.5608 0.1576 0.1868 1.6198 1.1355 2.6056 2.3369 1.0743 2.0620 0.9686 0.3482 0.7838 1.5231 2.7198 0.1277 1.7617 0.2070 0.0574 3.2070 0.1864 0.9026 -1.2820 1.7419 0.0118 748.2332
168 2.6294 1.5735 2.0071 2.9780 2.6193 1.8668 1.2265 2.2927 2.4740 2.2845 1.4125 1.5015 1.0138 0.7916 0.9900 2.5311 1.9922 0.1998 -1.3440 0.3972 1.6560 0.1847 0.8965 -1.2820 1.7158 0.2672 750.4368
169 0.8892 3.0892 2.0068 2.1566 2.0902 2.9840 1.1161 1.8353 1.0329 0.4109 2.2488 1.4808 0.9506 1.4195 0.3367 0.6385 3.0626 2.9807 -1.0780 0.0609 1.9220 0.1866 0.9025 -1.3440 1.7546 0.2415 752.9644
170 0.8955 3.0827 2.0003 2.1575 2.1489 2.9555 1.1336 1.8345 0.9982 0.4555 2.2843 1.5831 0.9415 1.3913 0.3742 0.5505 3.0885 2.9731 -1.3090 0.1258 1.6910 0.1889 0.9101 -1.3440 1.7346 0.3210 755.4516
171 2.6183 1.5803 2.0155 2.9786 2.6149 1.8769 1.2155 2.3000 2.4926 2.2882 1.4321 1.4877 1.0410 0.8004 0.9884 2.5242 1.9986 0.1987 -1.2300 0.3976 1.7700 0.1919 0.9177 -1.3440 1.7426 0.3627 757.8738
172 2.6351 1.6100 1.9956 2.9661 2.6253 1.8866 1.2255 2.2963 2.4894 2.2689 1.4193 1.5136 1.0074 0.7876 1.0394 2.5443 2.0049 0.1959 -0.9320 0.3585 2.0680 0.1935 0.9221 -1.3440 1.7293 0.2486 760.6304
173 2.6248 1.4930 2.0370 3.0100 2.6028 1.8327 1.2321 2.2962 2.4308 2.3183 1.4077 1.4605 1.0350 0.7976 0.8872 2.4932 1.9817 0.2074 -1.1970 0.3682 1.8030 0.1899 0.9276 -1.3440 1.7132 0.3967 763.2661
174 3.1408 2.4828 2.8748 3.0321 2.9337 2.8799 1.2221 0.2397 0.1105 0.1724 2.2501 1.2583 3.0886 3.0306 2.3970 2.2850 0.5360 2.9211 -0.1710 0.0265 2.8290 0.1895 0.9253 -1.3440 1.7065 0.0009 765.3545
175 0.9738 3.1416 3.1414 2.9003 3.1115 1.3104 0.5781 0.3848 3.1416 0.2237 0.1000 0.1000 3.0095 0.4400 2.6628 0.2335 0.2999 2.6546 0.4070 0.0352 3.4070 0.1882 0.9200 -1.3440 1.7486 0.0014 767.7891
176 2.6267 1.5409 2.0128 2.9844 2.6175 1.8492 1.2262 2.2882 2.4587 2.2956 1.3981 1.4939 1.0106 0.7928 0.9462 2.5189 1.9786 0.2045 -1.3150 0.4073 1.6850 0.1872 0.9128 -1.3440 1.7710 0.3541 770.4455
177 0.8867 3.0899 2.0057 2.1610 2.1508 2.9452 1.1574 1.8099 1.0087 0.4473 2.2686 1.5847 0.9415 1.3954 0.3789 0.5466 3.1000 2.9693 -1.3060 0.1324 1.6940 0.1900 0.9206 -1.3440 1.7753 0.2934 772.8930
178 0.1413 0.1000 0.6159 3.1416 0.4046 2.8554 1.9877 0.6619 0.3836 0.1000 3.1416 2.9749 3.1416 0.2650 2.3403 0.6306 1.0241 1.6523 0.3430 0.0250 3.3430 0.1925 0.9271 -1.3440 1.7427 0.0007 775.3381
179 0.9034 3.0879 1.9672 2.1492 2.1522 2.9597 1.1463 1.8394 0.9941 0.4388 2.2845 1.5851 0.9458 1.4060 0.3771 0.5427 3.0979 2.9641 -1.2670 0.1279 1.7330 0.1915 0.9197 -1.3440 1.7614 0.2955 777.9617
180 2.9615 3.0942 0.6016 0.5941 0.2325 2.8066 2.3992 0.1000 3.0754 0.1000 3.1416 2.9934 0.1325 1.5575 1.0171 0.2297 0.1000 0.3433 0.5020 0.0067 3.5020 0.1939 0.9262 -1.3440 1.7774 0.0009 780.1618
181 2.8019 0.1000 2.6564 3.1148 0.1524 3.0020 3.1416 2.4344 2.8055 2.7631 0.8455 3.0840 3.1343 1.4596 2.2185 3.0171 1.4615 0.1604 0.7240 0.0397 3.7240 0.1931 0.9192 -1.3440 1.6773 0.0009 782.6234
182 0.8888 3.0788 2.0323 2.1654 2.1513 2.9511 1.1252 1.8147 1.0012 0.4740 2.2765 1.5860 0.9337 1.3713 0.3716 0.5549 3.0865 2.9837 -1.3340 0.1337 1.6660 0.1930 0.9135 -1.3440 0.0079 0.0009 802.9719
183 0.8857 3.0707 2.0311 2.1633 2.1455 2.9543 1.1240 1.8133 0.9981 0.4775 2.2693 1.5876 0.9378 1.3658 0.3761 0.5444 3.0895 2.9913 -1.3600 0.1459 1.6400 0.1954 0.9203 -1.3440 1.7598 0.3201 805.7985
184 0.8828 3.0620 2.0322 2.1621 2.1416 2.9574 1.1208 1.8101 0.9935 0.4846 2.2613 1.5921 0.9399 1.3559 0.3811 0.5320 3.0926 3.0004 -1.3870 0.1599 1.6130 0.1975 0.9271 -1.3600 0.0067 0.0010 822.2935
185 3.0783 0.3504 3.0342 0.2709 2.9392 2.6318 0.1000 3.0437 0.4432 0.4388 0.2543 3.1209 1.1523 3.0937 0.4417 3.1416 1.5516 2.6667 0.2340 0.1169 3.2340 0.2000 0.9345 -1.3870 1.7797 0.0010 825.0695
186 0.8790 3.0508 2.0317 2.1600 2.1365 2.9618 1.1175 1.8059 0.9875 0.4930 2.2504 1.5977 0.9430 1.3436 0.3877 0.5149 3.0973 3.0122 -1.3290 0.1750 1.6710 0.1987 0.9270 -1.3870 1.7869 0.3587 828.0731
187 0.4950 2.4206 0.1000 0.1735 0.1000 3.1416 0.5278 2.4583 0.6971 3.1416 0.4554 3.1064 3.1416 2.7304 3.0826 0.1000 2.7950 3.0975 -0.2190 0.0088 2.7810 0.2006 0.9328 -1.3870 1.7309 0.0009 830.6162
188 0.8955 3.0770 2.0409 2.1716 2.1561 2.9492 1.1036 1.7989 0.9890 0.4810 2.2712 1.5898 0.9549 1.3241 0.3870 0.5320 3.0965 2.9842 -1.3840 0.1528 1.6160 0.1993 0.9277 -1.3870 0.0096 0.0010 851.8747
189 0.3381 0.6719 0.3872 3.1105 0.9402 3.1416 0.1122 1.5586 2.9327 0.1000 0.2435 3.1416 0.1692 0.1000 2.7883 0.8608 2.9195 0.2731 -0.3620 0.0272 2.6380 0.2024 0.9351 -1.3870 1.6775 0.0009 854.6267
190 0.1000 3.1416 2.5654 0.4232 0.8385 3.1416 0.1000 0.1000 0.2303 0.1000 0.6219 0.3610 3.1416 0.1000 0.4501 0.1000 0.7437 3.1416 0.8050 0.0326 3.8050 0.2013 0.9314 -1.3870 1.7997 0.0009 857.3280
191 0.8985 3.0792 2.0418 2.1731 2.1606 2.9480 1.1007 1.7951 0.9872 0.4822 2.2720 1.5924 0.9549 1.3177 0.3877 0.5310 3.0984 2.9825 -1.4060 0.1543 1.5940 0.2014 0.9264 -1.3870 0.0065 0.0009 876.4571
192 0.7031 2.5526 0.1730 0.9654 3.0893 2.8618 1.7871 0.4488 0.5392 3.1416 2.0870 0.8224 1.3126 0.6155 0.7785 1.3054 1.9280 2.3901 -0.6860 0.1536 2.3140 0.2035 0.9330 -1.4060 0.0273 0.0010 895.3265
193 0.9057 3.0852 2.0441 2.1770 2.1726 2.9449 1.0928 1.7854 0.9830 0.4849 2.2743 1.5987 0.9558 1.2999 0.3901 0.5281 3.1030 2.9775 -1.3020 0.1581 1.6980 0.2010 0.9322 -1.4060 1.7766 0.3556 898.3890
194 0.8820 3.0804 2.0399 2.1709 2.1255 2.9492 1.1170 1.8140 0.9857 0.4723 2.2704 1.5707 0.9793 1.3282 0.3903 0.5234 3.0864 2.9878 -1.3090 0.1542 1.6910 0.2018 0.9364 -1.4060 1.7668 0.3098 901.5481
195 0.8984 3.0509 2.0478 2.1684 2.1798 2.9517 1.0849 1.8054 1.0006 0.4910 2.2579 1.5814 0.9208 1.3554 0.3940 0.5307 3.1107 2.9834 -1.2970 0.1382 1.7030 0.2050 0.9445 -1.4060 1.7583 0.3042 904.6727
196 3.1416 0.1000 3.0124 3.1416 3.1416 3.1416 1.7924 0.4124 1.8991 3.1416 0.3457 0.1000 3.1416 3.1416 0.1000 3.1416 3.1416 1.8007 -0.2150 0.0067 2.7850 0.2074 0.9513 -1.4060 1.7560 0.0009 907.6549
197 3.1416 0.1000 0.1000 1.3051 3.1416 3.1416 0.1115 0.1000 3.1416 0.4201 0.1000 3.1416 3.1416 1.3995 1.6296 0.1000 1.3201 2.8206 -0.5370 0.1040 2.4630 0.2060 0.9458 -1.4060 1.6881 0.0009 910.7381
198 0.1000 0.4869 0.3804 2.2666 3.0955 2.9746 0.1000 1.3883 0.1379 0.1000 0.8226 3.1416 0.1000 1.0563 0.1000 3.1416 3.0217 3.1416 -0.3890 0.0034 2.6110 0.2052 0.9441 -1.4060 1.8068 0.0009 913.7610
199 3.1416 0.2346 3.1416 3.1416 2.1643 3.1416 0.4624 3.1416 2.8756 3.1416 0.1000 3.1416 2.2567 0.1000 0.5655 2.0248 0.1000 3.1416 0.4700 0.0107 3.4700 0.2041 0.9405 -1.4060 1.8251 0.0010 916.8690
200 3.1416 3.1416 1.8144 3.1416 0.1711 3.1416 3.1416 1.3429 3.1416 3.1416 0.2354 2.5841 0.8558 3.1416 3.1416 0.1000 0.1000 0.7911 -0.3530 0.0436 2.6470 0.2033 0.9336 -1.4060 1.8204 0.0009 919.6986
201 0.8916 3.0803 2.0270 2.1656 2.1432 2.9589 1.1242 1.7899 0.9896 0.4863 2.2760 1.6332 0.9399 1.3208 0.3616 0.5555 3.0780 3.0059 -1.3980 0.1638 1.6020 0.2022 0.9299 -1.4060 0.0068 0.0010 935.8822
202 3.1416 0.5630 0.1000 1.4177 3.0865 3.1416 0.1000 0.1000 3.1416 0.2394 0.1000 3.1416 3.1416 1.6660 2.0705 0.1000 1.4637 3.1416 0.3280 0.0348 3.3280 0.2050 0.9371 -1.4060 1.6699 0.0068 939.2985
203 3.1416 2.8892 0.1000 2.8696 3.1416 2.8141 0.1000 1.1868 0.1274 1.7023 0.2664 1.5326 3.0273 3.1416 3.1416 0.1000 0.3627 3.1336 0.3190 0.0604 3.3190 0.2036 0.9308 -1.4060 1.7489 0.0010 942.1747
204 2.9072 1.5998 2.8414 3.1416 0.1000 1.2887 3.1416 0.1000 0.3362 2.8311 2.0139 0.7545 3.1360 0.1000 3.1416 2.7313 0.2074 3.1416 1.0770 0.0228 4.0770 0.2025 0.9239 -1.4060 1.7244 0.0008 945.0719
205 0.1000 0.6413 0.1000 2.8347 2.3692 2.7340 3.1416 0.8269 3.1416 3.0281 3.1416 0.7529 3.1416 0.8365 3.0248 0.5361 2.7958 0.1000 -0.3000 0.0972 2.7000 0.2038 0.9223 -1.4060 1.8032 0.0010 948.0295
206 0.1000 1.3518 2.5073 0.9315 0.8531 0.5034 2.5550 2.7532 2.2978 3.0331 1.5276 1.0633 0.8738 0.7532 3.1416 2.6275 3.1416 2.8433 0.2890 0.0092 3.2890 0.2027 0.9183 -1.4060 1.7974 0.0011 951.0555
207 2.6171 1.5295 1.9652 2.9812 2.6566 1.8230 1.2405 2.3121 2.4431 2.2940 1.4107 1.4587 1.0346 0.7958 0.9441 2.5306 1.9618 0.2109 -1.3480 0.4025 1.6520 0.2016 0.9119 -1.4060 0.0051 0.0009 972.5435
208 2.5987 1.5055 1.9758 2.9495 2.6659 1.8293 1.2154 2.3118 2.4387 2.2883 1.4278 1.4940 1.0350 0.8206 0.9355 2.5139 1.9679 0.2275 -1.5390 0.4474 1.4610 0.2042 0.9182 -1.4060 0.0066 0.0010 995.4607
209 0.1000 2.4221 2.9045 1.0907 0.9065 3.1416 0.1000 2.8692 0.6577 3.1416 0.1000 0.2005 2.7120 3.1416 0.5059 2.5791 2.3085 0.1000 0.3680 0.0716 3.3680 0.2047 0.9237 -1.5390 1.7677 0.0010 998.5668
210 2.5776 1.4788 1.9682 2.9206 2.6886 1.8252 1.1967 2.3212 2.4294 2.2833 1.4477 1.5111 1.0455 0.8444 0.9247 2.5030 1.9674 0.2445 -1.3940 0.4583 1.6060 0.2037 0.9172 -1.5390 1.8662 0.5099 1002.0067
211 2.5951 1.4901 1.9494 2.9714 2.7113 1.8167 1.2022 2.3073 2.4499 2.2956 1.4041 1.5189 1.0689 0.8478 0.9193 2.5089 2.0132 0.2265 -1.3630 0.4340 1.6370 0.2055 0.9202 -1.5390 0.0053 0.0006 1031.3083
212 0.8475 3.1299 2.0269 2.1147 2.1200 2.9636 1.1255 1.7650 0.9408 0.5300 2.2816 1.6985 0.8920 1.2841 0.3916 0.5812 3.1105 3.0122 -1.3070 0.2011 1.6930 0.2087 0.9274 -1.5390 0.0139 0.0009 1052.0446
213 0.9375 3.0912 2.0053 2.2106 2.1337 2.9619 1.1524 1.7283 1.0055 0.5291 2.3095 1.6695 0.8951 1.2920 0.3343 0.4976 3.0430 3.0532 -0.9750 0.2178 2.0250 0.2119 0.9345 -1.5390 0.0097 0.0008 1074.5280
214 0.8376 3.0774 2.0421 2.1190 2.1754 2.9554 1.1084 1.8332 0.9417 0.4653 2.2187 1.6560 0.9721 1.3063 0.3712 0.6046 3.1148 2.9787 -1.3540 0.1808 1.6460 0.2098 0.9355 -1.5390 0.0058 0.0009 1098.1265
215 0.1000 0.7673 0.4454 3.1416 0.1032 3.1416 3.1416 2.3470 3.1416 1.0858 0.1000 3.1416 1.8894 0.1000 1.8727 0.1000 3.1416 0.1071 -0.2930 0.0155 2.7070 0.2126 0.9416 -1.5390 1.8247 0.0010 1101.8726
216 0.1000 0.1000 0.8678 3.1416 0.1000 3.1356 3.0577 0.7474 1.1306 1.0404 0.1000 3.1416 0.1781 3.1416 1.8676 3.1416 0.1559 3.1416 0.4250 0.0446 3.4250 0.2114 0.9371 -1.5390 1.7791 0.0010 1105.3296
217 2.5891 1.4997 1.9808 2.9346 2.6708 1.8153 1.2498 2.3000 2.3859 2.2754 1.4729 1.4807 1.0560 0.8715 0.9487 2.5079 1.9416 0.2496 -1.2010 0.4143 1.7990 0.2105 0.9304 -1.5390 0.0081 0.0009 1126.5324
218 2.5836 1.4810 1.9678 2.9286 2.6740 1.8389 1.1716 2.3495 2.4703 2.2965 1.4220 1.5008 1.0168 0.7831 0.9105 2.5180 1.9690 0.2257 -1.4670 0.4532 1.5330 0.2107 0.9348 -1.5390 1.8386 0.3300 1130.5855
219 2.5526 1.4851 1.9515 2.9171 2.6420 1.8235 1.1817 2.3320 2.4551 2.2836 1.4040 1.5012 1.0375 0.7839 0.9183 2.5052 1.9895 0.2276 -1.3840 0.4341 1.6160 0.2138 0.9423 -1.5390 1.8315 0.2736 1135.2312
220 2.6216 1.4724 1.9810 2.9490 2.7130 1.8459 1.1607 2.3544 2.4694 2.3138 1.4489 1.5045 1.0101 0.7970 0.9077 2.5241 1.9592 0.2244 -1.4580 0.4715 1.5420 0.2168 0.9498 -1.5390 1.7993 0.2812 1140.3714
221 2.8501 3.1416 2.9319 3.1416 0.1000 0.3261 0.1000 0.2766 0.1870 3.1416 3.1416 3.1416 1.4004 0.1785 3.1416 2.4684 3.1416 3.1303 0.6070 0.1154 3.6070 0.2199 0.9577 -1.5390 1.7855 0.0010 1145.1458
222 0.8602 3.1172 2.0278 2.1224 2.1608 2.9630 1.0844 1.8006 0.9585 0.4565 2.2497 1.6365 0.9555 1.3300 0.4802 0.6066 3.0974 3.0334 -1.2070 0.1353 1.7930 0.2193 0.9514 -1.5390 1.6598 0.2132 1150.2408
223 2.5730 1.4790 1.9939 2.9402 2.7198 1.8743 1.2005 2.3572 2.4737 2.3065 1.4176 1.4977 1.0160 0.7982 0.8939 2.5364 1.9664 0.2434 -1.4080 0.4410 1.5920 0.2215 0.9580 -1.5390 1.8342 0.2562 1155.9243
224 0.8363 3.0661 2.0336 2.1047 2.1074 2.9523 1.0996 1.8199 0.9743 0.4949 2.2616 1.6311 0.9252 1.2866 0.3282 0.5583 3.1416 2.9073 -1.2580 0.1626 1.7420 0.2249 0.9663 -1.5390 0.0070 0.0010 1180.2749
225 0.8682 3.1188 2.0715 2.1560 2.1884 2.9861 1.1444 1.8147 0.9113 0.5587 2.2242 1.6364 0.9904 1.3560 0.3372 0.5752 3.1249 2.9723 -1.4460 0.2244 1.5540 0.2270 0.9726 -1.5390 0.0073 0.0010 1202.1258
226 0.1000 3.1416 3.1416 2.6992 3.1416 3.1416 0.1000 0.1000 0.1000 3.1416 3.1416 3.1416 0.8339 3.1416 3.1416 0.1000 0.1000 3.1416 1.0860 0.0198 4.0860 0.2311 0.9826 -1.5390 1.7142 0.0010 1207.3964
227 0.8466 3.0887 2.0773 2.1369 2.2132 2.9436 1.1611 1.7963 0.8493 0.5306 2.2492 1.6104 0.9666 1.3413 0.3239 0.5721 3.1264 2.9943 -1.2180 0.2539 1.7820 0.2325 0.9808 -1.5390 0.0071 0.0009 1231.6916
228 0.1000 0.8726 3.1416 3.1416 1.8920 3.1416 3.1416 0.1000 3.1416 0.1000 0.1000 3.1416 0.1000 0.1000 3.1416 0.1000 3.1416 2.4092 0.5390 0.0509 3.5390 0.2335 0.9863 -1.5390 1.8179 0.0010 1238.8053
229 3.1416 0.1000 0.1000 3.1416 2.2954 3.1416 0.1000 3.1416 0.1000 3.1416 3.1416 3.1416 3.1416 0.1000 0.1000 0.1000 0.5441 3.1416 -0.9090 0.1295 2.0910 0.2326 0.9790 -1.5390 1.8432 0.0010 1244.9345
230 0.8812 3.1339 2.0526 2.1679 2.1589 3.0135 1.1166 1.8348 0.9878 0.5560 2.1964 1.6713 0.9985 1.3480 0.3599 0.5759 3.1238 2.9533 -1.3240 0.1555 1.6760 0.2328 0.9822 -1.5390 0.0055 0.0009 1267.6572
231 3.1416 0.1000 0.1000 3.1416 2.5763 3.1416 0.1000 3.1416 0.1000 3.1416 3.1416 3.1416 3.1416 0.1000 0.1534 0.1000 0.1000 3.1105 -0.6420 0.1007 2.3580 0.2349 0.9878 -1.5390 0.1347 0.0007 1313.4315
232 3.1416 0.1000 0.1000 3.1416 2.2833 3.1416 0.1000 3.1416 0.1000 3.1416 3.1416 2.8512 3.1416 0.3151 0.1000 0.1210 0.9369 3.1416 -0.8440 0.1104 2.1560 0.2357 0.9902 -1.5390 0.0936 0.0010 1340.7895
233 3.1416 0.1000 0.1000 3.1416 1.9015 3.1416 0.1000 3.1416 0.1000 3.1416 3.1416 3.1416 3.1416 0.1006 0.3270 0.3370 0.7473 3.1416 -1.0740 0.1907 1.9260 0.2376 0.9958 -1.5390 1.9318 0.0472 1350.2506
234 3.1416 0.1000 0.1000 0.1000 0.1000 3.1416 3.1416 1.8428 1.7181 0.1000 0.1000 3.1416 3.1416 0.1000 0.1000 3.1416 3.1416 3.1416 -0.1860 0.0450 2.8140 0.2404 1.0046 -1.5390 1.8217 0.0010 1359.0071
235 0.1000 3.1416 3.1416 3.1416 1.4862 3.1416 0.1000 0.5890 0.1000 0.1000 0.1000 3.1416 0.1000 0.1000 3.1416 0.1000 0.6028 0.1000 -0.5030 0.2214 2.4970 0.2385 0.9977 -1.5390 1.8372 0.0010 1367.6559
236 3.1416 2.1916 0.1000 3.1416 0.1000 0.1000 3.1416 0.1000 3.1416 3.1416 0.1000 3.1416 0.1268 0.1000 3.1416 0.1000 3.1416 3.1416 0.0810 0.0625 3.0810 0.2372 0.9940 -1.5390 1.7265 0.0010 1374.7657
237 0.8965 3.1059 2.0355 2.1321 2.1647 3.0125 1.0712 1.8804 0.9099 0.5688 2.2736 1.6445 0.9775 1.3325 0.3452 0.5846 3.0859 2.9807 -1.2440 0.1649 1.7560 0.2354 0.9862 -1.5390 0.0070 0.0010 1400.4084
238 0.8966 3.1217 2.0750 2.1005 2.1575 2.9282 1.1713 1.7542 0.9755 0.5506 2.1635 1.6411 0.9961 1.3373 0.3665 0.5863 3.1383 2.9588 -1.2820 0.2100 1.7180 0.2388 0.9951 -1.5390 0.0078 0.0010 1430.3826
239 0.1000 0.1000 0.1000 2.0143 0.1000 3.1416 1.2120 0.1000 3.1416 0.1000 3.1416 3.1416 0.1000 0.1000 3.1416 3.1416 3.1416 3.1416 -0.0860 0.0175 2.9140 0.2425 1.0048 -1.5390 1.7669 0.0010 1439.9027
240 0.7891 3.1256 2.0791 2.1947 2.1883 3.0381 1.1437 1.7674 0.9662 0.4933 2.2296 1.6515 0.9754 1.3358 0.3526 0.5638 3.1416 2.9645 -1.3220 0.1662 1.6780 0.2405 0.9972 -1.5390 0.0067 0.0010 1465.6961
241 0.1000 3.1416 3.1416 3.1416 2.4735 3.1416 0.1000 0.1000 0.1000 0.1000 0.1000 3.1416 0.1000 0.1000 3.1416 0.1000 0.1000 0.1000 -0.7930 0.1240 2.2070 0.2448 1.0077 -1.5390 0.3310 0.0009 1484.5533
242 0.1000 3.1416 0.1000 3.1416 3.1416 3.1416 0.1000 0.1000 3.1416 3.1416 3.1416 0.1000 3.1416 3.1416 0.1000 0.1000 0.1000 2.0355 -0.1340 0.0283 2.8660 0.2449 1.0095 -1.5390 1.8015 0.0010 1494.0303
243 3.1416 0.1000 0.1000 3.1416 1.7139 2.9822 0.1000 3.0356 0.1000 3.1416 3.1416 3.0993 3.1416 0.1010 0.1000 0.1000 0.7035 3.1416 -0.0820 0.0182 2.9180 0.2429 1.0020 -1.5390 0.0706 0.0010 1528.5180
244 2.6173 1.4438 1.9429 2.9607 2.6833 1.8366 1.1379 2.3769 2.4686 2.2619 1.4478 1.4936 1.0167 0.8183 0.8971 2.5308 1.9627 0.2061 -1.5050 0.4774 1.4950 0.2376 0.9971 -1.5390 0.0068 0.0010 1563.1986
245 0.1000 3.1416 3.1416 3.1416 2.6494 3.1416 0.5315 0.2466 0.4940 0.1000 0.1000 3.1416 0.1000 0.1000 3.1026 0.1000 0.3184 0.1000 0.8250 0.0359 3.8250 0.2422 1.0082 -1.5390 0.1269 0.0009 1586.1747
246 2.0993 0.1000 0.1000 3.1416 0.1000 3.1416 0.1000 2.6472 0.1000 0.1000 3.1416 3.1416 0.1000 0.3867 3.1416 3.1416 3.1416 0.1000 -0.4210 0.0803 2.5790 0.2365 0.9988 -1.5390 1.6394 0.0010 1593.8577
247 2.6146 1.4759 1.9531 2.9433 2.6921 1.8138 1.1293 2.3936 2.4606 2.2764 1.4479 1.4899 1.0090 0.8278 0.8785 2.5305 1.9719 0.1951 -1.4750 0.4794 1.5250 0.2351 0.9943 -1.5390 0.0105 0.0010 1629.2412
248 0.8540 3.1319 2.0909 2.2357 2.1477 2.9280 1.1397 1.8463 0.9279 0.5090 2.1858 1.6860 0.9307 1.3390 0.3627 0.5824 3.1416 2.9605 -1.2950 0.1667 1.7050 0.2386 1.0031 -1.5390 0.0061 0.0010 1662.7713
249 3.1416 0.1000 0.1000 3.1416 2.2020 3.1416 0.1000 3.1416 0.1000 3.1416 3.1416 3.1416 3.1416 0.1139 0.4680 0.4894 0.7766 3.1416 -1.0210 0.0986 1.9790 0.2427 1.0135 -1.5390 0.0065 0.0007 1725.0208
208 2.5987 1.5055 1.9758 2.9495 2.6659 1.8293 1.2154 2.3118 2.4387 2.2883 1.4278 1.4940 1.0350 0.8206 0.9355 2.5139 1.9679 0.2275 -1.5390 0.4474 1.4610 0.2042 0.9182 -1.4060 0.0066 0.0010 1725.0208
