0 0.5204 1.3195 2.0397 1.3131 2.0839 0.5229 3.0208 2.7109 2.9585 3.0084 1.7432 3.1058 2.4724 2.3571 2.1388 2.3788 0.7890 1.1394 -0.8970 0.0736 2.1030 0.1000 0.9900 0.0000 0.0000 0.0000 0.0000
1 0.2547 0.6173 1.8718 2.6136 2.9984 1.1299 1.3061 0.8060 2.7938 1.2000 1.6876 0.3874 1.3564 0.7997 2.0014 1.6231 2.5192 2.4619 -0.1620 0.0271 2.8380 0.1000 0.9900 0.0000 0.0000 0.0000 0.0000
2 0.7459 2.2983 2.0574 2.6035 0.1147 2.8233 1.7600 2.7576 2.3117 0.4870 2.4583 2.5594 1.5243 3.0373 2.9391 2.9319 2.6022 1.5361 -0.6460 0.1060 2.3540 0.1000 0.9900 0.0000 0.0000 0.0000 0.0000
3 0.8363 2.4642 2.8071 1.3805 1.9055 1.5540 2.4997 0.3873 3.1328 2.3893 2.7593 0.4404 0.8616 3.1096 2.5227 1.2105 2.5716 2.4469 -0.5440 0.0648 2.4560 0.1000 0.9900 0.0000 0.0000 0.0000 0.0000
4 2.0056 1.2011 2.9115 2.2296 0.4891 1.6841 1.9653 2.5863 1.2256 2.1547 2.8743 2.8850 2.5330 0.7970 1.4704 1.4600 0.8356 2.0520 -0.4020 0.0482 2.5980 0.1000 0.9900 0.0000 0.0000 0.0000 0.0000
5 0.6504 2.6707 2.2547 1.9028 1.7159 2.8938 2.9271 1.9561 1.4780 1.4669 2.7035 1.7204 2.1018 0.5034 2.5391 3.0092 1.8017 0.4909 -0.3150 0.0251 2.6850 0.1000 0.9900 0.0000 0.0000 0.0000 0.0000
6 0.1474 0.9177 0.8986 2.2996 3.1155 2.2511 2.4180 1.9892 1.7277 2.7821 0.9603 1.2086 0.6694 1.7133 1.3513 2.5514 2.4552 2.0692 0.7320 0.0079 3.7320 0.1000 0.9900 0.0000 0.0000 0.0000 0.0000
7 1.2562 3.0372 0.2986 0.1501 1.6922 0.5403 2.2092 1.8442 1.6199 0.9013 2.7921 0.9945 0.2822 1.0531 2.1051 2.7342 1.7377 2.1034 0.2640 0.0366 3.2640 0.1000 0.9900 0.0000 0.0000 0.0000 0.0000
8 0.4543 1.8660 0.5699 0.7252 1.1024 3.0365 2.4281 1.6250 1.3570 0.8018 0.4629 0.2896 1.3196 1.2261 1.9505 1.1689 2.3747 1.1109 0.4770 0.0473 3.4770 0.1000 0.9900 0.0000 0.0000 0.0000 0.0000
9 0.9687 0.6343 2.2397 1.2151 0.8079 1.3143 0.5835 0.2437 2.0238 0.8753 2.7610 2.6917 0.9950 1.9871 2.5513 0.7180 0.6384 2.2931 0.1790 0.0756 3.1790 0.1000 0.9900 0.0000 0.0000 0.0000 0.0000
10 1.1027 1.7026 0.9420 1.0280 2.0732 2.6169 2.1191 0.9603 1.5399 2.5614 1.9709 2.4748 1.1034 0.3638 2.9150 0.1652 2.3971 1.4114 0.3430 0.0580 3.3430 0.1000 0.9900 0.0000 0.0000 0.0000 0.0000
11 0.9497 1.9528 1.8010 0.3982 0.8451 3.0329 2.9343 1.5931 3.0789 0.7762 2.6854 2.6940 3.0311 3.0381 1.8066 0.6388 2.2030 1.6081 0.4130 0.0419 3.4130 0.1000 0.9900 0.0000 0.0000 0.0000 0.0000
12 2.6424 0.4833 0.1226 0.5118 0.1607 2.7074 2.0753 0.1075 2.9219 1.8003 2.0250 0.7050 1.7126 1.3282 2.7854 1.6079 0.5256 1.8561 0.1840 0.0366 3.1840 0.1000 0.9900 0.0000 0.0000 0.0000 0.0000
13 2.2684 1.9156 0.6672 0.3865 1.4779 1.9713 1.0691 2.5377 3.0860 2.3951 0.4580 1.2843 0.5959 2.6698 0.5687 2.8618 0.3426 0.8207 0.7780 0.0015 3.7780 0.1000 0.9900 0.0000 0.0000 0.0000 0.0000
14 1.5454 1.8587 1.4795 1.2397 1.0395 1.3067 2.7936 2.0758 2.3468 1.3393 0.3529 0.5561 0.4415 2.0002 1.7528 2.9909 0.7067 2.4696 -0.2270 0.1267 2.7730 0.1000 0.9900 0.0000 0.0000 0.0000 0.0000
15 1.6018 1.9640 0.5303 0.9108 2.4870 0.6806 1.7252 0.3135 1.5972 1.6912 1.6611 3.1082 2.3493 1.6817 1.8440 1.2826 2.3016 0.1253 0.8260 0.0712 3.8260 0.1000 0.9900 0.0000 0.0000 0.0000 0.0000
16 0.9075 2.1411 2.6662 1.3477 2.8520 1.2810 1.3443 2.2858 0.7318 2.3616 0.6685 3.0248 1.1642 2.3491 1.9992 2.4644 1.9587 0.7054 0.0100 0.1085 3.0100 0.1000 0.9900 0.0000 0.0000 0.0000 0.0000
17 1.8414 1.8287 1.1447 1.4894 2.8735 0.2419 0.7966 2.9196 1.8037 2.6745 2.9574 2.2007 1.5307 1.8317 2.0526 1.6502 0.1378 2.9540 0.7380 0.0171 3.7380 0.1000 0.9900 0.0000 0.0000 0.0000 0.0000
18 1.4765 3.0378 3.0956 2.0491 1.9998 3.1363 1.6158 1.3176 3.0834 0.2552 2.0247 2.3130 1.1983 0.9740 0.8794 1.4115 1.7322 0.8474 0.4080 0.0567 3.4080 0.1000 0.9900 0.0000 0.0000 0.0000 0.0000
19 2.5000 1.3327 1.4629 2.4264 1.9954 2.1653 2.7721 2.8485 0.5544 1.6098 2.9155 2.1013 1.5186 2.8774 2.5187 1.5909 0.7976 0.9565 -0.6520 0.1637 2.3480 0.1000 0.9900 -0.8970 0.0000 0.0000 11.8070
20 0.1609 0.8383 0.2992 2.2397 2.9342 1.2968 1.3217 0.4373 2.5784 0.2457 1.1148 1.6167 1.7221 1.2194 2.6256 1.6847 2.6238 1.4844 0.6370 0.0945 3.6370 0.1000 0.9900 -0.8970 1.6700 0.0000 12.9750
21 2.0189 1.8209 2.4835 2.3302 1.9818 2.2348 2.9325 1.2897 1.6053 2.3782 2.6671 1.4086 1.8640 1.3352 2.5143 2.5888 2.0469 0.1581 0.7620 0.0270 3.7620 0.1000 0.9900 -0.8970 1.5875 0.0000 14.4564
22 2.5193 1.2976 1.4455 2.4380 1.9756 2.1446 2.7045 2.8403 0.5688 1.5812 2.9180 2.0589 1.5614 2.8523 2.4501 1.5850 0.8075 0.9173 -0.2290 0.1223 2.7710 0.1000 0.9900 -0.8970 1.6467 0.1888 16.0300
23 2.4819 1.3657 1.4793 2.4155 2.0139 2.1847 2.8357 2.8563 0.5409 1.6369 2.9132 2.1412 1.4782 2.9010 2.5834 1.5965 0.7884 0.9934 -0.8280 0.1954 2.1720 0.1000 1.0038 -0.8970 1.6554 0.2696 17.5556
24 0.5204 1.3195 2.0397 1.3131 2.0839 0.5229 3.0208 2.7109 2.9585 3.0084 1.7432 3.1058 2.4724 2.3571 2.1388 2.3788 0.7890 1.1394 -0.8990 0.0736 2.1010 0.1344 0.9447 -0.8970 1.6145 0.5004 18.9920
25 0.9466 2.3248 2.7890 1.3793 1.8746 1.4494 2.4435 0.4264 3.0960 2.3186 2.6862 0.4100 0.8469 3.0637 2.5655 1.2000 2.5320 2.4694 -0.9290 0.1405 2.0710 0.1342 0.8890 -0.8990 1.6709 0.0742 20.5146
26 2.4708 1.3887 1.4898 2.4064 2.0292 2.1999 2.8888 2.8719 0.5236 1.6564 2.9120 2.1807 1.4416 2.9289 2.6376 1.5951 0.7735 1.0288 -0.7480 0.2028 2.2520 0.1466 0.9001 -0.9290 1.6031 0.2449 22.4474
27 2.4497 1.4092 1.5065 2.4105 2.0240 2.2004 2.8663 2.8058 0.5697 1.6681 2.9078 2.1239 1.4758 2.8641 2.6134 1.6355 0.8263 0.9842 -0.6050 0.2512 2.3950 0.1578 0.8868 -0.9290 1.6594 0.1886 23.9807
28 1.8843 1.1748 2.7777 2.1497 0.5302 1.6662 1.9232 2.5365 1.4942 2.1737 2.8207 2.9037 2.5483 0.9051 1.2552 1.5729 0.9858 1.9826 -0.1080 0.1221 2.8920 0.1599 0.8906 -0.9290 1.6472 0.0212 25.5301
29 0.5114 1.3227 2.0249 1.3272 2.0756 0.4948 3.0356 2.7311 2.9676 3.0200 1.7459 3.1301 2.4893 2.3846 2.1430 2.3905 0.7870 1.1272 -0.9570 0.0921 2.0430 0.1623 0.8958 -0.9290 1.6716 0.2687 27.0391
30 0.9782 2.2849 2.7837 1.3790 1.8658 1.4194 2.4273 0.4376 3.0854 2.2983 2.6653 0.4012 0.8427 3.0506 2.5778 1.1970 2.5206 2.4759 -1.0080 0.1569 1.9920 0.1751 0.8890 -0.9570 1.6807 0.2866 28.5276
31 2.5297 1.3107 1.4404 2.4146 2.0124 2.1729 2.8391 2.9690 0.4671 1.6006 2.9221 2.2190 1.4408 3.0024 2.5893 1.5218 0.7002 1.0513 -0.6960 0.0932 2.3040 0.1928 0.8985 -1.0080 1.6873 0.1284 30.0256
32 1.0079 2.2475 2.7789 1.3786 1.8575 1.3913 2.4122 0.4481 3.0755 2.2793 2.6457 0.3930 0.8387 3.0383 2.5893 1.1941 2.5100 2.4820 -0.9620 0.1666 2.0380 0.2043 0.9118 -1.0080 1.7071 0.2883 31.4869
33 1.0099 2.2658 2.7903 1.3661 1.8489 1.4121 2.4236 0.4387 3.0535 2.3046 2.6604 0.4206 0.8442 3.0402 2.5933 1.1983 2.5162 2.4468 -1.0470 0.1573 1.9530 0.2101 0.9108 -1.0080 0.0237 0.0010 44.4463
34 1.0339 2.2558 2.7978 1.3536 1.8343 1.4115 2.4235 0.4373 3.0246 2.3152 2.6601 0.4413 0.8465 3.0329 2.6058 1.2002 2.5143 2.4170 -0.9280 0.1538 2.0720 0.2208 0.9217 -1.0470 0.0092 0.0009 55.9218
35 0.9907 2.2556 2.7415 1.4015 1.8755 1.4309 2.4169 0.4693 3.0649 2.2640 2.6447 0.4231 0.8670 2.9967 2.5609 1.2142 2.4977 2.4532 -1.0690 0.1808 1.9310 0.2244 0.9298 -1.0470 0.0314 0.0010 67.4527
36 0.9904 2.2434 2.7187 1.4161 1.8843 1.4360 2.4115 0.4854 3.0633 2.2437 2.6343 0.4273 0.8780 2.9724 2.5493 1.2219 2.4869 2.4511 -0.9050 0.1809 2.0950 0.2418 0.9506 -1.0690 0.0100 0.0010 78.0244
37 0.9543 2.2536 2.7409 1.3438 1.8787 1.4143 2.3976 0.4552 3.0411 2.2972 2.6114 0.4406 0.8156 3.0288 2.5621 1.2020 2.5249 2.4736 -1.0170 0.1705 1.9830 0.2330 0.9562 -1.0690 0.0338 0.0009 95.4911
38 0.5995 2.3874 2.0891 2.8317 0.1000 2.8895 1.6577 3.0309 2.3236 0.3291 2.5062 2.6761 1.4405 3.1416 3.1416 3.1416 2.7265 1.6380 0.7100 0.0061 3.7100 0.2555 0.9826 -1.0690 0.2072 0.0009 105.3825
39 0.4845 1.3319 1.9815 1.3687 2.0511 0.4116 3.0799 2.7912 2.9948 3.0546 1.7539 3.1416 2.5397 2.4663 2.1553 2.4251 0.7808 1.0912 -0.9820 0.1604 2.0180 0.2106 0.9616 -1.0690 0.0203 0.0010 117.6748
40 0.9767 2.2587 2.7474 1.3693 1.8740 1.4176 2.4392 0.4663 3.0566 2.3144 2.6370 0.4013 0.7965 2.9886 2.5542 1.1777 2.5218 2.4460 -0.9420 0.1863 2.0580 0.2251 0.9926 -1.0690 0.0274 0.0010 136.9632
41 0.4358 1.2944 2.0597 1.3099 2.0599 0.4195 3.1295 2.7948 3.0639 3.0814 1.7280 3.1416 2.5539 2.4342 2.1667 2.4251 0.7335 1.1107 -0.8200 0.1066 2.1800 0.2386 1.0225 -1.0690 0.0624 0.0010 151.2487
42 0.9699 2.2555 2.7601 1.3555 1.8697 1.4135 2.3666 0.4385 3.0499 2.2579 2.6218 0.4625 0.8808 3.0758 2.5877 1.2361 2.5108 2.4961 -0.9200 0.1394 2.0800 0.2471 1.0476 -1.0690 0.0121 0.0009 165.0043
43 0.9776 2.2498 2.7760 1.3330 1.8768 1.3952 2.3999 0.4078 3.0828 2.2814 2.6723 0.4313 0.8686 2.9783 2.5612 1.1507 2.4687 2.4753 -0.9950 0.1465 2.0050 0.2548 1.0751 -1.0690 0.0317 0.0010 183.0923
44 0.5487 1.3751 1.8961 1.4312 2.0456 0.4192 3.0112 2.7747 2.9060 3.0152 1.7835 3.1416 2.5124 2.4883 2.1390 2.4181 0.8389 1.0751 -1.0130 0.1803 1.9870 0.2745 1.1129 -1.0690 0.0161 0.0010 196.2338
45 0.8589 2.2297 2.0329 2.4276 0.1211 2.7723 1.8386 2.5467 2.3028 0.6086 2.4212 2.4695 1.5888 2.9591 2.7833 2.7715 2.5066 1.4574 0.9670 0.0311 3.9670 0.2997 1.1627 -1.0690 0.0207 0.0009 212.1561
46 0.5429 1.3610 1.9369 1.3808 2.0822 0.3910 3.0030 2.7497 2.9335 3.0260 1.7910 3.1416 2.5180 2.4510 2.1511 2.4026 0.8043 1.0963 -1.1400 0.1597 1.8600 0.1911 1.0532 -1.0690 1.7137 0.1255 214.0487
47 0.5552 1.3653 1.9353 1.3651 2.1091 0.3515 2.9795 2.7325 2.9321 3.0286 1.8101 3.1416 2.5233 2.4406 2.1588 2.3925 0.7921 1.1030 -1.1090 0.1523 1.8910 0.1958 1.0769 -1.1400 1.7451 0.1737 215.5903
48 1.0007 2.2485 2.7354 1.3777 1.8368 1.4434 2.3960 0.3957 3.0993 2.2456 2.6840 0.4764 0.8341 2.9955 2.5666 1.1582 2.5733 2.4602 -1.0130 0.1535 1.9870 0.2012 1.0990 -1.1400 1.7222 0.0775 217.2841
49 0.5689 1.3625 1.9294 1.3687 2.0992 0.3540 2.9951 2.7102 2.9375 3.0360 1.8045 3.1416 2.5053 2.4391 2.1652 2.4149 0.7946 1.0891 -1.0990 0.1691 1.9010 0.2080 1.1232 -1.1400 0.0201 0.0009 231.4697
50 0.9779 2.2639 2.7459 1.4314 1.8714 1.3870 2.4216 0.3766 2.9942 2.2598 2.6990 0.4632 0.8470 2.9896 2.5695 1.1453 2.5476 2.5070 -0.7220 0.1430 2.2780 0.2139 1.1494 -1.1400 1.7311 0.0738 233.2780
51 1.0023 2.2450 2.7581 1.3048 1.8391 1.4674 2.3851 0.4553 3.1416 2.2725 2.6409 0.4372 0.8443 3.0133 2.5642 1.1977 2.5173 2.4200 -1.1620 0.1718 1.8380 0.2139 1.1757 -1.1400 1.7527 0.1304 235.0513
52 1.0073 2.2391 2.7581 1.2834 1.8317 1.4799 2.3765 0.4623 3.1416 2.2691 2.6350 0.4332 0.8414 3.0136 2.5620 1.1989 2.5166 2.4099 -1.1660 0.1714 1.8340 0.2234 1.2152 -1.1620 1.7174 0.1429 237.2184
53 0.5378 1.3767 1.9319 1.3659 2.1299 0.3363 2.9423 2.7723 2.9133 3.0133 1.8268 3.1416 2.5579 2.4493 2.1461 2.3507 0.7927 1.1244 -1.0790 0.1322 1.9210 0.2285 1.2461 -1.1660 0.0205 0.0009 253.2507
54 1.0104 2.2350 2.7581 1.2731 1.8278 1.4848 2.3720 0.4655 3.1416 2.2668 2.6319 0.4302 0.8390 3.0135 2.5613 1.1986 2.5166 2.4060 -1.1300 0.1713 1.8700 0.2343 1.2745 -1.1660 0.0083 0.0009 269.9374
55 0.9968 2.2413 2.7630 1.2961 1.8230 1.4642 2.3820 0.4740 3.1416 2.2798 2.6304 0.4559 0.8388 3.0101 2.5683 1.2021 2.5099 2.4090 -1.1060 0.1765 1.8940 0.2374 1.3024 -1.1660 1.6761 0.1178 272.4973
56 3.1416 0.1000 3.1416 0.2256 0.1000 2.8031 0.1000 2.7903 2.8221 0.1000 0.1517 0.1000 2.8639 0.1000 0.8422 2.9925 3.1416 3.1416 -1.2500 0.1551 1.7500 0.2424 1.3338 -1.1660 1.6625 0.0009 274.4614
57 3.1416 0.1000 3.1416 0.2256 0.1000 2.8031 0.1000 2.7903 2.8221 0.1000 0.1517 0.1000 2.8639 0.1000 0.8422 2.9925 3.1416 3.1416 -1.2230 0.1551 1.7770 0.2460 1.3629 -1.2500 0.0102 0.0010 300.3185
58 3.1381 0.1000 3.1416 0.2467 0.1000 2.7937 0.1000 2.7713 2.8111 0.1000 0.1757 0.1000 2.8364 0.1000 0.8595 2.9789 3.1416 3.1416 -1.3700 0.1578 1.6300 0.2491 1.3893 -1.2500 1.6937 0.1326 303.3626
59 0.6371 1.4291 1.9965 1.3915 2.0471 0.2291 2.8854 2.7285 2.8883 2.9986 1.9105 3.1416 2.4403 2.4952 2.2893 2.4886 0.7343 1.1940 -0.6230 0.1031 2.3770 0.2534 1.4207 -1.3700 0.0701 0.0010 325.0723
60 3.1254 0.1000 3.1416 0.3239 0.1000 2.7593 0.1000 2.7019 2.7709 0.1000 0.2633 0.1000 2.7360 0.1000 0.9229 2.9292 3.1416 3.1416 -1.3770 0.1684 1.6230 0.2508 1.4276 -1.3700 0.0123 0.0009 355.8534
61 3.1296 0.1000 3.1416 0.3061 0.1000 2.7704 0.1000 2.7134 2.8107 0.1000 0.2288 0.1000 2.7569 0.1000 0.8992 2.9484 3.1416 3.1416 -1.3870 0.1677 1.6130 0.2578 1.4419 -1.3770 1.6610 0.1803 358.8876
62 3.1290 0.1000 3.1416 0.3030 0.1000 2.7691 0.1000 2.7199 2.7869 0.1000 0.2372 0.1000 2.7627 0.1000 0.9042 2.9439 3.1416 3.1416 -1.3250 0.1656 1.6750 0.2654 1.4714 -1.3870 0.0101 0.0010 385.1440
63 1.1429 2.1550 2.7050 1.1200 1.9000 1.5656 2.3091 0.3941 3.1416 2.2284 2.5891 0.3029 0.8316 3.0284 2.5437 1.2027 2.5586 2.3541 -0.7630 0.0600 2.2370 0.2719 1.5073 -1.3870 0.0202 0.0009 403.2812
64 3.1274 0.1000 3.1416 0.3314 0.1000 2.7642 0.1000 2.6834 2.8467 0.1000 0.2344 0.1000 2.7205 0.1000 0.9053 2.9446 3.1416 3.1416 -1.3560 0.1750 1.6440 0.2694 1.5112 -1.3870 0.0120 0.0009 428.8688
65 3.1416 0.1000 3.1416 0.3755 0.1000 2.7840 0.1000 2.7261 2.7911 0.1000 0.2337 0.1000 2.7484 0.1000 0.9265 2.9491 3.1416 3.1416 -1.4340 0.1697 1.5660 0.2767 1.5398 -1.3870 0.0199 0.0009 452.1426
66 3.1416 0.1000 3.1416 0.4632 0.1000 2.8105 0.1000 2.7556 2.7763 0.1000 0.2225 0.1000 2.7529 0.1000 0.9533 2.9605 3.1416 3.1416 -1.3350 0.1682 1.6650 0.2851 1.5719 -1.4340 0.0108 0.0010 481.5034
67 3.1416 0.1000 3.1388 0.3675 0.1000 2.7898 0.1000 2.6677 2.7895 0.1000 0.2641 0.1000 2.7881 0.1026 0.9655 3.0045 3.1416 3.1416 -1.2390 0.1498 1.7610 0.2902 1.5922 -1.4340 0.0293 0.0010 507.6779
68 3.1416 0.1000 3.1416 0.3729 0.1000 2.7591 0.1000 2.8155 2.7881 0.1000 0.1959 0.1000 2.6593 0.1000 0.8561 2.8343 3.1416 3.1416 -1.3700 0.1573 1.6300 0.2959 1.6245 -1.4340 0.0126 0.0010 538.4674
69 3.1416 0.1000 3.1416 0.3525 0.1000 2.8224 0.1000 2.7667 2.8043 0.1000 0.2058 0.1000 2.7131 0.1000 0.9038 2.8770 3.1416 3.1416 -1.4500 0.1869 1.5500 0.3039 1.6522 -1.4340 0.0162 0.0009 568.7370
70 3.1416 0.1000 3.1416 0.3429 0.1000 2.8577 0.1000 2.7653 2.8095 0.1000 0.2040 0.1000 2.7061 0.1000 0.9145 2.8526 3.1416 3.1416 -1.6000 0.1961 1.4000 0.3123 1.6870 -1.4500 0.0073 0.0010 602.7800
71 3.1416 0.1000 3.1416 0.2987 0.1000 3.0238 0.1000 2.7512 2.8298 0.1000 0.2034 0.1000 2.6714 0.1000 0.9722 2.7379 3.1416 3.1416 -1.6970 0.2217 1.3030 0.3184 1.7320 -1.6000 0.0114 0.0010 629.2417
72 3.1416 0.1000 3.1416 0.2894 0.1000 3.0603 0.1000 2.7475 2.8339 0.1000 0.2045 0.1000 2.6603 0.1000 0.9853 2.7092 3.1416 3.1416 -1.6440 0.2210 1.3560 0.3343 1.7807 -1.6970 0.0108 0.0010 655.8688
73 3.1416 0.1000 3.1416 0.3126 0.1000 2.9998 0.1000 2.7428 2.8446 0.1000 0.2028 0.1000 2.7164 0.1000 0.9730 2.7103 3.1416 3.1416 -1.6200 0.2327 1.3800 0.3409 1.8026 -1.6970 0.0194 0.0010 687.0297
74 3.1416 0.1000 3.1416 0.2784 0.1000 3.0547 0.1000 2.7651 2.8081 0.1000 0.2023 0.1000 2.6075 0.1000 0.9678 2.7883 3.1416 3.1416 -1.5030 0.1994 1.4970 0.3530 1.8419 -1.6970 0.0094 0.0010 718.7730
75 3.1416 0.1000 3.1416 0.3244 0.1000 3.0152 0.1000 2.7243 2.8647 0.1000 0.2139 0.1000 2.7358 0.1000 0.9958 2.5996 3.1416 3.1416 -1.4590 0.2182 1.5410 0.3581 1.8670 -1.6970 0.0104 0.0010 743.5985
76 3.0650 0.1000 3.1416 0.3135 0.1000 3.0193 0.1000 2.7604 2.8476 0.1000 0.1711 0.1000 2.7279 0.1000 0.9602 2.7755 3.1416 3.1416 -1.6080 0.2088 1.3920 0.3484 1.8427 -1.6970 0.0151 0.0010 778.6173
77 3.1416 0.1000 3.1416 0.2919 0.1000 3.0031 0.1000 2.8122 2.8858 0.1000 0.2516 0.1000 2.7198 0.1000 0.9861 2.7773 3.1416 3.1416 -1.7360 0.2836 1.2640 0.3617 1.8847 -1.6970 0.0123 0.0010 814.9655
78 3.1416 3.1416 3.1416 3.1416 0.1000 0.1000 0.1000 0.1000 0.1000 3.1416 0.1000 0.1000 3.1416 0.1000 0.1000 0.1000 0.1000 3.1416 -0.0370 0.0608 2.9630 0.3708 1.9155 -1.7360 0.9627 0.0010 838.0211
79 3.1416 0.1000 3.1416 0.2835 0.1000 3.0087 0.1000 2.8507 2.9181 0.1000 0.2871 0.1000 2.7261 0.1000 1.0016 2.7846 3.1416 3.1416 -1.6690 0.3137 1.3310 0.3619 1.8416 -1.7360 0.0065 0.0009 877.5637
80 3.1416 0.1000 3.1416 0.3054 0.1000 3.0357 0.1000 2.8121 2.8944 0.1000 0.3019 0.1000 2.7375 0.1000 0.9285 2.7835 3.1416 3.1416 -1.7330 0.2909 1.2670 0.3701 1.8687 -1.7360 0.0116 0.0009 934.0481
81 3.1416 0.1000 3.1416 0.3089 0.1000 3.0488 0.1000 2.8161 2.9010 0.1000 0.3173 0.1000 2.7400 0.1000 0.9150 2.7841 3.1416 3.1416 -1.7420 0.2944 1.2580 0.3813 1.8991 -1.7360 0.0062 0.0010 994.8143
82 3.1416 0.1000 3.1416 0.3120 0.1000 3.0620 0.1000 2.8209 2.9083 0.1000 0.3320 0.1000 2.7419 0.1000 0.9031 2.7844 3.1416 3.1416 -1.6630 0.2976 1.3370 0.3894 1.9292 -1.7420 0.0064 0.0010 1038.9854
83 3.1416 0.1000 3.1416 0.2955 0.1680 3.0273 0.1000 2.8163 2.8879 0.1000 0.2993 0.1000 2.7398 0.1000 0.9440 2.7838 3.1416 3.1416 -1.7550 0.3102 1.2450 0.3945 1.9516 -1.7420 0.0128 0.0010 1092.4465
84 3.1416 0.1000 3.1416 3.1416 0.1000 0.1000 0.1000 3.1416 0.1000 0.1000 0.1000 0.1000 0.1000 0.1000 0.1000 0.1000 3.1416 0.1000 1.6200 0.0055 4.6200 0.4035 1.9740 -1.7550 0.4790 0.0010 1135.1031
85 3.1416 0.1000 3.1416 0.1000 3.1416 0.1000 3.1416 0.1000 0.1000 0.1000 0.1000 0.1000 3.1416 3.1416 0.1000 0.1000 0.1000 3.1416 0.1380 0.0581 3.1380 0.4224 1.9515 -1.7550 0.2478 0.0010 1193.0596
86 3.1416 0.1000 3.1416 0.2926 0.2081 3.0382 0.1000 2.8284 2.8968 0.1000 0.3128 0.1000 2.7399 0.1000 0.9451 2.7838 3.1416 3.1416 -1.8400 0.3279 1.1600 0.4164 1.8934 -1.7550 0.0062 0.0010 1237.5799
87 3.1416 0.1000 3.1416 0.2853 0.3262 3.0649 0.1000 2.8550 2.9154 0.1000 0.3438 0.1000 2.7410 0.1000 0.9476 2.7812 3.1416 3.1416 -1.6210 0.3603 1.3790 0.4241 1.9195 -1.8400 0.0091 0.0009 1268.4742
88 3.1416 3.1416 0.1000 3.1416 0.1000 3.1416 0.1000 3.1416 0.1000 0.1000 0.1000 3.1416 3.1416 0.1000 0.1000 0.1000 0.1000 3.1416 0.4210 0.0341 3.4210 0.4221 1.9178 -1.8400 0.6309 0.0010 1332.7943
89 3.1416 0.1000 3.1416 0.2798 0.1866 3.0299 0.2317 2.8262 2.8651 0.1000 0.3262 0.1000 2.7534 0.1000 0.9458 2.7806 3.1416 3.1416 -1.7030 0.3435 1.2970 0.4187 1.8636 -1.8400 0.0158 0.0010 1389.6428
90 0.1000 0.1000 3.1416 0.1000 0.1000 0.1000 3.1416 0.1000 0.1000 3.1416 0.1000 3.1416 3.1416 0.1000 0.1000 3.1416 0.1000 3.1416 -0.4270 0.0956 2.5730 0.4284 1.8776 -1.8400 0.5606 0.0010 1467.7021
91 3.1416 0.1000 3.1416 0.2800 0.1860 3.0316 0.1000 2.8278 2.8677 0.2363 0.3275 0.1000 2.7525 0.1000 0.9459 2.7807 3.1416 3.1416 -1.6230 0.2700 1.3770 0.4216 1.8336 -1.8400 0.0089 0.0009 1554.5416
92 3.1416 3.1416 3.1416 0.1000 0.1000 0.1000 3.1416 3.1416 0.1000 3.1416 0.1000 0.1000 3.1416 0.1000 3.1416 0.1000 3.1416 3.1416 -0.3280 0.0789 2.6720 0.4301 1.8491 -1.8400 0.2354 0.0010 1610.8862
93 3.1416 0.2459 3.1416 0.2932 0.1881 3.0336 0.1137 2.8205 2.9035 0.1000 0.3107 0.1000 2.7396 0.1000 0.9407 2.7865 3.1416 3.1416 -1.8580 0.3270 1.1420 0.4235 1.8058 -1.8400 0.0082 0.0009 1671.3501
94 3.1416 0.1000 0.1000 3.1416 0.1000 0.1000 0.1000 0.1000 0.1000 3.1416 0.1000 0.1000 3.1416 3.1416 0.1000 3.1416 3.1416 3.1416 -1.1560 0.1518 1.8440 0.4308 1.8204 -1.8580 0.1423 0.0010 1732.3968
95 3.1416 0.3038 3.1416 0.2917 0.1900 3.0411 0.1160 2.8253 2.9116 0.1000 0.3186 0.1000 2.7391 0.1000 0.9398 2.7858 3.1416 3.1416 -1.8200 0.3340 1.1800 0.4274 1.8021 -1.8580 0.0062 0.0010 1776.5807
96 3.1416 0.1000 0.1000 3.1416 0.1000 0.1000 0.1000 0.1000 0.1000 3.1416 0.1000 0.1000 3.1416 3.1416 0.1000 2.3154 3.1416 3.1416 -0.2950 0.0447 2.7050 0.4337 1.8163 -1.8580 0.0432 0.0010 1881.8310
97 3.1416 0.1000 0.1000 3.1416 0.1000 0.1000 0.1000 0.1000 0.1000 3.1416 0.1000 0.9208 3.1416 3.1416 0.1000 3.1416 3.1416 3.1416 -0.3440 0.0418 2.6560 0.4296 1.8062 -1.8580 0.0461 0.0010 1945.4541
98 3.1416 3.1416 3.1416 0.1000 0.1000 3.1416 0.1000 0.1000 0.1000 3.1416 0.1000 3.1416 0.1000 3.1416 0.1000 0.1000 3.1416 3.1416 0.6770 0.0236 3.6770 0.4264 1.7930 -1.8580 0.1749 0.0010 2013.3394
99 0.5538 1.2965 1.5746 1.3418 2.4094 0.2444 3.0673 2.6021 2.9624 3.1416 1.7380 3.1416 2.7379 2.3592 1.9047 2.2056 0.9103 0.7985 -0.2840 0.0589 2.7160 0.4267 1.7541 -1.8580 0.0261 0.0010 2105.9445
100 3.1416 0.2758 3.1416 0.2932 0.1918 3.0339 0.1138 2.8187 2.9054 0.1000 0.3116 0.1000 2.7401 0.1000 0.9391 2.7863 3.0818 3.1416 -1.7810 0.3278 1.2190 0.4122 1.7324 -1.8580 0.0094 0.0009 2145.8551
101 3.1416 0.2753 3.1416 0.2925 0.1892 3.0387 0.1158 2.8250 2.9090 0.1000 0.3159 0.1771 2.7389 0.1000 0.9407 2.7861 3.1416 3.1416 -1.8380 0.3299 1.1620 0.4199 1.7495 -1.8580 0.0071 0.0009 2196.3016
102 3.1416 0.2863 3.1416 0.2917 0.1884 3.0435 0.1175 2.8293 2.9141 0.1000 0.3204 0.1627 2.7378 0.1000 0.9410 2.7859 3.1416 3.0813 -1.9240 0.3362 1.0760 0.4282 1.7638 -1.8580 0.0070 0.0008 2240.0800
103 3.1416 0.1000 3.1416 3.1416 3.1416 3.1416 0.1000 0.1000 0.1000 0.1000 3.1416 0.1000 3.1416 0.1000 0.1000 3.1416 0.1000 3.1416 -0.5870 0.0951 2.4130 0.4350 1.7794 -1.9240 0.1017 0.0010 2318.2860
104 3.1416 0.3234 3.1416 0.2895 0.1901 3.0563 0.1215 2.8392 2.9263 0.1000 0.3325 0.1945 2.7362 0.1000 0.9411 2.7840 3.1416 2.9930 -1.8980 0.3257 1.1020 0.4292 1.7467 -1.9240 0.0091 0.0010 2369.7560
105 0.1000 0.1000 3.1416 0.1000 0.1000 0.1000 0.1000 0.1000 0.1000 0.1000 3.1416 0.1000 3.1416 0.1000 0.1000 3.1416 0.1000 0.1000 -1.4220 0.1847 1.5780 0.4371 1.7588 -1.9240 0.2444 0.0010 2429.7553
106 0.1000 0.1000 3.1416 0.1000 0.1000 0.7267 0.1000 0.1000 0.1000 0.1000 3.1416 0.1000 3.1416 0.1000 0.1000 3.1416 0.1000 0.1000 -1.2610 0.1344 1.7390 0.4359 1.7519 -1.9240 0.0303 0.0010 2504.0238
107 3.1416 0.3650 3.1416 0.2863 0.1892 3.0747 0.1272 2.8541 2.9438 0.1000 0.3490 0.2146 2.7331 0.1000 0.9420 2.7822 3.1416 2.9757 -1.9350 0.3361 1.0650 0.4396 1.7556 -1.9240 0.0107 0.0010 2545.8092
108 3.1416 0.3992 3.1416 0.2835 0.1889 3.0901 0.1315 2.8662 2.9580 0.1000 0.3627 0.2310 2.7306 0.1000 0.9425 2.7805 3.1416 2.9562 -1.9580 0.3398 1.0420 0.4475 1.7699 -1.9350 0.0104 0.0010 2582.0942
109 0.1000 0.1000 3.1416 0.1000 0.1000 0.1000 0.1000 0.1000 0.1000 0.1000 2.4650 0.1000 3.1416 0.1000 0.1000 3.1416 0.1000 0.1000 -0.9360 0.1173 2.0640 0.4548 1.7823 -1.9580 0.0290 0.0010 2643.7068
110 3.1416 0.4482 3.1416 0.2793 0.1885 3.1125 0.1375 2.8839 2.9787 0.1000 0.3822 0.2538 2.7271 0.1000 0.9434 2.7780 3.1416 2.9313 -1.9080 0.3426 1.0920 0.4551 1.7829 -1.9580 0.0097 0.0010 2676.5891
111 3.1416 0.3887 3.1416 0.2995 0.1957 3.0900 0.1571 2.8458 3.0179 0.1000 0.3365 0.2213 2.7094 0.1000 0.9326 2.7901 3.1416 2.9408 -1.8870 0.3378 1.1130 0.4608 1.7913 -1.9580 0.0122 0.0009 2713.6057
112 3.1416 0.4081 3.1416 0.2653 0.1792 3.0939 0.1000 2.8943 2.8915 0.1000 0.3961 0.2383 2.7509 0.1000 0.9553 2.7681 3.1416 2.9518 -1.7860 0.3251 1.2140 0.4671 1.7994 -1.9580 0.0112 0.0010 2753.1462
113 3.1416 3.1416 3.1416 3.1416 3.1416 0.1000 3.1416 0.1000 0.1000 0.1000 0.1000 3.1416 0.1000 0.1000 0.1000 3.1416 0.1000 3.1416 0.6330 0.0309 3.6330 0.4695 1.8091 -1.9580 0.0369 0.0010 2830.8360
114 3.1416 0.3944 3.1416 0.3023 0.2026 3.0906 0.1744 2.8295 3.0378 0.1000 0.3214 0.2600 2.7125 0.1000 0.9249 2.7943 3.1416 3.0195 -1.9150 0.3638 1.0850 0.4705 1.7774 -1.9580 0.0098 0.0009 2865.6980
115 0.1000 0.8005 3.1416 0.1000 0.1000 0.1000 0.1000 0.1000 0.1000 0.1000 3.1416 0.1000 3.1416 0.1000 0.1000 3.1416 0.1000 0.1000 -0.8070 0.1073 2.1930 0.4767 1.7857 -1.9580 0.0235 0.0010 2939.1589
116 3.1416 0.1000 3.1416 0.1000 3.1416 3.1416 0.1000 3.1416 0.1000 3.1416 0.1000 0.1000 3.1416 0.1000 3.1416 0.1000 0.1000 0.1000 -0.9390 0.1264 2.0610 0.4761 1.7861 -1.9580 0.0380 0.0010 3019.7394
117 3.1416 0.1000 3.1416 0.1000 3.1416 3.1416 0.1000 3.1416 0.1000 3.1416 0.1000 0.1000 3.1416 0.1000 3.1416 0.1000 0.1000 1.3947 -0.1230 0.0518 2.8770 0.4721 1.7652 -1.9580 0.0292 0.0010 3080.3754
118 0.1000 0.1000 3.1416 0.8020 0.1000 0.1000 0.1000 0.1000 0.1000 0.1000 3.1416 0.1000 3.1416 0.1000 0.1000 3.1416 0.1000 0.1000 -1.3590 0.1687 1.6410 0.4698 1.7465 -1.9580 0.0250 0.0010 3164.5680
119 0.1000 0.1000 2.4454 0.4329 0.1000 0.1000 0.1000 0.1000 0.1000 0.1000 3.1416 0.1000 3.1416 0.1000 0.1000 3.1416 0.1000 0.1000 1.5080 0.0051 4.5080 0.4733 1.7493 -1.9580 0.0205 0.0010 3234.0774
120 3.1416 0.3785 3.0661 0.2988 0.2056 3.0746 0.1594 2.8244 3.0024 0.1000 0.3194 0.2180 2.7235 0.1000 0.9272 2.7907 3.1416 2.9874 -2.0190 0.3505 0.9810 0.4367 1.8440 -1.9580 0.0098 0.0009 3274.5633
121 3.1416 0.3957 2.9761 0.3004 0.2145 3.0788 0.1690 2.8164 3.0200 0.1000 0.3139 0.2195 2.7231 0.1000 0.9217 2.7906 3.1416 2.9748 -1.8960 0.3338 1.1040 0.4423 1.8551 -2.0190 0.0085 0.0010 3302.0467
122 3.1416 0.3843 3.0815 0.2999 0.2141 3.0731 0.1690 2.8109 3.0137 0.1000 0.3083 0.2122 2.7267 0.2233 0.9211 2.7915 3.1416 2.9794 -1.9490 0.4224 1.0510 0.4475 1.8637 -2.0190 0.0099 0.0010 3354.5295
123 3.1416 0.4215 3.0934 0.2233 0.2329 3.0716 0.1679 2.7374 3.0426 0.1000 0.3388 0.2026 2.7237 0.1432 0.8883 2.7785 3.1416 2.9556 -1.8960 0.3640 1.1040 0.4547 1.8724 -2.0190 0.0137 0.0010 3389.7612
124 0.1000 3.1416 3.1416 3.1416 0.1000 0.1000 0.1000 3.1416 3.1416 3.1416 0.1000 0.1000 3.1416 3.1416 0.1000 0.1000 3.1416 3.1416 -0.3810 0.0845 2.6190 0.4623 1.8866 -2.0190 0.0424 0.0010 3472.2005
125 3.1416 0.4243 3.0867 0.3701 0.2319 3.1369 0.1967 2.8442 3.0093 0.1000 0.2494 0.1966 2.7658 0.1510 0.9188 2.8005 3.1416 2.9607 -1.8770 0.3692 1.1230 0.4573 1.8536 -2.0190 0.0120 0.0009 3515.8754
126 0.1000 0.1000 3.1416 3.1416 0.1000 3.1416 3.1416 3.1416 0.1000 3.1416 3.1416 0.1000 3.1416 0.1000 0.1000 0.1000 0.1000 3.1416 0.7180 0.0283 3.7180 0.4641 1.8669 -2.0190 0.0337 0.0010 3601.4041
127 3.1416 0.3863 3.0548 0.3056 0.1966 3.0120 0.1730 2.8683 3.0610 0.1000 0.3643 0.2366 2.6579 0.1837 0.9643 2.7849 3.1416 2.9951 -2.1250 0.4631 0.8750 0.4649 1.8373 -2.0190 0.0125 0.0010 3627.0266
128 3.1416 0.4187 3.0297 0.3154 0.1966 2.9677 0.1920 2.9132 3.1237 0.1000 0.4055 0.2551 2.6011 0.2297 0.9977 2.7771 3.1416 2.9906 -1.9670 0.5222 1.0330 0.4704 1.8505 -2.1250 0.0112 0.0010 3651.6506
129 3.1416 3.1416 0.1000 3.1416 3.1416 0.1000 0.1000 3.1416 0.1000 0.1000 0.1000 0.1000 3.1416 3.1416 3.1416 0.1000 3.1416 3.1416 1.5630 0.0057 4.5630 0.4744 1.8547 -2.1250 0.0503 0.0010 3725.1751
130 3.0012 0.3653 3.0404 0.3141 0.1839 3.0117 0.1732 2.8758 3.0677 0.1000 0.3866 0.2500 2.6339 0.2028 0.9490 2.7844 3.1416 3.0003 -1.8000 0.4127 1.2000 0.4856 1.8437 -2.1250 0.0102 0.0010 3776.0159
131 3.1416 0.1000 3.1416 3.1416 0.1000 0.1000 3.1416 3.1416 0.1000 0.1000 3.1416 3.1416 3.1416 0.1000 3.1416 0.1000 0.1000 3.1416 -0.2340 0.0719 2.7660 0.4885 1.8576 -2.1250 0.0218 0.0010 3854.0964
132 3.1416 0.4398 3.0604 0.2483 0.2228 2.9722 0.1767 2.8892 3.1110 0.1000 0.2990 0.2243 2.6843 0.1727 1.0878 2.7933 3.1416 2.9767 -2.1560 0.4773 0.8440 0.4841 1.8275 -2.1250 0.0112 0.0010 3892.4747
133 0.8969 2.0650 3.1056 1.1684 1.3101 1.2093 2.3054 0.8997 3.1416 2.2784 2.5062 0.4452 0.5687 3.0052 2.7548 1.0843 2.3806 2.4876 0.3510 0.0448 3.3510 0.4894 1.8373 -2.1560 0.0299 0.0009 3922.8983
134 3.1416 0.4679 3.0589 0.2262 0.2349 2.9603 0.1801 2.8989 3.1359 0.1000 0.2778 0.2271 2.6907 0.1722 1.1340 2.7956 3.1416 2.9642 -2.1200 0.4787 0.8800 0.4770 1.8216 -2.1560 0.0096 0.0010 3954.3245
135 3.1416 0.1000 3.1416 3.1416 3.1416 3.1416 0.1000 0.1000 3.1416 3.1416 0.1000 3.1416 3.1416 0.1000 0.1000 0.1000 0.1000 0.1000 -1.2000 0.1560 1.8000 0.4822 1.8302 -2.1560 0.0227 0.0010 4024.7710
136 0.1000 3.1416 0.1000 3.1416 0.1000 0.1000 3.1416 0.1000 0.1000 3.1416 0.1000 0.1000 0.1000 3.1416 0.1000 0.1000 0.1000 0.1000 -1.0350 0.1689 1.9650 0.4787 1.8130 -2.1560 0.0335 0.0010 4112.5053
137 3.1416 0.4709 3.0605 0.2116 0.2251 2.9562 0.2278 2.9139 3.1262 0.1000 0.2807 0.2060 2.6881 0.1664 1.1229 2.7882 3.1416 2.9626 -2.1630 0.4806 0.8370 0.4748 1.7934 -2.1560 0.0162 0.0010 4157.2475
138 3.1416 0.1000 3.1416 3.1416 3.1416 2.2017 0.1000 0.1000 3.1416 3.1416 0.1000 3.1416 3.1416 0.1000 0.1000 0.1000 0.1000 0.1000 -1.2170 0.1560 1.7830 0.4803 1.8016 -2.1630 0.0175 0.0010 4260.5062
139 3.1416 0.4885 3.0587 0.1967 0.2256 2.9543 0.2473 2.9260 3.1416 0.1000 0.2756 0.2006 2.6859 0.1656 1.1383 2.7866 3.1416 2.9561 -2.1030 0.4816 0.8970 0.4816 1.8006 -2.1630 0.0109 0.0010 4304.1772
140 0.1000 3.1416 0.1000 3.1416 0.1000 0.1000 3.1416 0.1000 0.1000 3.1416 0.1000 0.1000 0.1000 2.0503 0.1000 0.1000 0.1000 0.1000 0.8980 0.0019 3.8980 0.4859 1.8078 -2.1630 0.0188 0.0010 4397.8079
141 3.1416 0.1000 3.1416 3.1416 3.1416 2.6161 0.1000 0.1000 3.1416 3.1416 0.1000 3.1416 3.1416 0.1000 0.1000 0.1000 1.0159 0.1000 -1.1710 0.2142 1.8290 0.4825 1.8025 -2.1630 0.0219 0.0010 4475.7003
142 3.1416 0.4543 3.0660 0.2393 0.2580 2.9279 0.2069 2.8899 3.1070 0.1000 0.2740 0.2596 2.6942 0.1642 1.1293 2.7804 3.1416 2.9557 -2.1380 0.4749 0.8620 0.4838 1.8014 -2.1630 0.0119 0.0010 4517.1495
143 3.1416 0.1000 3.1416 3.1416 3.1416 2.6167 0.1000 0.1000 3.1416 3.1416 0.1000 3.1416 3.1416 0.1000 1.0371 0.1000 0.1642 0.1000 -0.9270 0.2629 2.0730 0.4894 1.8094 -2.1630 0.0228 0.0010 4586.9032
144 3.1416 0.1000 3.1416 3.1416 3.1416 2.6230 0.1000 0.1000 2.1958 3.1416 0.1000 3.1416 3.1416 0.1000 0.1000 0.1000 0.2368 0.1000 1.0200 0.0080 4.0200 0.4898 1.8058 -2.1630 0.0262 0.0010 4662.5986
145 3.1416 0.4551 3.0640 0.2547 0.2345 2.9547 0.2118 2.8663 3.1137 0.1000 0.3099 0.2197 2.7001 0.1650 1.1571 2.8040 3.1416 2.9587 -2.1550 0.4711 0.8450 0.4821 1.8202 -2.1630 0.0137 0.0010 4700.4723
146 3.1416 0.4575 3.0598 0.2460 0.2345 2.9661 0.2146 2.8644 3.1223 0.1000 0.3085 0.2369 2.7001 0.1716 1.1753 2.8102 3.1416 2.9612 -2.1610 0.4782 0.8390 0.4878 1.8292 -2.1630 0.0115 0.0009 4737.9081
147 3.1416 3.1416 0.1000 3.1416 3.1416 3.1416 0.1000 0.1000 0.1000 3.1416 3.1416 0.1000 3.1416 3.1416 0.1000 3.1416 0.1000 3.1416 -0.0960 0.0689 2.9040 0.4925 1.8380 -2.1630 0.0663 0.0010 4855.5066
148 3.1416 0.4610 3.0588 0.2446 0.2361 2.9683 0.2145 2.8637 3.1284 0.1000 0.3084 0.2410 2.7001 0.1727 1.1839 2.8116 3.1416 2.9604 -2.1750 0.4803 0.8250 0.4890 1.8112 -2.1630 0.0110 0.0010 4892.1945
149 3.1416 0.4775 3.0538 0.2388 0.2422 2.9766 0.2178 2.8597 3.1416 0.1000 0.3091 0.2580 2.6992 0.1790 1.2185 2.8191 3.1416 2.9566 -2.1590 0.4828 0.8410 0.4933 1.8199 -2.1750 0.0097 0.0010 4923.1509
150 3.1416 0.1000 0.1000 0.1000 0.1000 0.1000 3.1416 3.1416 3.1416 0.1000 0.1000 3.1416 0.1000 0.1000 0.1000 0.1000 3.1416 3.1416 -1.4280 0.1801 1.5720 0.4982 1.8290 -2.1750 0.3379 0.0010 5022.0057
151 3.1416 0.1000 0.1000 0.1000 0.1000 0.1000 3.1416 3.1416 3.1416 0.1000 0.1000 3.1416 0.1000 0.1000 0.1000 0.1000 3.1416 2.3691 -0.3960 0.0476 2.6040 0.4954 1.8156 -2.1750 0.0175 0.0010 5099.2377
152 3.1416 0.1000 0.1000 0.1000 0.1000 0.1000 3.1416 3.1416 3.1416 0.1000 0.1000 3.1416 0.8597 0.1000 0.1000 0.1000 3.1416 3.1416 -1.2280 0.2737 1.7720 0.4926 1.8168 -2.1750 0.0190 0.0010 5197.8599
153 3.1416 0.4677 3.0510 0.2377 0.2279 2.9703 0.2226 2.8669 3.1416 0.1000 0.3185 0.2631 2.7309 0.1834 1.2072 2.8079 3.1416 2.9639 -2.2300 0.5038 0.7700 0.4945 1.8180 -2.1750 0.0157 0.0010 5231.3728
154 3.1416 0.4907 3.0314 0.2206 0.2135 2.9695 0.2445 2.8788 3.1416 0.1000 0.3372 0.3096 2.7921 0.2092 1.2564 2.7976 3.1416 2.9685 -2.2600 0.5355 0.7400 0.4990 1.8260 -2.2300 0.0110 0.0010 5266.2523
155 3.1416 0.5126 3.0174 0.2071 0.2075 2.9672 0.2601 2.8894 3.1416 0.1000 0.3463 0.3401 2.8270 0.2270 1.2925 2.7907 3.1416 2.9694 -2.1860 0.5458 0.8140 0.5045 1.8342 -2.2600 0.0086 0.0009 5290.7440
156 3.1416 0.4189 3.0284 0.1942 0.1909 2.9970 0.2554 2.8855 3.1416 0.1000 0.3294 0.3312 2.7951 0.2176 1.2563 2.8111 3.1416 2.9365 -2.1410 0.4740 0.8590 0.5089 1.8400 -2.2600 0.0114 0.0010 5328.7242
157 3.1416 0.5833 3.0350 0.2552 0.2368 2.9398 0.2312 2.8674 3.1416 0.1000 0.3581 0.2864 2.8041 0.1956 1.2784 2.7812 3.1416 3.0111 -2.2530 0.5971 0.7470 0.5142 1.8478 -2.2600 0.0102 0.0009 5359.4132
158 3.1416 0.6050 3.0334 0.2573 0.2425 2.9359 0.2311 2.8677 3.1416 0.1000 0.3612 0.2868 2.8058 0.1945 1.2957 2.7799 3.1416 3.0151 -2.2320 0.6047 0.7680 0.5195 1.8547 -2.2600 0.0113 0.0010 5391.4836
159 3.1416 0.5725 3.0376 0.2689 0.2446 2.9262 0.2306 2.8749 3.1416 0.1000 0.3776 0.2615 2.8292 0.1951 1.2766 2.7707 3.1416 2.9852 -2.2580 0.5843 0.7420 0.5234 1.8612 -2.2600 0.0138 0.0010 5422.7450
160 3.1416 0.5785 3.0362 0.2702 0.2505 2.9238 0.2303 2.8782 3.1416 0.1000 0.3811 0.2573 2.8320 0.1962 1.2879 2.7696 3.1416 2.9772 -2.3250 0.5796 0.6750 0.5276 1.8670 -2.2600 0.0112 0.0009 5456.8925
161 3.1416 0.6195 3.0289 0.2896 0.2875 2.8926 0.2348 2.9001 3.1416 0.1000 0.4204 0.2190 2.8755 0.2031 1.3508 2.7523 3.1416 2.9163 -2.1210 0.5214 0.8790 0.5309 1.8722 -2.3250 0.0111 0.0010 5514.3433
162 3.1416 0.5684 3.0582 0.2787 0.1877 2.9144 0.2610 2.8581 3.1416 0.1000 0.3812 0.2899 2.8521 0.1552 1.2237 2.7554 3.1416 3.0753 -2.1570 0.6099 0.8430 0.5339 1.8764 -2.3250 0.0105 0.0010 5570.1446
163 3.1416 0.6007 3.0086 0.2316 0.2806 2.9808 0.1331 2.8725 3.1416 0.1000 0.3410 0.2725 2.8078 0.2822 1.2966 2.7917 3.1416 3.0418 -2.1070 0.6000 0.8930 0.5390 1.8831 -2.3250 0.0108 0.0010 5612.5514
164 3.1416 0.6263 3.0241 0.2846 0.2293 2.9138 0.3118 2.8414 3.1416 0.1000 0.3524 0.3496 2.7507 0.1183 1.3201 2.7883 3.1416 2.9261 -2.1650 0.4863 0.8350 0.5424 1.8889 -2.3250 0.0123 0.0010 5645.4606
165 3.1416 0.1000 0.1000 0.1000 0.1000 0.1000 3.1416 3.1416 3.1416 0.1000 0.1000 3.1416 0.1000 0.1000 0.1000 0.1000 2.2541 3.1416 -1.4250 0.1801 1.5750 0.5476 1.8952 -2.3250 0.0094 0.0010 5739.4456
166 3.1416 0.5451 3.0699 0.2390 0.3238 2.9525 0.3350 2.9028 3.1416 0.1000 0.4200 0.2723 2.8057 0.1760 1.2704 2.8256 3.1416 3.0101 -2.1940 0.5700 0.8060 0.5491 1.8948 -2.3250 0.0110 0.0010 5794.1041
167 3.1416 0.5760 3.1416 0.2706 0.1840 2.9416 0.3126 2.8516 3.1416 0.1000 0.3662 0.2368 2.7885 0.2621 1.3007 2.7678 3.1416 2.9603 -2.1050 0.5110 0.8950 0.5551 1.9006 -2.3250 0.0102 0.0010 5856.9905
168 3.1416 0.5261 2.9308 0.2501 0.2343 2.9472 0.2380 2.9233 3.1416 0.1000 0.4000 0.2482 2.8040 0.1000 1.3039 2.7888 3.1416 3.0026 -2.0830 0.5480 0.9170 0.5597 1.9077 -2.3250 0.0105 0.0010 5892.4909
169 3.1416 0.5648 3.0810 0.2533 0.3205 2.8737 0.2226 2.8664 3.1416 0.1000 0.3475 0.3707 2.8498 0.1883 1.2170 2.7873 3.1416 2.9431 -2.1660 0.5155 0.8340 0.5622 1.9147 -2.3250 0.0079 0.0009 5923.0238
170 3.1416 0.5504 3.0337 0.2443 0.3255 2.9686 0.2840 2.8271 3.1416 0.1000 0.3451 0.3145 2.7997 0.1930 1.2623 2.6596 3.1416 2.9827 -2.1310 0.6093 0.8690 0.5672 1.9207 -2.3250 0.0105 0.0010 5969.7839
171 3.1416 0.6316 3.0044 0.1809 0.2356 2.9031 0.2700 2.8099 3.1416 0.1000 0.3930 0.2776 2.8320 0.2134 1.2119 2.8699 3.1416 2.9436 -2.0610 0.3968 0.9390 0.5726 1.9276 -2.3250 0.0087 0.0009 6025.3713
172 3.1416 0.5566 3.1152 0.3522 0.2656 2.9542 0.2254 2.9794 3.1416 0.1000 0.3039 0.3473 2.8161 0.1664 1.3220 2.8086 3.1416 2.9998 -1.9910 0.5046 1.0090 0.5770 1.9359 -2.3250 0.0092 0.0010 6076.9597
173 3.1416 0.1000 0.1000 0.1000 0.1000 0.1000 3.1416 3.1416 3.1416 0.1000 0.1000 3.1416 0.1000 0.1000 0.1000 0.1000 1.2355 3.1416 -1.4600 0.1801 1.5400 0.5765 1.9426 -2.3250 0.0083 0.0010 6161.6103
174 3.1416 0.5172 3.0836 0.1778 0.2439 2.8716 0.1947 2.8257 3.1416 0.1000 0.4513 0.2977 2.7578 0.1724 1.3051 2.7282 3.1416 2.9836 -2.3240 0.6274 0.6760 0.5782 1.9424 -2.3250 0.0076 0.0010 6196.0460
175 3.1416 0.5187 3.0899 0.1634 0.2445 2.8622 0.1902 2.8219 3.1416 0.1000 0.4627 0.3035 2.7514 0.1687 1.3181 2.7223 3.1416 2.9848 -2.3180 0.6342 0.6820 0.5830 1.9487 -2.3250 0.0058 0.0009 6229.3494
176 3.1416 0.5203 3.0924 0.1567 0.2449 2.8584 0.1890 2.8207 3.1416 0.1000 0.4668 0.3061 2.7488 0.1671 1.3241 2.7199 3.1416 2.9856 -2.3450 0.6371 0.6550 0.5859 1.9542 -2.3250 0.0075 0.0009 6268.2878
177 3.1416 0.1000 0.1000 0.1000 0.1000 0.1000 3.1416 3.1416 3.1416 0.1000 0.1000 3.1416 0.1000 0.1000 0.1000 0.1000 0.2228 3.1416 -1.4690 0.1801 1.5310 0.5887 1.9595 -2.3450 0.0090 0.0010 6360.9444
178 2.7665 1.5354 1.6104 2.6782 2.4355 2.6330 3.1416 3.1416 0.1000 1.9261 3.1416 2.5934 1.0834 3.1416 3.1416 1.6167 0.2978 0.9450 0.5150 0.0085 3.5150 0.5905 1.9591 -2.3450 0.0439 0.0010 6394.1596
179 3.1416 0.1000 0.1000 0.1000 0.1000 0.1000 3.1416 3.1416 3.1416 1.0079 0.1000 3.1416 0.1000 0.1000 0.1000 0.1000 0.6628 3.1416 -0.7220 0.1020 2.2780 0.5856 1.9418 -2.3450 0.0132 0.0010 6478.6250
180 3.1416 0.5318 3.1045 0.1197 0.2483 2.8358 0.1847 2.8163 3.1416 0.1000 0.4906 0.3229 2.7350 0.1605 1.3588 2.7062 3.1416 2.9888 -2.3240 0.6519 0.6760 0.5852 1.9415 -2.3450 0.0087 0.0010 6512.6747
181 3.1416 0.5372 3.1163 0.1138 0.2474 2.8535 0.1755 2.8064 3.1416 0.1000 0.4982 0.3225 2.7405 0.1448 1.3647 2.7074 3.1416 2.9827 -2.2200 0.6430 0.7800 0.5890 1.9470 -2.3450 0.0099 0.0010 6546.6766
182 3.1416 0.4980 3.0581 0.1813 0.2483 2.8079 0.2097 2.8326 3.1416 0.1000 0.4548 0.3040 2.7376 0.2105 1.3145 2.7149 3.1416 2.9976 -2.2820 0.6563 0.7180 0.5908 1.9522 -2.3450 0.0070 0.0010 6595.2685
183 3.1416 0.5301 3.0791 0.1594 0.2203 2.8541 0.1885 2.8767 3.1416 0.1000 0.4786 0.3073 2.7507 0.1911 1.2753 2.6881 3.1416 2.9674 -2.2390 0.6239 0.7610 0.5951 1.9579 -2.3450 0.0076 0.0010 6631.2736
184 3.1416 0.4847 3.0811 0.1989 0.2695 2.8520 0.1956 2.7619 3.1416 0.1000 0.4453 0.2897 2.7567 0.1690 1.3441 2.7515 3.1416 3.0014 -2.3180 0.6330 0.6820 0.5991 1.9649 -2.3450 0.0065 0.0010 6667.0420
185 3.1416 0.4953 3.0843 0.1579 0.2725 2.8255 0.2107 2.7811 3.1416 0.1000 0.4081 0.2780 2.7573 0.1631 1.3573 2.7429 3.1416 3.0149 -2.3530 0.6413 0.6470 0.6026 1.9706 -2.3450 0.0068 0.0010 6704.4517
186 3.1416 0.1000 0.1000 0.1000 0.1000 0.1000 3.1416 3.1416 3.1416 0.1000 1.0318 3.1416 0.1000 0.1000 0.1000 0.1000 0.4903 3.1416 -1.1250 0.3011 1.8750 0.6059 1.9760 -2.3530 0.0533 0.0010 6805.8248
187 3.1416 0.4968 3.0836 0.1433 0.2792 2.8089 0.2172 2.7763 3.1416 0.1000 0.3999 0.2768 2.7543 0.1628 1.3754 2.7400 3.1416 3.0218 -2.3120 0.6504 0.6880 0.6064 1.9714 -2.3530 0.0073 0.0010 6850.2459
188 3.1416 0.4938 3.0725 0.1722 0.2923 2.8218 0.2239 2.7551 3.1416 0.1000 0.4491 0.3076 2.7239 0.1857 1.3857 2.7553 3.1416 3.0399 -2.3510 0.6817 0.6490 0.6095 1.9769 -2.3530 0.0099 0.0009 6892.4701
189 3.1416 0.4943 3.0709 0.1692 0.2948 2.8172 0.2258 2.7516 3.1416 0.1000 0.4519 0.3104 2.7207 0.1877 1.3935 2.7543 3.1416 3.0419 -2.2470 0.6865 0.7530 0.6129 1.9823 -2.3530 0.0082 0.0010 6929.0230
190 3.1416 0.4834 3.0972 0.1700 0.2594 2.8392 0.1831 2.7664 3.1416 0.1000 0.4085 0.2597 2.7831 0.1409 1.3430 2.7359 3.1416 2.9859 -2.2340 0.5993 0.7660 0.6153 1.9885 -2.3530 0.0065 0.0010 6973.9594
191 2.1870 1.1795 1.3504 2.0211 1.7506 1.7153 3.1416 3.1416 0.1567 1.4725 3.0158 2.2028 1.5209 3.1416 2.9872 1.4030 0.9769 1.5140 -0.3210 0.0113 2.6790 0.6182 1.9950 -2.3530 0.0450 0.0010 7003.5171
192 0.1000 3.1416 3.1416 0.1000 3.1416 3.1416 3.1416 3.1416 0.1000 0.1000 3.1416 0.1000 3.1416 0.1000 3.1416 3.1416 0.1000 0.1000 -0.1300 0.0659 2.8700 0.6171 1.9767 -2.3530 0.0036 0.0010 7115.1942
193 3.1416 0.5267 3.0841 0.1162 0.2804 2.8158 0.2427 2.8301 3.1416 0.1000 0.4205 0.3088 2.7076 0.1850 1.3535 2.7437 3.1416 3.0659 -2.2200 0.6636 0.7800 0.6148 1.9529 -2.3530 0.0075 0.0010 7159.5018
194 3.1416 0.4808 3.0549 0.2247 0.2609 2.8542 0.1867 2.7453 3.1416 0.1000 0.4928 0.3296 2.7457 0.2000 1.3668 2.7420 3.1416 2.9706 -2.2270 0.6280 0.7730 0.6177 1.9595 -2.3530 0.0073 0.0010 7196.5042
195 3.1416 0.5065 3.0850 0.1670 0.2677 2.8472 0.2100 2.7979 3.1416 0.1000 0.4348 0.2861 2.7535 0.1665 1.3392 2.7383 3.0334 3.0031 -2.2530 0.6401 0.7470 0.6208 1.9660 -2.3530 0.0066 0.0009 7236.1613
196 3.1416 0.5498 3.1156 0.1876 0.3180 2.8309 0.1950 2.7770 3.1416 0.1000 0.4724 0.2239 2.7050 0.1289 1.3353 2.7321 3.1416 3.0150 -2.1510 0.6249 0.8490 0.6245 1.9688 -2.3530 0.0107 0.0011 7303.4422
197 3.1416 0.4742 3.0571 0.1133 0.2196 2.8081 0.2194 2.7907 3.1416 0.1000 0.4136 0.3574 2.8067 0.1981 1.3950 2.7126 3.1416 2.9991 -2.2780 0.6499 0.7220 0.6261 1.9763 -2.3530 0.0069 0.0009 7375.6139
198 2.3938 1.1979 3.1416 2.4231 0.1000 1.7129 2.0983 3.1022 0.8018 2.5422 3.1416 3.1416 2.8795 0.1112 1.6990 1.4873 0.3597 2.2303 -0.4100 0.1394 2.5900 0.6296 1.9823 -2.3530 0.0499 0.0010 7397.1122
199 2.5287 1.2902 1.4613 2.6694 2.0029 1.9656 3.1416 3.1416 1.1943 1.5248 2.6780 2.4920 1.1617 3.1416 2.5383 1.0535 0.6649 1.4607 0.6650 0.0178 3.6650 0.6289 1.9657 -2.3530 0.0791 0.0010 7427.9422
185 3.1416 0.4953 3.0843 0.1579 0.2725 2.8255 0.2107 2.7811 3.1416 0.1000 0.4081 0.2780 2.7573 0.1631 1.3573 2.7429 3.1416 3.0149 -2.3530 0.6413 0.6470 0.6026 1.9706 -2.3450 0.0068 0.0010 7427.9422
