0 2.0091 0.6749 1.7017 2.5400 1.8213 1.8292 1.9064 2.6850 1.2505 1.2289 1.3143 0.9968 2.8991 1.3180 1.6698 2.1063 2.2097 1.8969 -0.7020 0.0322 2.2980 0.8456 1.1197 0.0000 0.0000 0.0000 0.0000
1 0.8871 0.8932 2.6799 2.8421 2.7444 0.3044 1.7918 1.8907 1.1441 0.3118 0.9219 2.1272 2.1351 2.2069 2.2630 2.7888 1.9661 0.7840 -0.1230 0.0287 2.8770 0.8456 1.1197 0.0000 0.0000 0.0000 0.0000
2 2.8034 1.0602 0.7205 1.0162 1.9752 1.6204 2.3320 1.3003 0.8015 2.5921 0.4327 1.6754 1.9925 0.9646 2.5656 1.8967 2.4643 1.9063 0.0750 0.0140 3.0750 0.8456 1.1197 0.0000 0.0000 0.0000 0.0000
3 1.6150 2.8777 2.1060 2.4333 1.3538 2.3027 1.3097 1.7442 1.8359 3.0643 1.2086 2.4243 2.3409 0.3670 0.2545 2.9392 1.4658 2.2123 0.0920 0.0057 3.0920 0.8456 1.1197 0.0000 0.0000 0.0000 0.0000
4 1.5075 1.9362 2.4999 0.5094 0.3178 2.5504 2.4064 3.1101 2.1836 2.5136 1.6351 1.2790 0.8223 1.5282 2.7466 1.6304 1.1220 1.2586 0.4200 0.0007 3.4200 0.8456 1.1197 0.0000 0.0000 0.0000 0.0000
5 1.2011 2.0895 3.0221 2.6699 2.0582 2.8508 1.4545 0.1938 0.9814 2.1400 1.4384 0.4550 0.1460 2.2167 1.6966 3.0066 2.7871 2.5500 -0.7210 0.0321 2.2790 0.8456 1.1197 0.0000 0.0000 0.0000 0.0000
6 0.4995 2.1114 2.1545 2.3502 1.4227 2.1416 0.7423 3.0000 0.8247 1.4836 2.1021 1.1685 2.9660 0.7287 0.3163 1.3763 1.5255 1.3484 0.1640 0.0008 3.1640 0.8456 1.1197 0.0000 0.0000 0.0000 0.0000
7 3.0577 1.9547 2.5291 2.4046 0.9945 1.7539 1.3326 1.6300 1.9766 2.5188 1.4325 1.0066 2.2511 0.2313 1.8496 0.5345 1.2546 1.5843 0.5020 0.0553 3.5020 0.8456 1.1197 0.0000 0.0000 0.0000 0.0000
8 2.2087 1.7955 2.5813 0.8396 2.2706 2.0020 2.8542 0.5034 0.7695 0.7140 1.8519 0.5512 2.6800 2.2490 1.9275 1.9692 0.7242 0.2063 -0.4000 0.0875 2.6000 0.8456 1.1197 0.0000 0.0000 0.0000 0.0000
9 0.2294 2.1691 2.6670 0.8112 2.5896 0.1327 2.9657 0.6213 1.1888 3.0971 2.6703 2.6457 2.7201 2.1550 1.6664 1.5517 1.7011 2.0630 -0.2330 0.0308 2.7670 0.8456 1.1197 0.0000 0.0000 0.0000 0.0000
10 1.3723 0.2102 1.4575 2.7030 2.9807 2.0976 2.9978 1.1514 0.3941 1.0034 2.9375 1.5971 0.2959 0.8664 2.8513 1.7895 0.7892 1.8273 0.0920 0.0062 3.0920 0.8456 1.1197 0.0000 0.0000 0.0000 0.0000
11 0.8807 3.0168 0.6477 2.4843 2.4364 1.7583 3.0494 1.8796 0.1738 0.1847 1.9554 1.9805 2.4576 2.4128 2.9008 0.8750 2.5901 2.3446 0.5070 0.0482 3.5070 0.8456 1.1197 0.0000 0.0000 0.0000 0.0000
12 0.7938 0.2731 2.1739 0.6019 1.5542 1.0429 0.2536 3.1253 0.8679 2.7378 0.6811 2.7960 2.4878 2.9585 1.1062 2.8018 1.2512 1.5439 0.3580 0.0533 3.3580 0.8456 1.1197 0.0000 0.0000 0.0000 0.0000
13 1.0148 1.4914 2.5704 2.3240 2.7914 0.1844 1.8985 0.7143 0.5651 3.1071 2.4945 0.2662 1.4596 2.2419 1.5301 1.4977 0.8161 2.9728 -0.5560 0.0307 2.4440 0.8456 1.1197 0.0000 0.0000 0.0000 0.0000
14 3.0797 1.9332 2.0301 1.9897 3.1050 0.5331 1.9389 0.8681 0.4094 0.7141 0.6846 1.7367 2.2375 1.1897 2.9502 0.4166 0.9163 0.8368 0.9870 0.0111 3.9870 0.8456 1.1197 0.0000 0.0000 0.0000 0.0000
15 1.6359 2.6720 1.6217 1.6366 1.1013 2.8704 0.2675 0.9759 2.1139 1.5821 1.9805 0.2195 0.4769 1.0686 2.4131 2.7103 2.6482 2.4039 0.3240 0.0491 3.3240 0.8456 1.1197 0.0000 0.0000 0.0000 0.0000
16 2.4232 2.6737 2.2243 1.9139 2.5122 0.4841 2.5909 2.8081 1.0521 0.9562 0.1417 0.4350 1.9769 0.8687 1.0737 3.0991 0.9911 0.6742 0.1550 0.0270 3.1550 0.8456 1.1197 0.0000 0.0000 0.0000 0.0000
17 2.4817 0.8011 0.1640 3.0740 0.2846 1.7493 3.0961 2.0887 2.7713 2.6885 0.8562 1.0630 2.9953 2.6314 1.4755 2.3517 1.8012 0.9711 -0.3120 0.0858 2.6880 0.8456 1.1197 0.0000 0.0000 0.0000 0.0000
18 2.9212 0.5298 0.2836 3.0141 2.9926 0.3343 1.6354 1.8651 3.0686 1.1571 3.1216 2.6750 1.6871 0.8272 2.3231 2.7514 1.3470 0.2791 1.0450 0.0136 4.0450 0.8456 1.1197 0.0000 0.0000 0.0000 0.0000
19 1.8893 2.0056 0.1432 1.8903 0.2746 1.5560 0.1619 2.7132 0.5047 2.9363 1.7934 0.1881 1.3483 0.6772 2.6143 3.0767 1.6546 2.3763 -0.3570 0.1325 2.6430 0.8456 1.1197 0.0000 0.0000 0.0000 0.0000
20 2.8404 3.0147 1.4778 0.8524 2.0523 1.1227 1.2341 2.7972 0.2246 0.2961 2.7104 0.7278 1.0759 0.5140 0.4484 0.9805 0.1699 1.0045 -0.0270 0.0781 2.9730 0.8456 1.1197 0.0000 0.0000 0.0000 0.0000
21 3.0725 1.4861 0.2530 0.7882 1.3703 2.3689 0.5891 1.9819 2.6415 1.9234 2.4106 0.9483 0.2509 2.8029 2.1342 0.3764 2.1420 0.3205 0.0680 0.0754 3.0680 0.8456 1.1197 0.0000 0.0000 0.0000 0.0000
22 0.5194 2.4480 0.8595 0.2358 2.9531 1.2847 1.6849 2.2746 0.3207 2.5561 1.1897 0.8861 0.4315 2.1265 0.9372 0.3432 2.4803 1.7676 0.0030 0.0157 3.0030 0.8456 1.1197 0.0000 0.0000 0.0000 0.0000
23 0.1228 1.0599 2.0415 1.8586 0.6632 0.9348 2.1043 1.0696 2.8754 1.7973 2.6886 1.8822 0.4805 0.6308 0.7746 0.8058 0.7191 2.0964 0.5750 0.0319 3.5750 0.8456 1.1197 0.0000 0.0000 0.0000 0.0000
24 1.2798 0.9683 2.9911 1.2448 1.8375 2.8537 2.4866 0.4706 1.5819 3.0564 0.2603 1.8371 2.3362 0.8548 2.1987 1.5966 0.2750 2.3935 -0.0780 0.0053 2.9220 0.8456 1.1197 0.0000 0.0000 0.0000 0.0000
25 1.5971 2.4779 1.1860 0.5103 2.7799 0.7512 2.8112 0.6793 1.1189 2.9607 0.7316 1.2138 2.8611 3.0575 2.5030 1.3148 2.7584 2.1832 0.2550 0.0160 3.2550 0.8456 1.1197 0.0000 0.0000 0.0000 0.0000
26 3.0493 2.6172 0.6010 1.5309 1.7678 0.1711 0.8310 1.1385 3.0090 3.0875 0.8120 2.5565 2.1176 1.2069 0.1941 2.2518 0.2549 1.1269 0.8580 0.0237 3.8580 0.8456 1.1197 0.0000 0.0000 0.0000 0.0000
27 1.8703 2.1906 2.1243 2.5235 2.8253 2.8978 0.4300 0.3938 2.3469 1.2662 1.1995 2.9840 0.3725 2.7152 2.2942 1.7433 0.8576 2.1208 -0.3720 0.0315 2.6280 0.8456 1.1197 0.0000 0.0000 0.0000 0.0000
28 1.1775 2.9102 2.6881 0.7189 0.5190 3.0646 1.1958 1.4537 2.5200 2.6833 0.4466 2.9987 2.5127 3.0090 2.9775 2.7306 2.4159 2.4758 0.0860 0.0451 3.0860 0.8456 1.1197 0.0000 0.0000 0.0000 0.0000
29 2.0128 0.6213 2.8589 0.8637 0.5599 3.1276 1.6184 0.4640 2.4605 0.8048 2.8877 3.1239 0.2818 0.8070 2.7531 1.6742 1.6075 1.2144 0.5760 0.0103 3.5760 0.8456 1.1197 0.0000 0.0000 0.0000 0.0000
30 2.2407 0.5501 0.5417 2.5406 2.5452 2.4588 2.3270 1.8422 2.3109 2.8617 1.5789 0.6419 2.0001 0.3984 2.9353 3.0233 2.2312 2.8119 0.1400 0.0783 3.1400 0.8456 1.1197 0.0000 0.0000 0.0000 0.0000
31 0.2267 0.5642 2.8398 3.0354 1.9700 1.4957 2.4972 2.3618 2.8385 0.4130 0.4831 0.2740 1.1001 2.6652 2.7532 3.0251 1.7412 0.8259 -0.1280 0.0562 2.8720 0.8456 1.1197 0.0000 0.0000 0.0000 0.0000
32 0.2727 0.6212 1.3331 1.9573 3.0708 2.9583 0.2930 0.5328 1.4210 1.0420 0.2055 1.9586 0.8362 2.5621 0.9091 2.6467 0.5507 1.4014 -1.0700 0.1795 1.9300 0.8456 1.1197 0.0000 0.0000 0.0000 0.0000
33 2.1471 0.7453 0.3692 0.4491 1.6375 2.2036 1.4148 0.3631 1.9895 1.0104 2.8259 0.3973 0.9992 2.4249 2.1869 2.8456 1.0211 0.8419 -0.1950 0.0112 2.8050 0.8456 1.1197 0.0000 0.0000 0.0000 0.0000
34 0.7139 0.5366 2.9192 1.2677 1.1997 2.4828 1.8451 0.5191 2.6848 1.6370 3.1415 0.7100 0.6806 0.1038 0.5863 2.8004 1.7124 2.3513 0.4810 0.0243 3.4810 0.8456 1.1197 0.0000 0.0000 0.0000 0.0000
35 1.2438 2.1657 0.1495 2.3325 2.0357 0.9095 0.2716 2.7655 1.1797 0.8088 1.2168 0.8583 2.5730 2.0640 2.3121 1.9287 0.4637 2.8721 0.0120 0.0793 3.0120 0.8456 1.1197 0.0000 0.0000 0.0000 0.0000
36 0.2708 3.0534 2.8150 2.8890 0.8439 2.9732 0.8965 1.3460 2.5160 2.0894 2.9359 1.8052 1.1311 1.0441 1.9302 0.9918 1.8741 1.7386 -0.1460 0.1059 2.8540 0.8456 1.1197 0.0000 0.0000 0.0000 0.0000
37 1.4240 2.4808 0.3710 0.6153 1.5482 0.7613 1.6368 0.8918 0.7845 1.4414 0.4727 2.3791 0.5651 2.7299 1.5374 0.7913 2.5136 1.4857 0.5680 0.0046 3.5680 0.8456 1.1197 0.0000 0.0000 0.0000 0.0000
38 2.2392 0.7902 1.4362 0.5443 2.0292 2.0971 1.1948 1.2949 0.2567 0.7594 2.8847 1.8700 0.7117 2.9240 1.5999 2.8185 0.1589 2.0781 0.1230 0.0515 3.1230 0.8456 1.1197 0.0000 0.0000 0.0000 0.0000
39 3.0014 0.5402 0.1167 2.7605 3.0845 1.6973 1.2724 2.9463 1.3641 1.6111 1.0574 2.5470 2.4551 2.9398 0.9501 1.4407 1.9372 2.1762 0.0710 0.0546 3.0710 0.8456 1.1197 -1.0700 0.0000 0.0000 23.7395
40 0.2659 0.6514 1.4343 2.0742 3.1074 3.0582 0.3399 0.4730 1.3836 1.0753 0.2166 1.8359 0.8401 2.6430 0.9464 2.6865 0.6100 1.4555 -0.9110 0.2322 2.0890 0.8456 1.1197 -1.0700 0.0478 0.0010 33.4165
41 0.2833 0.6065 1.2701 1.8824 3.0466 2.8919 0.2624 0.5723 1.4510 1.0176 0.2020 2.0434 0.8313 2.5073 0.8923 2.6190 0.5125 1.3687 -1.0370 0.1365 1.9630 0.5513 0.9108 -1.0700 0.0238 0.0010 44.8997
42 0.2212 0.5547 1.2182 1.8514 3.0850 2.9242 0.2012 0.5549 1.4548 0.9709 0.1391 2.0795 0.8080 2.5098 0.8508 2.6353 0.4556 1.3419 -1.2330 0.1480 1.7670 0.6786 0.8542 -1.0700 0.0379 0.0010 57.0526
43 0.1136 0.4646 1.1251 1.7950 3.1416 2.9801 0.1000 0.5241 1.4650 0.8856 0.1000 2.1490 0.7646 2.5127 0.7796 2.6626 0.3528 1.2942 -0.7770 0.0922 2.2230 0.6486 0.7960 -1.2330 0.0244 0.0010 72.5534
44 1.9174 0.4473 1.7573 2.6802 1.7680 1.7768 2.0478 2.6973 1.2862 1.0671 1.2327 0.9231 2.9934 1.5746 1.6883 2.3248 2.3076 1.8134 -0.0110 0.0463 2.9890 0.2215 0.7384 -1.2330 0.1784 0.0010 82.8948
45 0.2146 0.5586 1.2419 1.8805 3.0996 2.9521 0.2086 0.5386 1.4428 0.9791 0.1159 2.0463 0.8094 2.5318 0.8561 2.6472 0.4691 1.3542 -1.1070 0.1651 1.8930 0.1998 0.7494 -1.2330 0.0066 0.0009 98.1596
46 0.2053 0.5423 1.2101 1.8483 3.0712 2.9282 0.2127 0.5518 1.4410 0.9769 0.2252 2.0690 0.8130 2.5159 0.8315 2.6394 0.4533 1.3347 -1.1410 0.1542 1.8590 0.2122 0.7092 -1.2330 0.0171 0.0010 114.5138
47 2.0986 0.8887 1.6445 2.4046 1.8766 1.8825 1.7704 2.6808 1.2121 1.3806 1.3943 1.0664 2.8124 1.0688 1.6513 1.8981 2.1201 1.9834 -0.4380 0.2239 2.5620 0.2294 0.6788 -1.2330 0.0273 0.0009 122.9104
48 1.1101 1.9546 3.1205 2.8137 2.3143 2.7642 1.5350 0.1096 0.8280 2.1901 1.3156 0.5830 0.1764 2.4617 1.5931 2.9552 2.6011 2.5347 -0.0560 0.0059 2.9440 0.2298 0.6802 -1.2330 0.1759 0.0010 135.4848
49 1.9652 0.8929 1.7952 2.5343 1.7035 1.7462 1.8809 2.4229 1.3854 1.3899 1.2858 1.0621 2.7467 1.3657 1.6890 2.0096 2.0409 1.7038 -0.4090 0.0010 2.5910 0.2114 0.6857 -1.2330 0.0964 0.0010 152.5693
50 1.9931 1.6456 2.5814 0.6759 2.1471 2.3610 2.9285 0.2710 0.8946 0.7187 2.1590 0.1823 2.8223 2.5112 1.7525 2.3868 0.6890 0.1146 -0.4660 0.1865 2.5340 0.2176 0.6899 -1.2330 0.3320 0.0009 163.6219
51 2.1818 0.6504 2.0383 2.5242 1.6922 1.7328 1.7619 2.8020 1.2013 1.1498 1.2369 0.9857 2.8751 1.0335 1.7570 1.9712 2.3424 2.0202 -0.8870 0.0540 2.1130 0.2230 0.6992 -1.2330 0.1809 0.0010 191.4359
52 2.2193 0.6653 1.8059 2.5794 1.5004 1.7472 1.8605 2.9070 1.2511 1.2054 1.2021 0.9837 3.0012 0.9670 1.7106 1.8985 2.3681 1.9522 -0.2910 0.0041 2.7090 0.2314 0.7141 -1.2330 0.0953 0.0010 210.6761
53 2.1118 0.6597 2.1251 2.4669 1.9038 1.7588 1.7066 2.6905 1.1632 1.1361 1.2996 0.9956 2.7726 1.1422 1.7676 2.0526 2.2790 2.0601 -0.7680 0.0380 2.2320 0.2131 0.7235 -1.2330 0.0153 0.0009 223.8110
54 0.2225 0.5448 1.1985 1.8247 3.0585 2.8793 0.2183 0.5816 1.4316 1.0041 0.1077 2.0685 0.8361 2.4931 0.8176 2.6234 0.4676 1.3238 -1.0020 0.1262 1.9980 0.2197 0.7215 -1.2330 0.0335 0.0010 248.1383
55 2.2275 0.6692 2.3655 2.5025 1.6691 1.6357 1.6390 2.7468 1.1920 1.1061 1.1887 1.0034 2.7642 0.9487 1.8383 1.9303 2.3770 2.0583 -0.7140 0.0687 2.2860 0.2219 0.7135 -1.2330 0.0630 0.0010 267.4928
56 0.2399 0.5822 1.2522 1.8870 3.1046 2.9669 0.1932 0.5289 1.4897 0.9359 0.2118 2.0957 0.7757 2.5245 0.9067 2.6427 0.4509 1.3704 -1.1400 0.1788 1.8600 0.2324 0.7197 -1.2330 0.0074 0.0010 281.3703
57 0.2350 0.6088 1.2422 1.8833 3.0914 2.9853 0.1770 0.5009 1.4218 1.0134 0.2204 2.0992 0.7519 2.5883 0.8545 2.6164 0.4809 1.3811 -1.2910 0.2078 1.7090 0.2451 0.7124 -1.2330 0.0454 0.0010 305.9435
58 0.8619 1.5431 2.9536 2.4369 3.0866 0.1000 1.7891 0.4708 0.4003 3.1416 2.9311 0.1125 1.5708 2.6054 1.4176 1.3306 0.6296 3.1416 0.6390 0.0163 3.6390 0.2506 0.7093 -1.2910 0.3034 0.0009 317.9285
59 0.2400 0.6253 1.2413 1.8835 3.0897 2.9950 0.1654 0.4883 1.4064 1.0342 0.2275 2.1117 0.7352 2.6110 0.8466 2.6047 0.4892 1.3894 -1.1620 0.2130 1.8380 0.2308 0.7040 -1.2910 0.0079 0.0009 333.0811
60 2.3690 0.5562 2.2192 2.4972 1.8505 1.8762 1.7766 2.7723 1.1474 1.1076 1.3462 0.7460 2.9423 1.0270 1.7120 1.9379 2.1886 2.0792 0.0380 0.0103 3.0380 0.2323 0.6963 -1.2910 0.0842 0.0010 362.5394
61 2.0107 0.7237 2.0206 2.4965 1.7262 1.6338 1.6870 2.7512 1.2040 1.1586 1.1951 1.1697 2.7402 1.0865 1.8110 2.0429 2.4245 2.0254 -0.6190 0.0696 2.3810 0.2057 0.7023 -1.2910 0.0135 0.0010 375.4985
62 1.2820 2.2100 2.9400 2.5445 1.8294 2.9301 1.3876 0.2663 1.1150 2.0974 1.5474 0.3389 0.1161 1.9992 1.7875 3.0555 2.9585 2.5649 1.6280 0.0484 4.6280 0.1974 0.7023 -1.2910 1.7085 0.0933 377.3564
63 2.1239 0.7208 2.0738 2.5215 1.7035 1.7102 1.7632 2.6614 1.2524 1.2024 1.2406 1.0081 2.8007 1.1273 1.7608 1.9836 2.2570 1.9349 -0.7470 0.0811 2.2530 0.1306 0.7244 -1.2910 1.6986 0.1942 379.1022
64 2.2128 0.6515 2.0386 2.5500 1.7939 1.6758 1.7497 2.7713 1.2508 1.1609 1.2022 1.0019 2.7263 0.9828 1.8566 2.0690 2.3289 2.0784 -0.5350 0.0505 2.4650 0.1340 0.7290 -1.2910 1.6852 0.1442 381.3663
65 2.0626 0.6817 2.1375 2.4471 1.7055 1.7457 1.6807 2.7731 1.1167 1.1180 1.2772 1.0579 2.9052 1.1183 1.7004 1.9262 2.3851 2.0134 -1.0060 0.0419 1.9940 0.1349 0.7358 -1.2910 1.6761 0.1787 383.0670
66 2.0353 0.6867 1.9941 2.4447 1.7636 1.8073 1.7667 2.7799 1.1002 1.1567 1.2673 1.0520 2.8789 1.2146 1.6745 1.9395 2.3596 2.0174 -0.9980 0.0193 2.0020 0.1407 0.7441 -1.2910 1.5929 0.2048 384.8200
67 2.0323 0.6718 2.0025 2.4278 1.7496 1.7381 1.7140 2.7869 1.1342 1.0787 1.4015 1.0519 2.9003 1.1570 1.7328 1.9537 2.3497 1.9403 -0.8250 0.0432 2.1750 0.1463 0.7509 -1.2910 1.6144 0.2078 386.7986
68 1.9826 0.7143 2.0946 2.4445 1.7503 1.8213 1.7252 2.7471 1.1520 1.1859 1.1833 1.0170 2.9435 1.1065 1.6408 2.0066 2.3847 2.0489 -1.0800 0.0785 1.9200 0.1499 0.7576 -1.2910 1.7164 0.2033 388.7846
69 1.1011 1.4622 2.3542 2.2603 2.6248 0.2320 1.9602 0.8517 0.6581 3.0878 2.2482 0.3529 1.3969 2.0368 1.5936 1.5919 0.9212 2.8776 -0.4300 0.0603 2.5700 0.1553 0.7654 -1.2910 1.7001 0.0254 390.4861
70 2.0507 0.7196 2.0912 2.3711 1.7253 1.7597 1.7179 2.7564 1.0619 1.1404 1.1148 1.0292 2.9234 1.1407 1.6444 2.0042 2.3445 2.0286 -1.1690 0.0979 1.8310 0.1563 0.7693 -1.2910 1.6864 0.2352 393.4483
71 2.0385 0.6668 2.1279 2.3217 1.6966 1.7978 1.7561 2.7559 1.0866 1.1734 1.1402 1.0730 2.8912 1.1306 1.6178 2.0075 2.3608 2.0393 -0.9540 0.0998 2.0460 0.1614 0.7764 -1.2910 1.7019 0.3083 395.3401
72 0.2360 0.5957 1.2261 1.8631 3.0866 2.9583 0.1758 0.5205 1.4366 0.9995 0.1923 2.1116 0.7633 2.5596 0.8524 2.6146 0.4687 1.3666 -1.0860 0.1870 1.9140 0.1635 0.7826 -1.2910 1.6866 0.4767 397.2088
73 0.2178 0.5967 1.2678 1.9145 3.1010 3.0163 0.1999 0.4890 1.4158 1.0030 0.2624 2.0517 0.7629 2.6014 0.8643 2.6419 0.4869 1.3899 -1.2610 0.2328 1.7390 0.1678 0.7953 -1.2910 1.7321 0.4616 398.9892
74 0.2172 0.5902 1.2694 1.8931 3.0991 3.0197 0.2008 0.5050 1.3956 0.9889 0.2646 2.0484 0.7576 2.6122 0.8766 2.6521 0.4906 1.4097 -1.3930 0.2353 1.6070 0.1742 0.8034 -1.2910 1.7323 0.4015 401.2415
75 2.0664 1.9338 2.9876 0.6458 2.1105 2.3248 3.1390 0.1686 0.6409 0.6438 2.0226 0.2439 3.1378 2.6465 1.7336 1.8818 0.4899 0.1000 -0.1370 0.0772 2.8630 0.1760 0.8089 -1.3930 1.7274 0.0050 403.4989
76 2.0415 1.4542 2.1979 0.7941 2.2539 2.1987 2.6921 0.4952 1.0669 0.7854 2.1182 0.3239 2.4476 2.2361 1.8664 2.6421 0.8991 0.1712 0.9820 0.0193 3.9820 0.1741 0.8022 -1.3930 1.7287 0.0064 405.2565
77 2.0141 0.8099 2.0736 2.4636 1.7738 1.7417 1.6461 2.7510 1.0244 1.1149 1.0866 0.9851 2.9816 1.1778 1.6578 1.9656 2.3611 2.0389 -0.7650 0.0717 2.2350 0.1721 0.7978 -1.3930 1.6965 0.2729 407.2603
78 0.2151 0.5809 1.2739 1.8694 3.0976 3.0266 0.2042 0.5239 1.3698 0.9704 0.2714 2.0399 0.7521 2.6269 0.8929 2.6672 0.4959 1.4352 -1.4520 0.2394 1.5480 0.1649 0.7940 -1.3930 1.6879 0.6272 409.0011
79 0.2134 0.5750 1.2765 1.8541 3.0967 3.0317 0.2057 0.5355 1.3532 0.9585 0.2767 2.0351 0.7479 2.6368 0.9031 2.6767 0.4990 1.4515 -1.3340 0.2407 1.6660 0.1693 0.8003 -1.4520 1.7312 0.7105 410.7524
80 0.2111 0.5634 1.3093 1.8655 3.1143 2.9975 0.1937 0.5154 1.3682 0.9786 0.2772 2.0374 0.7250 2.6280 0.8917 2.6843 0.5079 1.4104 -1.5700 0.2742 1.4300 0.1697 0.7979 -1.4520 1.6955 0.4745 413.4447
81 0.2074 0.5470 1.3407 1.8581 3.1287 2.9737 0.1849 0.5111 1.3627 0.9824 0.2843 2.0343 0.7002 2.6316 0.8937 2.7016 0.5190 1.3936 -1.4790 0.2998 1.5210 0.1704 0.8025 -1.5700 1.7177 0.8854 415.3101
82 0.1953 0.5867 1.3276 1.8369 3.1223 2.9914 0.1850 0.5065 1.3692 0.9632 0.2834 2.0316 0.7264 2.6428 0.8966 2.7080 0.5410 1.3690 -1.4730 0.2845 1.5270 0.1739 0.8025 -1.5700 1.7540 0.5723 417.1699
83 1.9888 0.6932 2.0317 2.4165 1.7102 1.7334 1.6765 2.8185 1.0923 1.0705 1.1810 1.0356 2.8808 1.0512 1.4891 2.1316 2.2185 2.0078 -0.4230 0.1475 2.5770 0.1801 0.8098 -1.5700 1.7238 0.0528 419.5660
84 0.2009 0.5290 1.3389 1.8774 3.0782 2.9901 0.2096 0.5036 1.3592 0.9634 0.2768 2.0517 0.6878 2.6396 0.8912 2.6939 0.5220 1.3934 -1.5850 0.2904 1.4150 0.1778 0.8155 -1.5700 1.7291 0.5225 421.3730
85 0.1971 0.5177 1.3470 1.8815 3.0661 2.9907 0.2153 0.5001 1.3552 0.9575 0.2792 2.0558 0.6762 2.6444 0.8914 2.6969 0.5255 1.3907 -1.5950 0.2927 1.4050 0.1839 0.8246 -1.5850 1.7110 0.6692 423.1337
86 0.1944 0.5100 1.3530 1.8837 3.0595 2.9911 0.2182 0.4978 1.3519 0.9537 0.2827 2.0579 0.6680 2.6482 0.8917 2.6997 0.5277 1.3893 -1.5630 0.2946 1.4370 0.1887 0.8336 -1.5950 1.7274 0.6493 424.9916
87 0.1927 0.5102 1.3710 1.8755 3.0618 2.9925 0.2131 0.4985 1.3514 0.9603 0.2804 2.0662 0.6886 2.6515 0.8914 2.6960 0.5135 1.3919 -1.4180 0.2872 1.5820 0.1927 0.8414 -1.5950 1.7444 0.5600 427.0553
88 0.2062 0.5286 1.2959 1.8929 3.0820 2.9822 0.2179 0.5047 1.3589 0.9500 0.2816 2.0278 0.6373 2.6302 0.8931 2.7057 0.5563 1.3886 -1.7220 0.3045 1.2780 0.1921 0.8474 -1.5950 0.0096 0.0010 442.9283
89 0.1505 0.9970 2.4550 3.1354 0.4921 0.6721 2.8350 3.0268 2.3880 0.9747 2.6206 0.5118 1.4455 2.9663 2.9139 0.2629 2.6111 0.9676 0.2290 0.1228 3.2290 0.1968 0.8597 -1.7220 1.7353 0.0008 444.5663
90 0.2094 0.5255 1.2709 1.9027 3.0840 2.9764 0.2231 0.5056 1.3573 0.9412 0.2849 2.0131 0.6032 2.6249 0.8946 2.7139 0.5778 1.3863 -1.6990 0.3098 1.3010 0.1948 0.8466 -1.7220 0.0071 0.0009 461.1394
91 3.0293 2.9250 3.0417 1.6807 2.4990 2.9761 2.6510 2.8662 0.5485 3.0414 2.9403 2.7964 2.9427 0.9138 0.1361 0.3243 0.9289 0.4242 -0.6030 0.0289 2.3970 0.2001 0.8537 -1.7220 1.7580 0.0008 463.0707
92 0.2089 0.5241 1.2706 1.9029 3.0848 2.9762 0.2229 0.5054 1.3561 0.9406 0.2874 2.0120 0.5998 2.6256 0.8947 2.7154 0.5789 1.3866 -1.7370 0.3114 1.2630 0.1982 0.8500 -1.7220 1.7406 0.7316 465.3209
93 0.2085 0.5186 1.2650 1.9061 3.0874 2.9741 0.2238 0.5048 1.3520 0.9370 0.2971 2.0055 0.5813 2.6266 0.8956 2.7216 0.5872 1.3871 -1.7640 0.3167 1.2360 0.2033 0.8598 -1.7370 0.0078 0.0010 483.1080
94 0.2077 0.5101 1.2584 1.9103 3.0916 2.9711 0.2246 0.5037 1.3455 0.9320 0.3131 1.9964 0.5543 2.6288 0.8971 2.7309 0.5986 1.3882 -1.7020 0.3229 1.2980 0.2104 0.8732 -1.7640 0.0071 0.0009 499.3280
95 2.8766 2.5787 0.7498 3.1416 3.0183 0.1000 2.7898 0.1244 1.8687 0.5410 3.0682 2.9242 2.9190 3.0352 0.1000 0.1000 3.1416 0.1000 -0.3760 0.1835 2.6240 0.2147 0.8812 -1.7640 1.7758 0.0010 501.2695
96 2.3345 1.8359 1.1598 0.6476 1.0307 0.2206 0.4860 3.0886 2.7249 0.2987 2.9473 2.1627 2.9461 2.9214 3.1012 3.0641 3.1024 2.7669 0.4660 0.0484 3.4660 0.2119 0.8709 -1.7640 1.7492 0.0009 503.1284
97 0.2237 0.5287 1.2606 1.8849 3.0822 2.9735 0.2467 0.4903 1.3531 0.9328 0.2741 1.9924 0.5671 2.6273 0.8962 2.7295 0.5676 1.3779 -1.6270 0.3264 1.3730 0.2111 0.8604 -1.7640 0.0122 0.0010 523.7637
98 0.1899 0.5084 1.2669 1.9306 3.0914 2.9735 0.1967 0.5251 1.3524 0.9388 0.3113 2.0217 0.6014 2.6235 0.8957 2.7116 0.6148 1.3957 -1.7940 0.3012 1.2060 0.2153 0.8694 -1.7640 0.0056 0.0010 540.8309
99 0.1811 0.5013 1.2636 1.9429 3.0931 2.9712 0.1852 0.5354 1.3508 0.9357 0.3163 2.0261 0.6012 2.6219 0.8970 2.7105 0.6343 1.3988 -1.6980 0.2956 1.3020 0.2215 0.8818 -1.7940 0.0063 0.0010 557.8933
100 1.3294 2.7533 0.8233 0.1994 0.3176 2.4389 2.0733 0.3259 3.1416 0.1000 0.2974 3.1416 3.1416 0.2914 0.1000 0.1000 3.1416 0.7467 0.1010 0.0817 3.1010 0.2251 0.8891 -1.7940 1.6785 0.0010 560.5522
101 0.1899 0.5120 1.2551 1.9371 3.0693 2.9597 0.1749 0.4962 1.3469 0.9520 0.3337 2.0093 0.6057 2.6200 0.9094 2.7350 0.5953 1.4048 -1.5670 0.2843 1.4330 0.2224 0.8750 -1.7940 0.0128 0.0010 579.8762
102 0.1978 0.5063 1.2827 1.9134 3.1222 2.9934 0.2363 0.5524 1.3582 0.9238 0.2913 2.0295 0.5846 2.6309 0.8762 2.6853 0.6256 1.3825 -1.7330 0.3133 1.2670 0.2244 0.8856 -1.7940 0.0071 0.0010 598.2230
103 0.2004 0.4992 1.2714 1.9130 3.1170 2.9959 0.2399 0.5587 1.3702 0.9435 0.2836 2.0440 0.5863 2.6427 0.8858 2.7234 0.6304 1.3830 -1.7590 0.3328 1.2410 0.2308 0.8963 -1.7940 0.0092 0.0010 618.4009
104 0.1718 0.5277 1.2820 1.9249 3.1213 2.9720 0.2457 0.5613 1.3508 0.9191 0.2839 2.0396 0.5734 2.6362 0.8757 2.7089 0.6194 1.3928 -1.7930 0.3427 1.2070 0.2378 0.9105 -1.7940 0.0085 0.0010 639.5583
105 0.1676 0.5286 1.2832 1.9257 3.1246 2.9702 0.2492 0.5657 1.3482 0.9149 0.2846 2.0405 0.5666 2.6378 0.8741 2.7095 0.6231 1.3934 -1.9010 0.3470 1.0990 0.2454 0.9262 -1.7940 0.0070 0.0010 657.6050
106 0.1243 0.5560 1.2931 1.9434 3.1416 2.9440 0.2795 0.5992 1.3293 0.8856 0.2840 2.0538 0.5225 2.6467 0.8595 2.7176 0.6370 1.4047 -1.9550 0.3733 1.0450 0.2516 0.9431 -1.9010 0.0077 0.0010 678.3485
107 0.1016 0.5686 1.2985 1.9521 3.1416 2.9308 0.2961 0.6183 1.3184 0.8685 0.2865 2.0603 0.4941 2.6526 0.8519 2.7224 0.6479 1.4102 -1.9310 0.3739 1.0690 0.2635 0.9699 -1.9550 0.0072 0.0010 698.3752
108 0.1000 0.5671 1.3016 1.9508 3.1416 2.9317 0.2982 0.6264 1.3143 0.8614 0.2893 2.0596 0.4820 2.6563 0.8485 2.7226 0.6560 1.4101 -1.8390 0.3696 1.1610 0.2725 0.9879 -1.9550 0.0091 0.0009 731.7436
109 0.1000 0.5613 1.2768 1.9553 3.1416 2.9220 0.3121 0.5767 1.3227 0.8946 0.2791 2.0764 0.5353 2.6422 0.8773 2.7198 0.6280 1.4121 -1.9610 0.3923 1.0390 0.2763 0.9978 -1.9550 0.0082 0.0010 754.6145
110 0.1000 0.5581 1.2714 1.9567 3.1416 2.9167 0.3240 0.5707 1.3173 0.8940 0.2800 2.0851 0.5351 2.6434 0.8836 2.7200 0.6317 1.4135 -1.9040 0.3929 1.0960 0.2862 1.0188 -1.9610 0.0057 0.0010 777.7637
111 0.1000 0.5601 1.2737 1.9656 3.1416 2.9146 0.3046 0.6042 1.3391 0.9051 0.2814 2.0570 0.5225 2.6720 0.8873 2.7118 0.6025 1.4018 -1.9080 0.4081 1.0920 0.2970 1.0431 -1.9610 0.0091 0.0010 810.4862
112 0.1000 0.5540 1.2851 1.9389 3.1416 2.9161 0.3179 0.5670 1.3526 0.8933 0.2835 2.0715 0.5223 2.6424 0.8467 2.7302 0.6418 1.4509 -1.9070 0.3661 1.0930 0.3128 1.0764 -1.9610 0.0089 0.0010 838.8979
113 0.1000 0.5576 1.2841 1.9490 3.1416 2.9497 0.3259 0.5939 1.2959 0.9134 0.2887 2.0887 0.5018 2.6077 0.8878 2.7349 0.6306 1.4080 -1.8860 0.3979 1.1140 0.3314 1.1157 -1.9610 0.0075 0.0009 872.7643
114 0.1000 0.1000 3.1416 0.1000 0.1000 0.1000 0.1000 0.1000 3.1416 0.1000 0.1000 0.1000 3.1416 3.1416 0.1000 0.1000 3.1416 0.1000 0.1200 0.0517 3.1200 0.3502 1.1552 -1.9610 0.8237 0.0010 939.1127
115 0.1000 0.5406 1.2651 1.9514 3.1416 2.9046 0.3262 0.5663 1.3068 0.8500 0.2844 2.0766 0.5299 2.6934 0.8765 2.7107 0.6614 1.4033 -1.7920 0.3876 1.2080 0.3409 1.1227 -1.9610 0.0090 0.0010 969.4742
116 0.1000 0.1000 0.1000 0.1000 3.1416 3.1416 3.1416 3.1416 3.1416 0.1000 0.1000 3.1416 0.1000 3.1416 0.1000 0.1000 0.1000 3.1416 -0.2200 0.0828 2.7800 0.3484 1.1435 -1.9610 0.8999 0.0010 1015.8873
117 0.1000 0.5807 1.3021 1.9590 3.1416 2.9342 0.2879 0.6146 1.3558 0.9216 0.2803 2.0573 0.5003 2.6106 0.8535 2.7384 0.6044 1.4327 -2.0020 0.3664 0.9980 0.3383 1.1123 -1.9610 0.0066 0.0010 1044.2384
118 0.1000 0.5903 1.3126 1.9698 3.1416 2.9302 0.2867 0.6371 1.3743 0.9365 0.2815 2.0557 0.4687 2.5966 0.8424 2.7588 0.5922 1.4505 -1.9720 0.3426 1.0280 0.3530 1.1461 -2.0020 0.0069 0.0009 1086.1075
119 0.1000 0.1000 0.1000 3.1416 0.1000 3.1416 0.1000 3.1416 0.1000 0.1000 0.1000 3.1416 0.1000 0.1000 0.1000 0.1000 3.1416 0.1000 1.1050 0.0146 4.1050 0.3693 1.1790 -2.0020 0.4029 0.0010 1158.8128
120 0.1000 0.1000 0.1000 0.1000 0.1000 0.1000 0.1000 0.1000 0.1000 3.1416 3.1416 3.1416 3.1416 0.1000 3.1416 0.1000 3.1416 0.1000 1.8240 0.0030 4.8240 0.3729 1.1723 -2.0020 0.7314 0.0010 1215.9322
121 3.1416 3.1416 3.1416 0.1000 3.1416 3.1416 3.1416 3.1416 3.1416 0.1000 3.1416 3.1416 3.1416 3.1416 0.1000 0.1000 0.1000 3.1416 -0.1310 0.0737 2.8690 0.3890 1.1917 -2.0020 0.2362 0.0010 1268.2531
122 3.1416 0.1000 3.1416 0.1000 3.1416 0.1000 0.1000 3.1416 3.1416 0.1000 0.1000 3.1416 0.1000 0.1000 0.1000 0.1000 3.1416 3.1416 1.2010 0.0147 4.2010 0.3825 1.1699 -2.0020 0.2108 0.0010 1326.6638
123 3.1416 0.1000 0.1000 0.1000 0.1000 3.1416 3.1416 0.1000 3.1416 0.1000 0.1000 0.1000 3.1416 3.1416 0.1000 0.1000 0.1000 3.1416 -0.1700 0.0688 2.8300 0.3854 1.1620 -2.0020 0.1813 0.0010 1408.1408
124 3.1416 0.1000 3.1416 0.1000 0.1000 0.1000 3.1416 0.1000 0.1000 0.1000 3.1416 3.1416 3.1416 3.1416 0.1000 0.1000 3.1416 3.1416 -0.6830 0.1138 2.3170 0.3789 1.1416 -2.0020 0.2324 0.0010 1480.3238
125 0.1000 0.5779 1.3166 1.9517 3.1416 2.9301 0.2929 0.6483 1.3808 0.9490 0.2901 2.0534 0.4399 2.6013 0.8572 2.7491 0.5984 1.4636 -1.7720 0.3436 1.2280 0.3741 1.1292 -2.0020 0.0086 0.0010 1507.8165
126 3.1416 0.1000 3.1416 0.1000 0.1000 0.1000 3.1416 0.1000 0.1000 0.1000 3.1416 3.1416 3.1416 1.4083 0.1000 0.1000 3.1416 3.1416 -0.1530 0.0765 2.8470 0.3710 1.1331 -2.0020 0.0837 0.0010 1581.8571
127 0.1000 0.6052 1.2984 1.9961 3.1416 2.9396 0.2835 0.6035 1.3293 0.8907 0.2735 2.0621 0.5317 2.5997 0.8142 2.7735 0.5989 1.4071 -1.9210 0.3410 1.0790 0.3652 1.1149 -2.0020 0.0054 0.0010 1637.9177
128 0.1000 0.5936 1.3165 1.9947 3.1416 2.9241 0.2710 0.5908 1.3042 0.8745 0.2560 2.0424 0.5074 2.5670 0.8299 2.7139 0.5967 1.4319 -1.7280 0.2773 1.2720 0.3817 1.1397 -2.0020 0.0103 0.0012 1687.5703
129 0.1000 0.5913 1.2748 1.9551 3.1416 2.9541 0.3122 0.6297 1.3750 0.9294 0.3067 2.0869 0.5259 2.6642 0.8412 2.8112 0.6253 1.3930 -1.8780 0.3939 1.1220 0.3894 1.1576 -2.0020 0.0064 0.0009 1734.3190
130 0.1000 0.5407 1.2745 1.9598 3.1416 2.9403 0.3387 0.6344 1.3397 0.9465 0.3497 2.0570 0.5186 2.6588 0.7916 2.7587 0.5944 1.4031 -1.7670 0.3433 1.2330 0.4004 1.1731 -2.0020 0.0078 0.0010 1796.6083
131 0.1000 3.1416 0.1000 3.1416 0.1000 3.1416 3.1416 0.1000 0.1000 3.1416 3.1416 3.1416 3.1416 3.1416 0.1000 0.1000 0.1000 0.1000 -1.2010 0.1650 1.7990 0.4067 1.1874 -2.0020 0.3387 0.0010 1865.2722
132 0.1000 3.1416 0.1000 0.1000 3.1416 3.1416 0.1000 3.1416 3.1416 3.1416 3.1416 3.1416 3.1416 0.1000 3.1416 0.1000 0.1000 3.1416 0.2990 0.0438 3.2990 0.4062 1.1880 -2.0020 0.1181 0.0010 1950.8413
133 0.1000 3.1416 0.1000 3.1416 0.1000 3.1416 2.3048 0.1000 0.1000 3.1416 3.1416 3.1416 3.1416 3.1416 0.1000 0.1000 0.1000 0.1000 1.2760 0.0096 4.2760 0.4019 1.1700 -2.0020 0.0369 0.0009 2026.8641
134 0.1000 0.6094 1.2929 1.9488 3.1416 2.9469 0.2730 0.6062 1.3830 0.9027 0.2446 2.0878 0.5149 2.6414 0.9056 2.7806 0.6461 1.4167 -2.0400 0.4183 0.9600 0.3639 1.1446 -2.0020 0.0055 0.0010 2057.1508
135 0.1000 0.6260 1.2943 1.9498 3.1416 2.9504 0.2661 0.6108 1.3946 0.8943 0.2244 2.1013 0.5017 2.6484 0.9292 2.8036 0.6675 1.4180 -1.9270 0.4189 1.0730 0.3743 1.1673 -2.0400 0.0056 0.0009 2117.1174
136 0.1000 0.5871 1.2812 1.9346 3.1416 2.9143 0.2567 0.6365 1.3447 0.9262 0.2043 2.0823 0.5246 2.6562 0.9009 2.8186 0.6520 1.4407 -1.9410 0.4130 1.0590 0.3835 1.1853 -2.0400 0.0063 0.0010 2164.0522
137 3.1416 3.1416 3.1416 3.1416 0.1000 0.1000 3.1416 3.1416 0.1000 3.1416 3.1416 3.1416 0.1000 3.1416 0.1000 3.1416 3.1416 0.1000 -0.3700 0.0825 2.6300 0.3959 1.2066 -2.0400 0.4430 0.0010 2285.0340
138 0.1000 0.6377 1.2919 1.8968 3.1416 2.9248 0.2854 0.6216 1.3990 0.8851 0.2756 2.0699 0.5201 2.6079 0.9201 2.7839 0.6707 1.3933 -1.8070 0.3830 1.1930 0.3904 1.1893 -2.0400 0.0074 0.0009 2350.9196
139 0.1000 0.5770 1.2940 2.0108 3.1416 2.9821 0.2645 0.5946 1.3669 0.9148 0.2133 2.1177 0.4798 2.6941 0.8944 2.7949 0.6298 1.4462 -1.9610 0.4319 1.0390 0.3975 1.2059 -2.0400 0.0062 0.0009 2385.4982
140 0.1000 0.1000 0.1000 0.1000 3.1416 3.1416 3.1416 3.1416 3.1416 3.1416 3.1416 0.1000 3.1416 3.1416 0.1000 0.1000 3.1416 0.1000 0.9930 0.0245 3.9930 0.4081 1.2236 -2.0400 0.1670 0.0010 2461.9650
141 0.1000 0.5388 1.3017 2.0259 3.1416 2.9514 0.2783 0.6364 1.3767 0.8713 0.2257 2.1265 0.4965 2.6689 0.9260 2.8319 0.6201 1.4543 -2.0090 0.4256 0.9910 0.4084 1.2116 -2.0400 0.0081 0.0010 2518.3643
142 3.1416 3.1416 3.1416 3.1416 0.1000 3.1416 3.1416 3.1416 0.1000 0.1000 0.1000 3.1416 0.1000 3.1416 0.1000 0.1000 0.1000 3.1416 -0.8180 0.1216 2.1820 0.4193 1.2281 -2.0400 0.1774 0.0010 2607.3031
143 3.1416 3.1416 3.1416 3.1416 0.1000 3.1416 3.1416 3.1416 0.1000 0.1000 0.1000 3.1416 0.1000 3.1416 0.1000 0.1000 0.1000 1.8413 0.4600 0.0454 3.4600 0.4162 1.2193 -2.0400 0.0327 0.0009 2694.9032
144 0.1000 3.1416 0.1000 0.1000 0.1000 0.1000 3.1416 3.1416 0.1000 0.1000 3.1416 3.1416 0.1000 0.1000 0.1000 3.1416 3.1416 3.1416 0.7280 0.0246 3.7280 0.4113 1.2058 -2.0400 0.0854 0.0010 2775.9892
145 3.1416 3.1416 0.1000 3.1416 0.1000 0.1000 0.1000 0.1000 3.1416 0.1000 3.1416 0.1000 3.1416 3.1416 0.1000 0.1000 3.1416 3.1416 -0.2710 0.0784 2.7290 0.4096 1.1914 -2.0400 0.1459 0.0010 2849.0327
146 0.1000 0.5372 1.3220 2.0424 3.1416 2.9198 0.2695 0.6237 1.3786 0.8992 0.2136 2.1504 0.4735 2.6727 0.9160 2.8359 0.6437 1.4205 -1.9810 0.4346 1.0190 0.4047 1.1760 -2.0400 0.0081 0.0010 2885.0335
147 3.1416 0.1000 3.1416 3.1416 0.1000 3.1416 3.1416 3.1416 0.1000 3.1416 3.1416 3.1416 3.1416 3.1416 0.1000 0.1000 3.1416 3.1416 -0.4870 0.0915 2.5130 0.4145 1.1917 -2.0400 0.3834 0.0010 3014.9174
148 3.1416 0.1000 0.1000 0.1000 0.1000 0.1000 3.1416 3.1416 0.1000 3.1416 3.1416 0.1000 0.1000 3.1416 0.1000 0.1000 0.1000 3.1416 -1.2980 0.1619 1.7020 0.4102 1.1789 -2.0400 0.1314 0.0010 3115.3287
149 0.1000 0.1000 3.1416 3.1416 3.1416 3.1416 0.1000 0.1000 3.1416 0.1000 0.1000 3.1416 3.1416 3.1416 3.1416 0.1000 3.1416 3.1416 -0.2220 0.0789 2.7780 0.4102 1.1808 -2.0400 0.1135 0.0010 3179.5387
150 3.1416 0.1000 0.1000 0.1000 0.1000 0.1000 3.1416 3.1416 0.1000 3.1416 3.1416 0.1000 0.1000 3.1416 0.1000 0.1000 0.8578 3.1416 -1.2160 0.1619 1.7840 0.4055 1.1660 -2.0400 0.0349 0.0010 3250.8703
151 3.1416 0.1000 0.1000 0.1000 0.1000 0.1000 3.1416 3.1416 0.1000 3.1416 3.1416 0.8696 0.1000 3.1416 0.1000 0.1000 0.2630 3.1416 -0.6510 0.0694 2.3490 0.4105 1.1737 -2.0400 0.0267 0.0010 3342.7267
152 3.1416 0.1000 0.1000 0.1000 0.1000 0.1000 3.1416 3.1416 0.1000 3.1416 3.1416 0.1000 0.8747 3.1416 0.1000 0.1000 0.3018 3.1416 -1.1970 0.2105 1.8030 0.4097 1.1741 -2.0400 0.0337 0.0010 3427.4458
153 0.1000 3.1416 3.1416 0.1000 0.1000 0.1000 0.1000 3.1416 3.1416 0.1000 0.1000 0.1000 0.1000 3.1416 0.1000 0.1000 0.1000 3.1416 0.8860 0.0189 3.8860 0.4143 1.1812 -2.0400 0.0664 0.0010 3518.0430
154 3.1416 0.1000 3.1416 3.1416 0.1000 3.1416 0.1000 0.1000 0.1000 3.1416 0.1000 3.1416 3.1416 3.1416 0.1000 0.1000 3.1416 0.1000 0.4760 0.0438 3.4760 0.4141 1.1706 -2.0400 0.1284 0.0010 3609.1021
155 3.1416 0.1000 0.1000 0.1000 0.1000 0.1000 2.3716 3.1416 0.1000 3.1416 3.1416 0.1000 0.3022 3.1416 0.1000 0.1000 0.3032 3.1416 0.0810 0.0456 3.0810 0.4113 1.1567 -2.0400 0.0320 0.0010 3675.4969
156 3.1416 0.1000 0.1000 0.8601 0.1000 0.1000 3.1416 3.1416 0.1000 3.1416 3.1416 0.1000 0.2685 3.1416 0.1000 0.1000 0.3793 3.1416 -1.1260 0.1371 1.8740 0.3998 1.1520 -2.0400 0.0327 0.0010 3785.6403
157 0.1000 0.5767 1.2908 2.0221 3.1416 2.9578 0.2629 0.6407 1.3507 0.8672 0.2472 2.1544 0.4883 2.6887 0.9305 2.8365 0.6162 1.4891 -1.8750 0.3894 1.1250 0.4046 1.1600 -2.0400 0.0088 0.0009 3831.1945
158 0.1000 3.1416 3.1416 0.1000 3.1416 0.1000 0.1000 0.1000 0.1000 0.1000 3.1416 3.1416 3.1416 0.1000 0.1000 3.1416 3.1416 0.1000 0.7550 0.0269 3.7550 0.4106 1.1724 -2.0400 0.0415 0.0010 3912.6867
159 0.1000 0.5219 1.3079 2.0120 3.1416 2.9566 0.2939 0.6109 1.3983 0.9073 0.1831 2.0810 0.4819 2.6600 0.8992 2.8128 0.6492 1.4004 -1.9660 0.4569 1.0340 0.4095 1.1606 -2.0400 0.0055 0.0009 3949.7929
160 0.1000 0.5279 1.3317 1.9975 3.1416 2.9420 0.2803 0.5739 1.3958 0.9160 0.1970 2.1346 0.4765 2.6540 0.8632 2.8330 0.6905 1.4382 -1.9320 0.4046 1.0680 0.4187 1.1746 -2.0400 0.0072 0.0010 4004.9202
161 0.1000 0.5544 1.3087 2.0264 3.1416 2.9444 0.2627 0.6375 1.3591 0.9292 0.1956 2.0945 0.4551 2.6899 0.9402 2.8053 0.6242 1.3559 -2.0370 0.4846 0.9630 0.4264 1.1869 -2.0400 0.0083 0.0010 4056.8602
162 3.1416 0.1000 0.1000 0.2426 0.1000 0.9114 3.1416 3.1416 0.1000 3.1416 3.1416 0.1000 0.2291 3.1416 0.1000 0.1000 0.3495 3.1416 -0.8400 0.1027 2.1600 0.4347 1.1990 -2.0400 0.0250 0.0010 4152.3765
163 0.1000 0.5530 1.3082 2.0325 3.1416 2.9473 0.2632 0.6442 1.3543 0.9301 0.1872 2.0958 0.4379 2.6972 0.9477 2.8138 0.6301 1.3478 -1.9610 0.4861 1.0390 0.4364 1.2009 -2.0400 0.0080 0.0010 4200.4461
164 0.1000 0.5549 1.3200 2.0218 3.1416 2.9074 0.2510 0.6202 1.4030 0.9033 0.2052 2.0721 0.4654 2.7191 0.9201 2.8041 0.6110 1.3842 -2.1100 0.4794 0.8900 0.4418 1.2103 -2.0400 0.0068 0.0010 4240.2605
165 0.1000 0.5555 1.3385 2.0517 3.1416 2.8598 0.2315 0.6299 1.4467 0.8809 0.1850 2.0509 0.4200 2.7877 0.9259 2.8285 0.6050 1.3761 -1.7480 0.4583 1.2520 0.4460 1.2187 -2.1100 0.0071 0.0009 4305.5110
166 0.1000 0.5016 1.3266 2.0487 3.1416 2.9658 0.2676 0.6989 1.3726 0.9646 0.2070 2.1529 0.4914 2.6510 0.9915 2.7513 0.6545 1.3583 -1.7100 0.4171 1.2900 0.4438 1.2226 -2.1100 0.0074 0.0009 4386.6874
167 3.1416 0.1000 0.1000 0.2376 0.1000 0.1000 3.1416 3.1416 0.1000 3.1416 2.2670 0.1000 0.2253 3.1416 0.1000 0.1000 0.3453 3.1416 0.1070 0.0366 3.1070 0.4427 1.2293 -2.1100 0.0256 0.0010 4501.0056
168 0.1000 0.1000 0.1000 3.1416 0.1000 0.1000 3.1416 0.1000 0.1000 3.1416 0.1000 3.1416 0.1000 3.1416 3.1416 3.1416 0.1000 0.1000 0.7160 0.0311 3.7160 0.4363 1.2274 -2.1100 0.0541 0.0010 4614.0109
169 0.1000 3.1416 3.1416 0.1000 3.1416 0.1000 0.1000 3.1416 3.1416 0.1000 0.1000 3.1416 0.1000 0.1000 3.1416 3.1416 0.1000 0.1000 -0.4610 0.0812 2.5390 0.4354 1.2158 -2.1100 0.1362 0.0018 4759.4776
170 0.1000 0.1000 3.1416 0.1000 0.1000 3.1416 0.1000 3.1416 0.1000 0.1000 0.1000 0.1000 3.1416 0.1000 3.1416 0.1000 3.1416 3.1416 -0.8730 0.1317 2.1270 0.4318 1.2048 -2.1100 0.3061 0.0010 4855.1841
171 0.1000 0.1000 3.1416 0.1000 1.3839 3.1416 0.1000 3.1416 0.1000 0.1000 0.1000 0.1000 3.1416 0.1000 3.1416 0.1000 3.1416 3.1416 -0.2770 0.2082 2.7230 0.4291 1.1983 -2.1100 0.0248 0.0010 4951.4239
172 0.1000 3.1416 3.1416 3.1416 3.1416 3.1416 3.1416 3.1416 3.1416 3.1416 0.1000 3.1416 0.1000 0.1000 0.1000 0.1000 3.1416 0.1000 0.5020 0.0382 3.5020 0.4272 1.1912 -2.1100 0.1587 0.0010 5055.0069
173 0.1000 0.1000 3.1416 0.1000 0.1000 3.1416 1.4331 3.1416 0.1000 0.1000 0.1000 0.1000 3.1416 0.1000 3.1416 0.1000 3.1416 3.1416 -0.4350 0.2045 2.5650 0.4250 1.1789 -2.1100 0.0292 0.0010 5140.0708
174 3.1416 3.1416 0.1000 3.1416 3.1416 3.1416 3.1416 0.1000 3.1416 3.1416 3.1416 0.1000 0.1000 3.1416 0.1000 0.1000 0.1000 3.1416 -0.7990 0.1135 2.2010 0.4237 1.1729 -2.1100 0.1703 0.0010 5244.9630
175 0.1000 3.1416 0.1000 3.1416 0.1000 0.1000 0.1000 0.1000 3.1416 0.1000 0.1000 0.1000 0.1000 0.1000 3.1416 0.1000 0.1000 0.1000 0.3300 0.0413 3.3300 0.4207 1.1656 -2.1100 0.0307 0.0010 5339.3978
176 0.1000 3.1416 0.1000 0.1000 0.1000 3.1416 3.1416 0.1000 0.1000 0.1000 0.1000 0.1000 3.1416 0.1000 0.1000 3.1416 0.1000 3.1416 -0.5770 0.1019 2.4230 0.4176 1.1529 -2.1100 0.0476 0.0010 5446.5632
177 3.1416 3.1416 0.1000 3.1416 3.1416 3.1416 3.1416 0.1000 3.1416 3.1416 3.1416 1.5576 0.1000 3.1416 0.1000 0.1000 0.1000 3.1416 -0.3010 0.0909 2.6990 0.4138 1.1432 -2.1100 0.0361 0.0010 5551.4222
178 0.1000 0.1000 0.1000 0.1000 3.1416 0.1000 0.1000 3.1416 3.1416 3.1416 0.1000 0.1000 0.1000 0.1000 3.1416 3.1416 3.1416 0.1000 1.6750 0.0042 4.6750 0.4114 1.1353 -2.1100 0.0634 0.0010 5638.2525
179 0.1000 0.1000 0.1000 3.1416 0.1000 0.1000 3.1416 0.1000 3.1416 0.1000 0.1000 3.1416 3.1416 3.1416 0.1000 3.1416 3.1416 3.1416 0.4440 0.0309 3.4440 0.4200 1.1410 -2.1100 0.4481 0.0010 5748.4220
180 3.1416 3.1416 0.1000 3.1416 3.1416 3.1416 3.1416 0.1000 3.1416 3.1416 1.6725 0.1000 0.1000 3.1416 0.1000 0.1000 0.1000 3.1416 0.2150 0.0186 3.2150 0.4173 1.1293 -2.1100 0.0279 0.0010 5861.6051
181 0.1000 0.1000 3.1416 0.1000 0.1000 3.1416 3.1416 3.1416 0.1000 0.1000 3.1416 3.1416 3.1416 3.1416 0.1000 0.1000 0.1000 3.1416 0.9720 0.0189 3.9720 0.4139 1.1190 -2.1100 0.1699 0.0010 5945.6868
182 3.1416 3.1416 3.1416 3.1416 0.1000 0.1000 3.1416 0.1000 3.1416 0.1000 0.1000 3.1416 0.1000 3.1416 3.1416 3.1416 0.1000 3.1416 0.2890 0.0521 3.2890 0.4145 1.1121 -2.1100 0.0670 0.0010 6049.3332
183 3.1416 0.1000 0.1000 0.1000 3.1416 3.1416 0.1000 0.1000 0.1000 0.1000 3.1416 0.1000 3.1416 0.1000 0.1000 0.1000 3.1416 3.1416 1.1560 0.0150 4.1560 0.4109 1.0999 -2.1100 0.0641 0.0010 6153.6328
184 3.1416 3.1416 3.1416 0.1000 3.1416 3.1416 0.1000 3.1416 0.1000 3.1416 3.1416 3.1416 0.1000 3.1416 0.1000 0.1000 3.1416 0.1000 0.0100 0.0625 3.0100 0.4130 1.0955 -2.1100 0.1288 0.0010 6249.8577
185 0.1000 0.1000 3.1416 0.1000 0.1000 3.1416 0.1000 3.1416 0.1000 0.1000 0.1000 0.1000 3.1416 0.1000 3.1416 0.1000 1.8291 3.1416 -0.8940 0.1317 2.1060 0.4086 1.0834 -2.1100 0.0298 0.0010 6343.4519
186 3.1416 0.1000 0.1000 0.4997 0.1000 0.1000 3.1416 3.1416 0.1000 3.1416 3.1416 0.1000 0.9851 3.1416 0.1000 0.1000 1.3340 3.1416 -1.3380 0.2140 1.6620 0.4096 1.0845 -2.1100 0.0237 0.0010 6426.4402
187 3.1416 0.1000 0.1000 0.6404 0.1000 0.1000 3.1416 3.1416 0.1000 3.1416 3.1416 0.1000 0.5477 3.1416 0.1000 0.1000 2.0093 3.1416 -1.0690 0.1622 1.9310 0.4156 1.0949 -2.1100 0.0331 0.0010 6499.2700
188 3.1416 0.1000 0.1000 0.7072 0.1000 0.1000 3.1416 3.1416 0.1000 3.1416 3.1416 0.1000 1.7785 3.1416 0.1000 0.1000 1.1935 3.1416 -1.0560 0.1852 1.9440 0.4203 1.1015 -2.1100 0.0343 0.0010 6563.1074
189 0.1000 0.1000 3.1416 0.1000 0.1000 3.1416 0.1000 3.1416 0.1000 0.1000 0.1000 0.1000 3.1416 0.1000 3.1416 0.1000 0.5099 3.1416 -0.8310 0.1317 2.1690 0.4247 1.1076 -2.1100 0.0246 0.0010 6663.0997
190 0.1000 0.1000 3.1416 0.1000 0.1000 1.8826 0.1000 3.1416 0.1000 0.1000 0.1000 0.1000 3.1416 0.1000 3.1416 0.1000 1.3929 3.1416 -0.4630 0.1121 2.5370 0.4256 1.1079 -2.1100 0.0245 0.0010 6776.0185
191 3.1416 0.1000 0.1000 0.2779 0.1000 0.1000 3.1416 3.1416 0.1000 3.1416 3.1416 0.1000 0.9553 3.1416 0.1000 0.1000 1.2800 2.3903 1.0250 0.0029 4.0250 0.4250 1.1047 -2.1100 0.0232 0.0010 6850.0851
192 3.1416 0.1000 0.1000 1.2477 0.1000 0.1000 3.1416 3.1416 0.1000 3.1416 3.1416 0.1000 0.9284 3.1416 0.1000 0.1000 1.3144 3.1416 -0.7620 0.1648 2.2380 0.3898 1.0883 -2.1100 0.0143 0.0010 6942.9319
193 0.1000 3.1416 0.1000 3.1416 0.1000 3.1416 0.1000 3.1416 3.1416 0.1000 0.1000 3.1416 3.1416 3.1416 3.1416 0.1000 0.1000 0.1000 -1.1520 0.1653 1.8480 0.3908 1.0920 -2.1100 0.1539 0.0010 7035.4436
194 0.1000 0.1000 3.1416 0.1000 3.1416 3.1416 3.1416 3.1416 0.1000 3.1416 0.1000 3.1416 3.1416 0.1000 3.1416 0.1000 3.1416 0.1000 0.4010 0.0382 3.4010 0.3897 1.0913 -2.1100 0.1392 0.0010 7137.8855
195 3.1416 0.1000 0.1000 0.6744 0.1000 0.1000 3.1416 3.1416 0.4711 3.1416 3.1416 0.1000 1.5019 3.1416 0.1000 0.1000 0.1000 3.1416 -1.3470 0.2155 1.6530 0.3860 1.0789 -2.1100 0.0468 0.0010 7263.6695
196 0.1000 3.1416 0.1000 3.1416 0.1000 3.1416 0.1000 3.1416 3.1416 0.1000 0.1000 3.1416 3.1416 3.1416 3.1416 0.1000 1.0009 0.1000 -1.1140 0.2344 1.8860 0.3928 1.0921 -2.1100 0.0358 0.0010 7341.5316
197 0.1000 3.1416 0.1000 3.1416 0.1000 3.1416 0.1000 3.1416 3.1416 0.1000 0.1000 2.2475 3.1416 3.1416 3.1416 0.1000 0.4451 0.1000 1.3650 0.0020 4.3650 0.3973 1.0996 -2.1100 0.0378 0.0010 7465.2420
198 0.1000 0.1000 3.1416 0.1000 0.1000 0.1000 3.1416 0.1000 0.1000 0.1000 0.1000 0.1000 0.1000 0.1000 0.1000 0.1000 0.1000 0.1000 2.0150 0.0010 5.0150 0.3648 1.0688 -2.1100 0.3463 0.0010 7565.2267
199 3.1416 0.1000 3.1416 3.1416 0.1000 0.1000 0.1000 3.1416 0.1000 3.1416 3.1416 3.1416 0.1000 3.1416 3.1416 0.1000 3.1416 3.1416 0.8040 0.0283 3.8040 0.3810 1.0923 -2.1100 0.1576 0.0010 7645.7916
164 0.1000 0.5549 1.3200 2.0218 3.1416 2.9074 0.2510 0.6202 1.4030 0.9033 0.2052 2.0721 0.4654 2.7191 0.9201 2.8041 0.6110 1.3842 -2.1100 0.4794 0.8900 0.4418 1.2103 -2.0400 0.0068 0.0010 7645.7916
