0 2.9064 2.4950 2.7091 0.4866 1.9567 2.8978 0.6690 2.9209 1.9803 0.2142 2.3828 3.0284 0.3551 3.0712 0.1762 3.1416 0.2000 3.1416 3.0145 0.5269 -0.7852 0.0989 0.2507 0.9665 0.0000 0.0000 0.0000 0.0000 0.0000 0.0000 0.0000 
1 2.9064 2.4950 2.7091 0.4866 1.9567 2.8978 0.6690 2.9209 1.9803 0.2142 2.3828 3.0284 0.3551 3.0712 0.1762 3.1416 0.2000 3.1416 0.1718 3.1374 -3.4443 0.6297 0.2507 0.9665 0.0000 0.0000 0.0000 0.0000 0.0000 0.0000 0.0000 
2 2.9064 2.4950 2.7091 0.4866 1.9567 2.8978 0.6690 2.9209 1.9803 0.2142 2.3828 3.0284 0.3551 3.0712 0.1762 3.1416 0.2000 3.1416 0.6604 0.4668 -1.4805 0.1822 0.2507 0.9665 0.0000 0.0000 0.0000 0.0000 0.0000 0.0000 0.0000 
3 2.9064 2.4950 2.7091 0.4866 1.9567 2.8978 0.6690 2.9209 1.9803 0.2142 2.3828 3.0284 0.3551 3.0712 0.1762 3.1416 0.2000 3.1416 2.0814 1.1513 0.3164 0.0028 0.2507 0.9665 0.0000 0.0000 0.0000 0.0000 0.0000 0.0000 0.0000 
4 2.9064 2.4950 2.7091 0.4866 1.9567 2.8978 0.6690 2.9209 1.9803 0.2142 2.3828 3.0284 0.3551 3.0712 0.1762 3.1416 0.2000 3.1416 2.8057 0.8049 0.4727 0.0105 0.2507 0.9665 0.0000 0.0000 0.0000 0.0000 0.0000 0.0000 0.0000 
5 2.9064 2.4950 2.7091 0.4866 1.9567 2.8978 0.6690 2.9209 1.9803 0.2142 2.3828 3.0284 0.3551 3.0712 0.1762 3.1416 0.2000 3.1416 3.0184 1.0716 0.5537 0.0059 0.2507 0.9665 0.0000 0.0000 0.0000 0.0000 0.0000 0.0000 0.0000 
6 2.9064 2.4950 2.7091 0.4866 1.9567 2.8978 0.6690 2.9209 1.9803 0.2142 2.3828 3.0284 0.3551 3.0712 0.1762 3.1416 0.2000 3.1416 1.9284 2.9350 -2.7861 0.4131 0.2507 0.9665 0.0000 0.0000 0.0000 0.0000 0.0000 0.0000 0.0000 
7 2.9064 2.4950 2.7091 0.4866 1.9567 2.8978 0.6690 2.9209 1.9803 0.2142 2.3828 3.0284 0.3551 3.0712 0.1762 3.1416 0.2000 3.1416 2.1843 2.9100 -2.8584 0.3841 0.2507 0.9665 0.0000 0.0000 0.0000 0.0000 0.0000 0.0000 0.0000 
8 2.9064 2.4950 2.7091 0.4866 1.9567 2.8978 0.6690 2.9209 1.9803 0.2142 2.3828 3.0284 0.3551 3.0712 0.1762 3.1416 0.2000 3.1416 2.2538 0.2473 -2.9785 0.5681 0.2507 0.9665 0.0000 0.0000 0.0000 0.0000 0.0000 0.0000 0.0000 
9 2.9064 2.4950 2.7091 0.4866 1.9567 2.8978 0.6690 2.9209 1.9803 0.2142 2.3828 3.0284 0.3551 3.0712 0.1762 3.1416 0.2000 3.1416 2.7808 1.8932 -0.7568 0.0055 0.2507 0.9665 0.0000 0.0000 0.0000 0.0000 0.0000 0.0000 0.0000 
10 2.9064 2.4950 2.7091 0.4866 1.9567 2.8978 0.6690 2.9209 1.9803 0.2142 2.3828 3.0284 0.3551 3.0712 0.1762 3.1416 0.2000 3.1416 0.1958 3.1392 -3.4600 0.6295 0.2507 0.9665 0.0347 0.0671 100.0000 55.3081 0.3553 0.3681 56.0315 
11 2.9064 2.4950 2.7091 0.4866 1.9567 2.8978 0.6690 2.9209 1.9803 0.2142 2.3828 3.0284 0.3551 3.0712 0.1762 3.1416 0.2000 3.1416 0.2113 3.1416 -3.4609 0.6291 0.2512 0.8636 0.0480 0.0812 100.0000 54.9135 0.3618 0.3693 55.6446 
12 2.9064 2.4950 2.7091 0.4866 1.9567 2.8978 0.6690 2.9209 1.9803 0.2142 2.3828 3.0284 0.3551 3.0712 0.1762 3.1416 0.2000 3.1416 0.2195 3.1416 -3.4609 0.6291 0.2566 0.8234 0.1639 0.1786 100.0000 54.9309 0.3661 0.3868 55.6838 
13 2.9064 2.4950 2.7091 0.4866 1.9567 2.8978 0.6690 2.9209 1.9803 0.2142 2.3828 3.0284 0.3551 3.0712 0.1762 3.1416 0.2000 3.1416 0.2247 3.1416 -3.4609 0.6291 0.2636 0.8157 0.0394 0.0846 100.0000 59.7676 0.3938 0.4760 60.6375 
14 2.9064 2.4950 2.7091 0.4866 1.9567 2.8978 0.6690 2.9209 1.9803 0.2142 2.3828 3.0284 0.3551 3.0712 0.1762 3.1416 0.2000 3.1416 0.2283 3.1416 -3.4609 0.6291 0.2710 0.8269 0.0175 0.0503 100.0000 56.2990 0.3576 0.4014 57.0579 
15 2.9064 2.4950 2.7091 0.4866 1.9567 2.8978 0.6690 2.9209 1.9803 0.2142 2.3828 3.0284 0.3551 3.0712 0.1762 3.1416 0.2000 3.1416 0.2307 3.1416 -3.4609 0.6291 0.2783 0.8498 0.0084 0.0374 100.0000 56.2833 0.3450 0.3891 57.0173 
16 2.9064 2.4950 2.7091 0.4866 1.9567 2.8978 0.6690 2.9209 1.9803 0.2142 2.3828 3.0284 0.3551 3.0712 0.1762 3.1416 0.2000 3.1416 0.2323 3.1416 -3.4609 0.6291 0.2854 0.8805 0.0201 0.0622 100.0000 62.8043 0.3737 0.3970 63.5750 
17 2.9064 2.4950 2.7091 0.4866 1.9567 2.8978 0.6690 2.9209 1.9803 0.2142 2.3828 3.0284 0.3551 3.0712 0.1762 3.1416 0.2000 3.1416 0.2333 3.1416 -3.4609 0.6291 0.2921 0.9168 0.0069 0.0368 100.0000 61.6888 0.3427 0.3667 62.3982 
18 2.9064 2.4950 2.7091 0.4866 1.9567 2.8978 0.6690 2.9209 1.9803 0.2142 2.3828 3.0284 0.3551 3.0712 0.1762 3.1416 0.2000 3.1416 0.2337 3.1416 -3.4609 0.6291 0.2984 0.9570 0.0394 0.1043 100.0000 63.0157 0.3367 0.4395 63.7919 
19 2.9064 2.4950 2.7091 0.4866 1.9567 2.8978 0.6690 2.9209 1.9803 0.2142 2.3828 3.0284 0.3551 3.0712 0.1762 3.1416 0.2000 3.1416 0.2337 3.1416 -3.4609 0.6291 0.3043 1.0002 0.0074 0.0436 100.0000 63.4027 0.4079 0.4363 64.2469 
20 2.9064 2.4950 2.7091 0.4866 1.9567 2.8978 0.6690 2.9209 1.9803 0.2142 2.3828 3.0284 0.3551 3.0712 0.1762 3.1416 0.2000 3.1416 0.2333 3.1416 -3.4609 0.6291 0.3097 1.0457 0.0286 0.0903 100.0000 61.8653 0.3638 0.4038 62.6329 
21 2.9064 2.4950 2.7091 0.4866 1.9567 2.8978 0.6690 2.9209 1.9803 0.2142 2.3828 3.0284 0.3551 3.0712 0.1762 3.1416 0.2000 3.1416 0.2326 3.1416 -3.4609 0.6291 0.3148 1.0931 0.0207 0.0813 100.0000 58.3842 0.3451 0.3685 59.0979 
22 2.9064 2.4950 2.7091 0.4866 1.9567 2.8978 0.6690 2.9209 1.9803 0.2142 2.3828 3.0284 0.3551 3.0712 0.1762 3.1416 0.2000 3.1416 0.2317 3.1416 -3.4609 0.6291 0.3195 1.1418 0.0085 0.0525 100.0000 56.9041 0.3583 0.3563 57.6187 
23 2.9064 2.4950 2.7091 0.4866 1.9567 2.8978 0.6690 2.9209 1.9803 0.2142 2.3828 3.0284 0.3551 3.0712 0.1762 3.1416 0.2000 3.1416 0.2306 3.1416 -3.4609 0.6291 0.3239 1.1917 0.0131 0.0695 100.0000 55.9874 0.3585 0.5103 56.8562 
24 2.9064 2.4950 2.7091 0.4866 1.9567 2.8978 0.6690 2.9209 1.9803 0.2142 2.3828 3.0284 0.3551 3.0712 0.1762 3.1416 0.2000 3.1416 0.2293 3.1416 -3.4609 0.6291 0.3279 1.2426 0.0435 0.1420 100.0000 55.1113 0.3697 0.3899 55.8709 
25 2.9064 2.4950 2.7091 0.4866 1.9567 2.8978 0.6690 2.9209 1.9803 0.2142 2.3828 3.0284 0.3551 3.0712 0.1762 3.1416 0.2000 3.1416 0.2279 3.1416 -3.4609 0.6291 0.3317 1.2942 0.0340 0.1223 100.0000 57.6929 0.3936 0.4090 58.4954 
26 0.3627 0.6975 0.1308 2.9796 0.4353 0.1971 2.8696 0.2877 0.1435 3.0167 0.1743 0.1589 2.9695 0.1144 2.7938 0.1054 3.1270 0.1122 0.1339 2.9797 1.0059 0.0039 0.3352 1.3466 0.0000 0.7556 100.0000 62.9723 0.4202 0.4483 63.8407 
27 2.9064 2.4950 2.7092 0.4866 1.9567 2.8978 0.6690 2.9209 1.9803 0.2142 2.3828 3.0284 0.3551 3.0712 0.1762 3.1416 0.2000 3.1416 0.2214 3.1416 -3.4609 0.6291 0.4088 1.7535 0.0173 0.0950 100.0000 59.6622 0.3897 0.3726 60.4245 
28 2.9064 2.4950 2.7092 0.4866 1.9567 2.8978 0.6690 2.9209 1.9803 0.2142 2.3828 3.0284 0.3551 3.0712 0.1762 3.1416 0.2000 3.1416 0.2180 3.1416 -3.4609 0.6291 0.4139 1.8281 0.0685 0.2358 100.0000 60.6777 0.4787 0.4091 61.5655 
29 2.9064 2.4950 2.7092 0.4866 1.9567 2.8978 0.6690 2.9209 1.9803 0.2142 2.3828 3.0284 0.3551 3.0712 0.1762 3.1416 0.2000 3.1416 0.2148 3.1416 -3.4609 0.6291 0.4187 1.9034 0.0198 0.1106 100.0000 62.9731 0.3568 0.3795 63.7094 
30 2.9064 2.4950 2.7092 0.4866 1.9567 2.8978 0.6690 2.9209 1.9803 0.2142 2.3828 3.0284 0.3551 3.0712 0.1762 3.1416 0.2000 3.1416 0.2118 3.1416 -3.4609 0.6291 0.4234 1.9792 0.0076 0.0630 100.0000 61.5838 0.3413 0.3547 62.2798 
31 2.9064 2.4950 2.7092 0.4866 1.9567 2.8978 0.6690 2.9209 1.9803 0.2142 2.3829 3.0284 0.3551 3.0712 0.1762 3.1416 0.2000 3.1416 0.2089 3.1416 -3.4609 0.6291 0.4279 2.0555 0.0334 0.1530 100.0000 62.4067 0.3790 0.4162 63.2020 
32 2.9064 2.4950 2.7092 0.4866 1.9567 2.8978 0.6690 2.9209 1.9803 0.2142 2.3829 3.0284 0.3551 3.0712 0.1762 3.1416 0.2000 3.1416 0.2062 3.1416 -3.4609 0.6291 0.4323 2.1324 0.0377 0.1727 100.0000 60.4154 0.3747 0.4051 61.1952 
33 2.9064 2.4950 2.7092 0.4866 1.9567 2.8978 0.6690 2.9209 1.9803 0.2142 2.3829 3.0284 0.3551 3.0712 0.1762 3.1416 0.2000 3.1416 0.2036 3.1416 -3.4609 0.6291 0.4366 2.2096 0.0882 0.3036 100.0000 61.2244 0.5009 0.4342 62.1595 
34 2.9064 2.4950 2.7092 0.4866 1.9567 2.8978 0.6690 2.9209 1.9803 0.2142 2.3829 3.0284 0.3551 3.0712 0.1762 3.1416 0.2000 3.1416 0.2011 3.1416 -3.4609 0.6291 0.4408 2.2872 0.0377 0.1753 100.0000 60.8508 0.4103 0.4388 61.6999 
35 2.9064 2.4950 2.7092 0.4866 1.9567 2.8978 0.6690 2.9209 1.9803 0.2142 2.3829 3.0284 0.3551 3.0712 0.1762 3.1416 0.2000 3.1416 0.1986 3.1416 -3.4609 0.6291 0.4449 2.3652 0.0218 0.1265 100.0000 61.0157 0.3769 0.4025 61.7951 
36 2.9064 2.4950 2.7092 0.4866 1.9567 2.8978 0.6690 2.9209 1.9803 0.2142 2.3829 3.0284 0.3551 3.0712 0.1761 3.1416 0.2000 3.1416 0.1962 3.1416 -3.4609 0.6291 0.4490 2.4435 0.0423 0.1723 100.0000 60.4616 0.3999 0.5059 61.3674 
37 2.9064 2.4950 2.7092 0.4866 1.9567 2.8978 0.6690 2.9209 1.9803 0.2142 2.3829 3.0284 0.3551 3.0712 0.1761 3.1416 0.2000 3.1416 0.1939 3.1416 -3.4609 0.6291 0.4529 2.5220 0.0840 0.3330 100.0000 61.1186 0.3790 0.4325 61.9301 
38 2.9064 2.4950 2.7092 0.4866 1.9567 2.8978 0.6689 2.9209 1.9803 0.2142 2.3829 3.0284 0.3551 3.0712 0.1761 3.1416 0.2000 3.1416 0.1917 3.1416 -3.4609 0.6291 0.4567 2.6007 0.0758 0.3035 100.0000 63.1000 0.4733 0.4011 63.9744 
39 0.1000 0.1000 3.1416 0.1000 3.1416 3.1416 0.1000 0.1000 3.1416 3.1416 3.1416 3.1416 3.1416 3.1416 3.1416 0.1000 3.1416 0.1000 3.1416 0.1000 0.8193 0.0045 0.4604 2.6796 0.0007 1.5569 100.0000 60.9026 0.3027 0.3298 61.5351 
40 2.9066 2.4952 2.7092 0.4866 1.9567 2.8978 0.6690 2.9212 1.9802 0.2140 2.3828 3.0285 0.3549 3.0713 0.1759 3.1416 0.1998 3.1416 0.1817 3.1416 -3.4590 0.6289 0.5112 2.8908 0.0147 0.1001 100.0000 67.0535 0.3992 0.4465 67.8993 
41 2.9066 2.4952 2.7092 0.4866 1.9567 2.8978 0.6690 2.9211 1.9802 0.2140 2.3828 3.0285 0.3549 3.0713 0.1759 3.1416 0.1998 3.1416 0.1820 3.1416 -3.4590 0.6289 0.5163 2.9785 0.0171 0.1170 100.0000 60.9928 0.3878 0.4239 61.8045 
42 2.9066 2.4952 2.7092 0.4866 1.9567 2.8978 0.6690 2.9211 1.9802 0.2140 2.3828 3.0285 0.3549 3.0713 0.1759 3.1416 0.1998 3.1416 0.1824 3.1416 -3.4590 0.6289 0.5208 3.0661 0.0221 0.1315 100.0000 62.8495 0.3954 0.4261 63.6710 
43 2.9066 2.4952 2.7092 0.4866 1.9567 2.8978 0.6690 2.9211 1.9802 0.2140 2.3828 3.0285 0.3549 3.0713 0.1759 3.1416 0.1998 3.1416 0.1828 3.1416 -3.4590 0.6289 0.5249 3.1534 0.0592 0.2581 100.0000 66.2600 0.4673 0.4250 67.1523 
44 2.9066 2.4952 2.7092 0.4866 1.9567 2.8978 0.6690 2.9211 1.9802 0.2140 2.3828 3.0285 0.3549 3.0713 0.1759 3.1416 0.1998 3.1416 0.1832 3.1416 -3.4590 0.6289 0.5287 3.2406 0.0239 0.1427 100.0000 61.9418 0.3871 0.4155 62.7445 
45 2.9066 2.4952 2.7092 0.4866 1.9567 2.8978 0.6690 2.9211 1.9802 0.2140 2.3828 3.0285 0.3549 3.0713 0.1759 3.1416 0.1998 3.1416 0.1836 3.1416 -3.4590 0.6289 0.5322 3.3277 0.0143 0.1103 100.0000 61.0595 0.3866 0.4190 61.8651 
46 2.9066 2.4952 2.7092 0.4866 1.9567 2.8979 0.6689 2.9211 1.9802 0.2140 2.3828 3.0285 0.3549 3.0713 0.1759 3.1416 0.1998 3.1416 0.1839 3.1416 -3.4590 0.6289 0.5355 3.4147 0.0393 0.2027 100.0000 64.2177 0.4252 0.4587 65.1016 
47 2.9066 2.4952 2.7092 0.4865 1.9567 2.8978 0.6690 2.9211 1.9802 0.2140 2.3828 3.0285 0.3549 3.0713 0.1759 3.1416 0.1998 3.1416 0.1843 3.1416 -3.4590 0.6289 0.5386 3.5017 0.0557 0.2321 100.0000 72.8249 0.3855 0.4426 73.6530 
48 2.9066 2.4952 2.7092 0.4865 1.9567 2.8978 0.6690 2.9211 1.9802 0.2140 2.3828 3.0285 0.3549 3.0713 0.1759 3.1416 0.1998 3.1416 0.1845 3.1416 -3.4590 0.6289 0.5414 3.5886 0.0471 0.2046 100.0000 61.6963 0.5276 0.4561 62.6800 
49 2.9066 2.4952 2.7092 0.4866 1.9567 2.8978 0.6690 2.9211 1.9802 0.2140 2.3829 3.0285 0.3549 3.0713 0.1759 3.1416 0.1998 3.1416 0.1848 3.1416 -3.4590 0.6289 0.5442 3.6755 0.0670 0.2943 100.0000 63.4874 0.4161 0.3790 64.2825 
50 2.9066 2.4952 2.7092 0.4865 1.9567 2.8978 0.6690 2.9211 1.9802 0.2140 2.3829 3.0285 0.3549 3.0712 0.1759 3.1416 0.1998 3.1416 0.1850 3.1416 -3.4590 0.6289 0.5467 3.7624 0.1051 1.7153 100.0000 66.8769 0.3856 0.4161 67.6786 
51 2.9066 2.4952 2.7092 0.4865 1.9567 2.8978 0.6689 2.9212 1.9802 0.2140 2.3829 3.0285 0.3549 3.0713 0.1759 3.1416 0.1998 3.1416 0.1852 3.1416 -3.4590 0.6289 0.5492 3.8493 0.1323 1.1957 100.0000 63.1851 0.5037 0.4836 64.1725 
52 2.9066 2.4952 2.7092 0.4865 1.9566 2.8978 0.6689 2.9212 1.9802 0.2140 2.3828 3.0285 0.3549 3.0713 0.1760 3.1416 0.1998 3.1416 0.1854 3.1416 -3.4590 0.6289 0.5515 3.9362 0.1354 1.3899 100.0000 67.8938 0.4081 0.4556 68.7575 
53 3.1416 3.1416 3.1416 3.1416 3.1416 0.1000 3.1416 3.1416 3.1416 0.1000 0.1000 0.1000 0.1000 0.1000 0.1000 3.1416 0.1000 3.1416 0.1000 3.1416 -0.5586 0.0279 0.5537 4.0231 0.0028 1.5752 100.0000 68.5253 0.4371 0.4104 69.3728 
54 2.9060 2.4938 2.7083 0.4812 1.9543 2.9035 0.6639 2.9206 1.9779 0.2143 2.3875 3.0344 0.3555 3.0773 0.1762 3.1416 0.2001 3.1416 0.1910 3.1416 -3.4521 0.6239 0.5385 3.6533 0.1693 0.7105 100.0000 80.4409 0.4155 0.4721 81.3286 
55 3.1416 3.1416 0.1000 3.1416 0.1000 0.1000 3.1416 0.1000 3.1416 3.1416 3.1416 0.1000 0.1000 3.1416 0.1000 0.1000 0.1000 3.1416 3.1416 0.1000 0.4355 0.0080 0.5415 3.7320 0.0045 1.7994 100.0000 71.0528 0.3519 0.4391 71.8439 
56 2.9067 2.4946 2.7111 0.4831 1.9575 2.9015 0.6658 2.9237 1.9786 0.2113 2.3834 3.0324 0.3548 3.0728 0.1756 3.1416 0.1994 3.1416 0.1900 3.1416 -3.4541 0.6252 0.5577 3.6218 0.0706 0.2732 100.0000 63.8991 0.3870 0.4347 64.7209 
57 2.9061 2.4954 2.7058 0.4905 1.9546 2.8937 0.6724 2.9167 1.9821 0.2185 2.3835 3.0242 0.3554 3.0707 0.1767 3.1416 0.2006 3.1416 0.1924 3.1416 -3.4346 0.6326 0.5604 3.6991 0.0656 0.3324 100.0000 61.8651 0.4086 0.4823 62.7560 
58 2.9076 2.4940 2.7180 0.4756 1.9621 2.9093 0.6593 2.9324 1.9751 0.2024 2.3814 3.0404 0.3538 3.0732 0.1743 3.1416 0.1980 3.1416 0.2035 3.1416 -3.4502 0.6144 0.5632 3.7763 0.1474 1.2747 100.0000 65.1140 0.5409 0.4781 66.1331 
59 2.9069 2.4943 2.7062 0.4795 1.9510 2.9055 0.6623 2.9193 1.9775 0.2153 2.3911 3.0365 0.3547 3.0812 0.1757 3.1416 0.1992 3.1416 0.2039 3.1416 -3.4180 0.6215 0.5688 3.8518 0.1450 1.5292 100.0000 62.6916 0.3945 0.4364 63.5226 
60 2.9049 2.4971 2.7220 0.5078 1.9783 2.8744 0.6893 2.9302 1.9881 0.2068 2.3536 3.0038 0.3563 3.0372 0.1772 3.1416 0.2023 3.1416 0.1974 3.1416 -3.3848 0.6412 0.5722 3.9277 0.1281 0.4808 100.0000 66.0673 0.3917 0.4936 66.9526 
61 2.9117 2.4895 2.6660 0.4244 1.8871 2.9669 0.6089 2.8886 1.9576 0.2407 2.4745 3.1010 0.3510 3.1416 0.1729 3.1416 0.1926 3.1416 0.1876 3.1416 -3.2002 0.5490 0.5851 3.9968 0.1175 0.4231 100.0000 62.5362 0.3813 0.4370 63.3545 
62 2.8956 2.5013 2.8087 0.5845 2.1019 2.7871 0.7654 3.0030 2.0131 0.1431 2.2042 2.9120 0.3634 3.0355 0.1807 3.1416 0.2132 3.1416 0.2071 3.1416 -2.8535 0.5535 0.5966 4.0316 0.1831 1.0891 100.0000 66.4284 0.3993 0.4409 67.2687 
63 0.1000 3.1416 0.1000 0.1000 0.1000 0.1000 0.1000 3.1416 0.1000 0.1000 3.1416 3.1416 3.1416 0.1000 3.1416 3.1416 0.1000 3.1416 3.1416 0.1000 2.4111 0.0009 0.5750 3.9743 0.0060 1.4114 100.0000 64.5806 0.3425 0.5640 65.4871 
64 2.9172 2.5018 2.6340 0.4886 1.8709 2.9043 0.6665 2.8446 1.9901 0.2859 2.4661 3.0321 0.3459 2.8526 0.1728 3.1416 0.1949 3.1416 0.2461 3.1416 -2.7061 0.4459 0.6659 4.2937 0.0665 0.2305 100.0000 64.1368 0.3847 0.4514 64.9729 
65 3.1416 0.1000 0.1000 0.1000 0.1000 3.1416 0.1000 3.1416 0.1000 0.1000 0.1000 0.1000 0.1000 3.1416 0.1000 3.1416 3.1416 0.1000 0.1000 0.1000 -0.3516 0.0171 0.6342 4.2225 0.0233 1.4817 100.0000 67.7668 0.3767 0.4331 68.5766 
66 0.1000 0.1000 3.1416 3.1416 3.1416 0.1000 0.1000 3.1416 0.1000 3.1416 3.1416 0.1000 0.1000 3.1416 3.1416 3.1416 0.1000 0.1000 0.1000 3.1416 0.5547 0.0093 0.6193 3.8885 0.0380 1.9825 100.0000 69.9898 0.3605 0.4202 70.7705 
67 3.1416 3.1416 0.1000 3.1416 3.1416 3.1416 3.1416 3.1416 3.1416 0.1000 0.1000 3.1416 3.1416 3.1416 3.1416 0.1000 3.1416 3.1416 3.1416 3.1416 0.6338 0.0064 0.6267 3.6998 0.0463 1.5235 100.0000 66.0579 0.3143 0.3800 66.7522 
68 0.1000 3.1416 3.1416 3.1416 3.1416 3.1416 3.1416 0.1000 0.1000 0.1000 0.1000 3.1416 0.1000 3.1416 0.1000 0.1000 0.1000 0.1000 3.1416 0.1000 -1.0879 0.0405 0.6333 3.5239 0.0936 1.7098 100.0000 71.4221 0.3753 0.4093 72.2067 
69 3.1416 0.1000 3.1416 0.1000 0.1000 3.1416 0.1000 3.1416 3.1416 3.1416 0.1000 0.1000 3.1416 0.1000 0.1000 0.1000 0.1000 0.1000 3.1416 3.1416 1.1357 0.0042 0.6101 3.2651 0.0553 1.4780 100.0000 64.9746 0.4269 0.4014 65.8030 
70 0.1000 0.1000 0.1000 0.1000 3.1416 3.1416 3.1416 0.1000 3.1416 3.1416 0.1000 3.1416 0.1000 0.1000 0.1000 3.1416 3.1416 3.1416 0.1000 0.1000 0.9648 0.0043 0.6291 3.1703 0.0978 1.1165 100.0000 60.5068 0.3565 0.3336 61.1969 
71 3.1416 0.1000 3.1416 3.1416 0.1000 3.1416 3.1416 0.1000 0.1000 0.1000 3.1416 0.1000 3.1416 0.1000 3.1416 3.1416 3.1416 3.1416 0.1000 0.1000 -0.9805 0.0382 0.6424 3.0599 0.2486 1.7411 100.0000 63.5190 0.3207 0.3631 64.2028 
72 3.1416 3.1416 3.1416 3.1416 0.1000 0.1000 0.1000 0.1000 3.1416 0.1000 3.1416 3.1416 3.1416 3.1416 0.1000 3.1416 3.1416 0.1000 0.1000 3.1416 0.7646 0.0055 0.6211 2.8721 0.3327 1.7728 100.0000 61.2718 0.2821 0.3379 61.8918 
73 3.1416 3.1416 3.1416 0.1000 3.1416 0.1000 0.1000 3.1416 0.1000 3.1416 0.1000 3.1416 0.1000 0.1000 0.1000 0.1000 3.1416 0.1000 3.1416 0.1000 -1.1377 0.0363 0.6292 2.7697 0.1257 1.6766 100.0000 55.7732 0.3183 0.3731 56.4646 
74 3.1416 0.1000 0.1000 0.1000 3.1416 0.1000 3.1416 3.1416 3.1416 0.1000 0.1000 0.1000 3.1416 3.1416 3.1416 0.1000 0.1000 0.1000 0.1000 0.1000 1.9717 0.0000 0.6074 2.6147 0.1254 1.7756 100.0000 58.0418 0.4632 0.5426 59.0475 
75 0.1000 0.1000 3.1416 0.1000 0.1000 3.1416 3.1416 3.1416 0.1000 0.1000 3.1416 3.1416 0.1000 3.1416 0.1000 0.1000 3.1416 3.1416 3.1416 3.1416 0.0176 0.0142 0.6576 2.6220 0.0650 1.2692 100.0000 56.9236 0.2897 0.3530 57.5663 
76 0.1000 3.1416 3.1416 0.1000 3.1416 3.1416 0.1000 0.1000 0.1000 3.1416 0.1000 0.1000 0.1000 0.1000 3.1416 3.1416 0.1000 3.1416 3.1416 3.1416 1.2939 0.0030 0.6498 2.5069 0.0529 1.5615 100.0000 58.4770 0.2830 0.3399 59.0999 
77 2.9027 2.4877 2.7751 0.4171 2.0135 2.9603 0.6091 3.0039 1.9470 0.1331 2.3612 3.1021 0.3582 3.1416 0.1722 3.1416 0.1865 3.1416 0.2184 3.1416 -3.0889 0.3609 0.6892 2.4815 0.3422 1.8779 100.0000 65.4221 0.3722 0.4231 66.2174 
78 2.9034 2.4928 2.6671 0.5428 1.9201 2.8485 0.7180 2.8630 2.0011 0.2703 2.3833 2.9662 0.3573 3.1416 0.1834 3.1416 0.2222 3.1416 0.1837 3.1416 -3.1045 0.5926 0.6654 2.4668 0.0712 0.1458 100.0000 58.6564 0.3572 0.3961 59.4097 
79 0.1000 0.1000 0.1000 3.1416 3.1416 3.1416 0.1000 0.1000 3.1416 0.1000 3.1416 3.1416 0.1000 0.1000 0.1000 0.1000 0.1000 3.1416 3.1416 0.1000 -0.4043 0.0204 0.6694 2.4860 0.0497 1.6289 100.0000 62.1952 0.3470 0.5607 63.1029 
80 3.1416 0.1000 3.1416 3.1416 0.1000 3.1416 3.1416 3.1416 3.1416 3.1416 3.1416 3.1416 0.1000 3.1416 3.1416 3.1416 0.1000 0.1000 0.1000 0.1000 1.1309 0.0034 0.6585 2.3827 0.0492 1.6721 100.0000 60.9377 0.2773 0.3251 61.5401 
81 2.9764 2.5497 2.7526 0.4091 1.9977 2.9631 0.5976 2.9835 1.9890 0.1400 2.4253 3.1125 0.3045 3.1416 0.1036 3.1416 0.1176 3.1416 2.2387 3.1416 -3.0654 0.3783 0.7204 2.3883 0.1831 1.7305 100.0000 58.1117 0.3258 0.3745 58.8120 
82 2.9202 2.5138 2.7168 0.4725 1.9689 2.9051 0.6577 2.9343 1.9848 0.1987 2.3927 3.0431 0.3434 3.1416 0.1590 3.1416 0.1757 3.1416 0.2088 3.1416 -3.3076 0.5498 0.8100 2.4831 0.1195 0.2030 100.0000 64.0831 0.3669 0.4172 64.8672 
83 2.9024 2.4880 2.7173 0.4742 1.9601 2.9114 0.6576 2.9309 1.9714 0.2046 2.3806 3.0418 0.3585 3.1416 0.1796 3.1416 0.2045 3.1416 0.2043 3.1416 -3.3125 0.5602 0.8164 2.5192 0.1108 0.2152 100.0000 61.7473 0.3451 0.3944 62.4868 
84 2.9048 2.5048 2.7166 0.4710 1.9633 2.9076 0.6628 2.9314 1.9736 0.2016 2.3884 3.0388 0.3493 3.1416 0.1643 3.1416 0.1945 3.1416 0.2027 3.1416 -3.3154 0.5591 0.8214 2.5587 0.0914 0.1782 100.0000 62.4375 0.3687 0.5973 63.4036 
85 2.9209 2.4643 2.7167 0.4868 1.9597 2.9127 0.6410 2.9305 1.9850 0.2097 2.3696 3.0514 0.3702 3.1259 0.2055 3.1416 0.1992 3.1416 0.2001 3.1416 -3.3271 0.5712 0.8239 2.5966 0.0864 0.1816 100.0000 62.7874 0.3592 0.4162 63.5628 
86 0.3690 0.6634 0.2867 2.9057 0.4895 0.1874 2.7246 0.4825 0.2245 2.9912 0.2326 0.4078 2.8531 0.1058 2.7729 0.2837 3.0144 0.2426 0.4383 2.9939 -1.2168 0.0212 0.8356 2.6370 1.0413 0.6755 100.0000 62.5178 0.3966 0.4939 63.4083 
87 0.3583 0.5653 0.6489 2.7509 0.5988 0.1306 2.3842 0.9454 0.3970 2.9519 0.3531 1.0173 2.5832 0.1000 2.7378 0.7050 2.7662 0.5475 1.1852 3.0594 1.6904 0.0107 0.6062 2.3642 0.0003 0.0158 100.0000 66.6942 0.3808 0.4716 67.5465 
88 3.1416 3.1416 0.1000 0.1000 3.1416 3.1416 0.1000 0.1000 0.1000 0.1000 3.1416 0.1000 3.1416 3.1416 0.1000 0.1000 3.1416 3.1416 0.1000 0.1000 0.2529 0.0114 0.5261 2.2040 0.0249 1.2867 100.0000 59.7147 0.3358 0.4100 60.4605 
89 0.1000 3.1416 3.1416 3.1416 3.1416 0.1000 0.1000 3.1416 3.1416 3.1416 3.1416 0.1000 3.1416 0.1000 0.1000 3.1416 3.1416 3.1416 3.1416 0.1000 -0.2344 0.0202 0.5201 2.1290 0.0233 1.4606 100.0000 71.6411 0.2914 0.4294 72.3619 
90 3.1416 0.1000 3.1416 0.1000 3.1416 0.1000 0.1000 3.1416 3.1416 0.1000 3.1416 3.1416 0.1000 0.1000 3.1416 0.1000 3.1416 3.1416 0.1000 3.1416 0.2207 0.0117 0.5106 2.0532 0.0229 1.4964 100.0000 62.2698 0.3674 0.4297 63.0669 
91 0.1000 3.1416 0.1000 0.1000 3.1416 0.1000 3.1416 0.1000 3.1416 0.1000 3.1416 0.1000 3.1416 3.1416 0.1000 3.1416 0.1000 0.1000 3.1416 3.1416 -0.1328 0.0166 0.5048 1.9880 0.0215 1.7832 100.0000 64.7661 0.3430 0.4355 65.5446 
92 3.1416 3.1416 0.1000 3.1416 0.1000 3.1416 3.1416 0.1000 0.1000 3.1416 0.1000 3.1416 3.1416 3.1416 3.1416 3.1416 0.1000 0.1000 3.1416 0.1000 0.4424 0.0091 0.4964 1.9227 0.0183 1.7256 100.0000 64.7361 0.3078 0.3380 65.3818 
93 3.1416 3.1416 3.1416 3.1416 0.1000 3.1416 0.1000 3.1416 0.1000 3.1416 0.1000 3.1416 0.1000 0.1000 0.1000 0.1000 0.1000 3.1416 0.1000 0.1000 1.6572 0.0026 0.4926 1.8683 0.0175 1.7308 100.0000 69.8822 0.3054 0.4366 70.6242 
94 0.1000 3.1416 3.1416 0.1000 3.1416 3.1416 3.1416 0.1000 3.1416 0.1000 3.1416 0.1000 0.1000 3.1416 3.1416 0.1000 3.1416 3.1416 0.1000 0.1000 -0.5176 0.0260 0.5019 1.8400 0.0176 1.9937 100.0000 62.6236 0.3700 0.4028 63.3964 
95 0.1000 0.1000 0.1000 3.1416 0.1000 3.1416 0.1000 0.1000 3.1416 0.1000 0.1000 0.1000 3.1416 3.1416 0.1000 3.1416 0.1000 3.1416 0.1000 3.1416 -0.3594 0.0192 0.4914 1.7825 0.0084 1.1120 100.0000 67.6061 0.4451 0.4693 68.5205 
96 3.1416 3.1416 0.1000 3.1416 3.1416 3.1416 0.1000 0.1000 0.1000 0.1000 3.1416 3.1416 0.1000 0.1000 0.1000 3.1416 3.1416 0.1000 3.1416 3.1416 0.9912 0.0045 0.4818 1.7289 0.0109 1.6207 100.0000 63.3762 0.3009 0.3993 64.0764 
97 0.1000 0.1000 3.1416 3.1416 0.1000 3.1416 0.1000 3.1416 3.1416 0.1000 0.1000 0.1000 0.1000 3.1416 3.1416 3.1416 0.1000 3.1416 3.1416 0.1000 1.9785 0.0012 0.4821 1.6909 0.0097 1.5607 100.0000 63.2890 0.3019 0.3951 63.9860 
98 2.8802 2.4985 2.7176 0.4716 1.9648 2.9008 0.6747 2.9319 1.9620 0.2043 2.3814 3.0301 0.3603 3.0661 0.1736 3.1416 0.2121 3.1416 0.2021 3.1416 -3.4131 0.6251 0.4949 1.6745 0.4093 1.4288 100.0000 70.2895 0.3841 0.4928 71.1664 
99 3.1416 0.1000 3.1416 0.1000 0.1000 0.1000 3.1416 0.1000 0.1000 3.1416 3.1416 0.1000 0.1000 3.1416 0.1000 3.1416 3.1416 3.1416 3.1416 0.1000 1.0557 0.0040 0.5039 1.7060 0.0080 1.3207 100.0000 61.2040 0.3076 0.4604 61.9720 
100 3.1416 3.1416 0.1000 0.1000 0.1000 3.1416 3.1416 0.1000 3.1416 0.1000 3.1416 3.1416 0.1000 0.1000 3.1416 0.1000 3.1416 0.1000 0.1000 0.1000 0.9883 0.0051 0.5052 1.6707 0.0134 1.8908 100.0000 59.5204 0.3295 0.5984 60.4483 
101 2.8776 2.4993 2.7173 0.4705 1.9650 2.9005 0.6757 2.9326 1.9610 0.2044 2.3822 3.0301 0.3611 3.0684 0.1730 3.1416 0.2119 3.1416 0.2026 3.1416 -3.4023 0.6239 0.5060 1.6363 1.2584 0.7861 100.0000 66.3679 0.3946 0.4747 67.2372 
102 2.9119 2.4930 2.7245 0.4767 1.9568 2.9147 0.6709 2.9241 1.9679 0.1991 2.3711 3.0253 0.3390 3.0694 0.1607 3.1416 0.2206 3.1416 0.2024 3.1416 -3.4473 0.6195 0.5175 1.6698 0.3059 1.4332 100.0000 65.9654 0.4039 0.4473 66.8166 
103 0.2323 0.4853 0.5618 2.7394 0.7498 0.1903 2.6319 0.7545 0.2262 3.0569 0.2499 0.3145 2.8927 0.1000 2.8094 0.3017 2.8502 0.2233 0.3930 3.1195 -0.6504 0.0463 0.8025 1.9496 0.4230 0.2689 100.0000 64.5096 0.4218 0.5032 65.4347 
104 0.1148 0.4584 0.2435 3.1253 0.4256 0.1015 2.8752 0.7997 0.2701 3.0607 0.1966 0.4746 2.6954 0.1000 2.7845 0.2464 3.0558 0.1358 0.7009 3.1193 -1.4668 0.0508 0.8307 1.9195 0.3400 0.2644 100.0000 59.3916 0.4175 0.4862 60.2953 
105 0.1000 0.1965 0.1000 3.1416 0.2572 0.1000 3.1416 1.1023 0.2789 3.1416 0.1000 0.4082 2.5349 0.1000 2.8129 0.1000 3.1416 0.1000 0.8859 3.1416 -1.6318 0.0464 0.8136 1.9362 0.6626 0.3085 100.0000 57.2137 0.4124 0.3904 58.0165 
106 0.1000 0.1000 0.1000 3.1416 0.1000 0.1000 3.1416 1.5469 0.1611 3.1416 0.1000 0.1000 2.3431 0.1000 2.9305 0.1000 3.1416 0.1000 0.9617 3.1416 -0.7998 0.0193 0.8354 1.9309 2.1457 0.3870 100.0000 60.7495 0.3585 0.4835 61.5915 
107 0.1000 0.1000 0.1000 3.1416 0.2929 0.1000 3.1416 0.7530 0.6099 3.1416 0.1000 0.7773 2.7806 0.1000 2.5822 0.1000 3.1416 0.1000 0.8906 3.1416 -0.6191 0.0482 0.8422 1.9232 0.6179 0.2895 100.0000 63.1207 0.3558 0.4031 63.8795 
108 0.1000 0.5406 0.1000 3.1416 0.6281 0.1000 3.1416 0.8979 0.1000 3.1416 0.1000 0.4761 2.2974 0.1000 3.1215 0.1000 3.1416 0.1000 0.9042 3.1416 -0.4014 0.0135 0.8453 1.9086 0.8855 0.3300 100.0000 65.6204 0.3480 0.4530 66.4215 
109 0.1000 0.3093 0.1760 3.1416 0.1000 0.1000 2.9520 1.2469 0.1000 3.1240 0.2110 0.2753 2.9475 0.1000 2.3890 0.3666 3.1416 0.1000 0.7237 3.1416 -0.2422 0.0028 0.8431 1.8909 0.5617 0.2982 100.0000 63.1944 0.4201 0.5703 64.1848 
110 0.1000 0.1000 0.3088 3.1416 0.1000 0.1000 2.8285 0.8621 0.5775 2.9648 0.1233 0.2794 2.4468 0.1000 3.0932 0.1000 2.9355 0.1016 0.6627 3.1416 -1.7861 0.0751 0.8301 1.8739 0.6340 0.2961 100.0000 64.3737 0.4745 0.4730 65.3211 
111 0.1000 0.1000 0.3259 3.1416 0.1000 0.1000 2.8547 0.9376 1.0803 2.9332 0.1000 0.1000 2.1700 0.1000 3.1416 0.1000 2.8848 0.1000 0.4987 3.1416 -1.0850 0.0266 0.8450 1.8798 0.8132 0.3682 100.0000 64.3880 0.3794 0.4610 65.2284 
112 0.1000 0.1000 0.4050 3.1416 0.1000 0.1000 2.7954 0.6042 0.3030 2.7737 0.1000 0.1403 2.6617 0.1000 3.1416 0.1000 2.7448 0.1000 0.9958 3.1416 -0.9824 0.0314 0.8564 1.8717 0.4974 0.2851 100.0000 65.2642 0.3679 0.5966 66.2287 
113 0.1000 0.1000 0.2912 3.1416 0.1000 0.1000 2.5832 0.9950 0.3629 3.1416 0.1000 0.6583 2.4082 0.1000 3.1416 0.1000 3.1330 0.1000 0.3212 3.1416 -1.4229 0.0493 0.8647 1.8560 0.7078 0.3431 100.0000 63.7634 0.3570 0.4361 64.5565 
114 0.1000 0.1000 0.4449 3.1416 0.1000 0.1000 3.0270 0.9197 0.4997 3.1416 0.6985 0.4297 2.4605 0.1000 3.1416 0.1000 3.0797 0.1000 0.5125 3.1416 -1.3486 0.1392 0.8773 1.8437 1.3606 0.4032 100.0000 63.7193 0.3359 0.4637 64.5190 
115 0.1000 0.1000 0.1000 3.1416 0.1000 0.1000 3.0307 1.0802 0.4647 3.1416 0.1115 0.5553 2.5007 0.1000 3.1416 0.1000 2.4804 0.1000 0.3790 3.1416 -2.0654 0.0833 0.8890 1.8281 0.6035 0.3342 100.0000 66.1656 0.3683 0.5292 67.0632 
116 0.1000 0.1000 0.1000 3.1416 0.1000 0.1000 3.1416 1.2294 0.4611 3.1416 0.1000 0.6852 2.3385 0.1000 3.1416 0.1000 1.8900 0.1000 0.1000 3.1416 -1.5830 0.1220 0.8913 1.8373 0.6221 0.3220 100.0000 66.3542 0.3477 0.5404 67.2423 
117 0.1000 0.1000 0.1000 3.1416 0.1000 0.1000 3.1416 1.1084 0.5128 3.1416 0.1000 0.5119 2.6241 0.1000 3.1416 0.1000 2.5563 0.7189 0.2672 3.1416 -0.5869 0.1192 0.9019 1.8318 0.3910 0.2775 100.0000 63.8552 0.4069 0.4922 64.7543 
118 0.1000 0.1000 0.1000 3.1416 0.1000 0.1000 2.7187 0.8106 0.3021 3.1416 0.3195 0.4933 2.0549 0.1000 2.8531 0.1000 2.3431 0.1000 0.4193 3.1416 -0.7871 0.0949 0.8955 1.8292 0.5733 0.3145 100.0000 71.9994 0.3957 0.5412 72.9362 
119 0.1000 0.1000 0.2350 3.1416 0.1000 0.1000 3.1416 1.3995 0.5861 2.5992 0.1000 0.7750 2.6987 0.1000 3.1416 0.1000 2.5984 0.1000 0.2944 3.1416 -1.2188 0.0094 0.8949 1.8195 0.9645 0.3590 100.0000 68.3998 0.4054 0.5074 69.3126 
120 0.1000 0.1000 0.2576 3.1416 0.1000 0.1000 2.9665 1.1546 0.6110 3.1416 0.1000 0.4959 2.7108 0.1000 3.1416 0.1000 2.5438 0.1000 0.5280 2.5167 -0.1836 0.0192 0.9027 1.8061 0.3805 0.2590 100.0000 67.4711 0.3635 0.6838 68.5183 
121 0.1000 0.1000 0.1329 3.1416 0.1000 0.1000 3.1416 0.9043 0.4483 3.1261 0.1000 0.5587 2.3996 0.1000 3.1416 0.7250 2.7736 0.1000 0.2777 3.1416 -0.3115 0.0030 0.8888 1.8071 0.8182 0.3460 100.0000 68.1284 0.3914 0.5580 69.0778 
122 0.7243 0.2175 0.1000 3.1416 0.1000 0.1000 2.7474 1.1696 0.5510 3.1416 0.1908 0.4870 2.6455 0.1000 3.1416 0.1000 2.6885 0.1000 0.5422 3.1416 -1.6055 0.0611 0.8791 1.7981 0.3374 0.2449 100.0000 67.5372 0.4807 0.4637 68.4817 
123 0.1279 0.3147 0.1000 3.1416 0.1000 0.7040 2.7164 1.1735 0.5823 3.1416 0.2064 0.5052 2.6567 0.1000 3.1416 0.1000 2.6779 0.1000 0.5455 3.1416 -0.8760 0.0694 0.8875 1.7973 1.0533 0.3923 100.0000 62.2932 0.3418 0.5006 63.1355 
124 0.7121 0.1000 0.7131 3.1416 0.1000 0.1000 3.1416 1.1969 0.3614 3.1416 0.1000 0.5650 2.4045 0.1000 3.1416 0.1000 2.4972 0.1000 0.2755 3.1416 -0.4873 0.0076 0.8929 1.7816 0.9459 0.3861 100.0000 67.7841 0.4182 0.5300 68.7323 
125 0.2091 0.1000 0.1000 3.1416 0.4978 0.1000 2.3630 1.0856 0.6418 2.7893 0.5623 0.3149 2.7870 0.1000 3.1416 0.1000 3.1030 0.1000 0.5532 3.1416 0.8408 0.0175 0.8886 1.7718 0.4832 0.2957 100.0000 73.6942 0.4013 0.6478 74.7433 
126 0.1335 0.5921 0.2388 2.6390 0.1000 0.1000 2.9916 0.9164 0.4994 3.1416 0.1000 0.5626 2.5540 0.1000 3.0698 0.1000 2.7557 0.1000 0.6062 3.1416 -1.7959 0.1253 0.8091 1.7854 0.9297 0.3135 100.0000 68.2933 0.4050 0.4925 69.1909 
127 0.1000 0.8727 0.1000 3.1416 0.1000 0.1000 3.1416 1.0955 0.6842 3.1416 0.1000 0.7305 2.5621 0.1000 3.1416 0.1000 2.2184 0.1000 0.4935 3.1416 -0.8936 0.1111 0.8239 1.7937 0.5416 0.2922 100.0000 69.3534 0.3802 0.5847 70.3183 
128 0.1794 0.1000 0.1000 2.5635 0.1000 0.1000 3.0718 0.9885 0.4044 3.1416 0.1000 0.5700 2.4769 0.5825 3.1416 0.1000 2.7212 0.1000 0.5847 3.1416 -0.6572 0.0837 0.8270 1.7867 0.5497 0.2953 100.0000 69.8864 0.4278 0.6752 70.9893 
129 0.1000 0.7578 0.8397 2.8860 0.1000 0.1000 2.8408 0.6632 0.4940 3.1416 0.1000 0.4138 2.4754 0.1000 2.8312 0.1000 3.1416 0.1000 0.6813 3.1416 -1.4629 0.0458 0.8250 1.7828 0.8777 0.3304 100.0000 70.0754 0.4447 0.5295 71.0496 
130 0.1000 0.6233 0.5972 2.8383 0.1000 0.1000 2.7797 0.6088 0.1000 3.1416 0.1000 0.9538 2.9608 0.1000 3.1416 0.1000 2.8603 0.1000 0.5537 3.1416 -0.4805 0.0420 0.8371 1.7859 0.5953 0.3316 100.0000 70.6826 0.5912 0.5618 71.8355 
131 0.6284 0.6752 0.2337 2.6095 0.1000 0.1000 2.9442 0.8711 0.6965 3.1416 0.1000 0.2535 2.1954 0.1000 2.6356 0.1000 3.1416 0.1000 0.7257 3.1416 -1.6553 0.1150 0.8345 1.7719 0.4010 0.2917 100.0000 65.7537 0.5600 0.5303 66.8439 
132 0.1000 0.6854 0.3262 2.5372 0.1000 0.1000 3.1300 1.2530 0.7939 3.1416 0.1000 0.4911 2.0083 0.1000 2.6058 0.1000 3.1416 0.1000 0.2288 3.1416 -1.0303 0.1438 0.8420 1.7784 0.5422 0.3163 100.0000 65.3161 0.4946 0.4857 66.2963 
133 0.4133 0.7046 0.5236 2.3175 0.1000 0.1000 3.1416 0.4673 0.9307 3.1416 0.1000 0.1000 2.2950 0.1000 2.9080 0.1000 3.1416 0.1000 1.1059 3.1416 -0.8213 0.0127 0.8501 1.7756 0.8148 0.3717 100.0000 69.6750 0.3826 0.5457 70.6033 
134 0.9101 1.0864 0.3221 3.1416 0.1000 0.1000 2.5924 0.8690 0.6132 3.1416 0.1000 0.1906 2.1364 0.1000 2.6574 0.1000 3.1416 0.1000 0.7868 3.1416 1.1201 0.0026 0.8574 1.7723 0.4191 0.3270 100.0000 67.0746 0.3943 0.4586 67.9275 
135 0.1316 0.1000 0.5326 2.3502 0.1000 0.1000 2.9917 0.7009 0.3859 3.1416 0.1000 0.2324 2.2699 0.1000 2.5230 0.1000 3.1416 0.1000 0.6337 3.1416 -0.7920 0.0123 0.8148 1.7830 0.2926 0.2179 100.0000 69.6619 0.3757 0.6812 70.7188 
136 0.5775 0.2629 0.1000 2.4540 0.1000 0.1000 3.1416 1.2076 0.9995 3.1416 0.1000 0.2679 2.5354 0.1000 2.8385 0.1000 2.3685 0.1000 0.5156 3.1416 0.0098 0.0235 0.8120 1.7751 0.8586 0.3692 100.0000 63.8541 0.4450 0.6652 64.9643 
137 0.1765 0.5291 0.2937 2.7589 0.1000 0.1000 3.1416 0.7981 0.4826 2.5196 0.1000 0.5778 2.2421 0.1000 2.9255 0.1000 3.1416 0.1000 0.6281 3.1416 -1.2090 0.0105 0.7923 1.7553 0.5479 0.2767 100.0000 64.4845 0.3728 0.5251 65.3824 
138 0.1000 0.1000 0.1000 3.1416 0.1000 0.1000 3.1416 1.7583 0.1877 3.1416 0.1000 1.1249 2.2618 0.1000 3.1416 0.1000 1.8208 0.1000 0.1000 3.1416 0.8867 0.0025 0.8024 1.7590 1.1021 0.3632 100.0000 63.7285 0.3493 0.4756 64.5534 
139 0.1000 0.1000 0.1000 3.1416 0.1000 0.1000 3.1416 0.5889 0.7663 2.9355 0.1000 0.5133 2.4758 0.1000 3.1416 0.1000 1.7544 0.1000 0.1000 3.1416 -2.1143 0.1914 0.7731 1.7535 0.6608 0.2923 100.0000 82.7696 0.4057 0.5169 83.6922 
140 0.1000 0.1000 0.1000 3.1416 0.1000 0.1000 3.1416 0.2749 0.9198 2.8867 0.1000 0.4603 2.4571 0.1000 3.1416 0.1000 1.1912 0.1000 0.1000 3.1416 -1.2793 0.1166 0.7655 1.7577 0.8338 0.3351 100.0000 65.9572 0.4176 0.6326 67.0074 
141 0.1000 0.1000 0.1000 3.1416 0.1000 0.1000 3.1416 0.4198 1.0763 3.0585 0.1000 0.8756 2.2984 0.1000 3.1416 0.1000 2.1457 0.1000 0.1000 3.1416 -0.3525 0.1177 0.7752 1.7710 1.4292 0.3607 100.0000 67.7793 0.4130 0.4920 68.6842 
142 0.1000 0.1000 0.1000 3.1416 0.1000 0.1000 3.1416 0.8320 0.4165 2.7035 0.1000 0.1000 2.6535 0.1000 3.1416 0.1000 1.5893 0.1000 0.1000 3.1416 -0.4355 0.0162 0.7580 1.7571 1.4706 0.3315 100.0000 71.6349 0.4217 0.5645 72.6211 
143 0.4000 0.3815 0.4773 2.8307 0.1000 0.5560 3.1416 0.8886 0.5125 3.1416 0.1000 0.3646 2.5189 0.1000 3.0624 0.1000 3.1416 0.1000 0.6835 3.1416 -0.6240 0.0808 0.7289 1.7255 0.5744 0.3101 100.0000 66.7903 0.3736 0.5325 67.6964 
144 0.1000 0.9560 0.1000 2.2353 0.1000 0.1000 2.7941 0.7332 0.4990 3.1416 0.1000 0.4089 2.4378 0.1000 2.5940 0.1000 3.1416 0.1000 0.7515 3.1416 -0.9150 0.0783 0.7195 1.7091 0.8929 0.3426 100.0000 71.0933 0.4535 0.5792 72.1260 
145 0.1000 0.1000 0.3054 3.1416 0.1000 0.1000 2.6915 0.7201 0.8159 3.1416 0.1000 0.5997 2.7936 0.1000 3.1416 0.1000 1.6256 0.1000 0.1000 3.1416 -0.9248 0.1482 0.7327 1.7220 0.8600 0.3444 100.0000 75.0765 0.5784 0.7264 76.3813 
146 0.1000 0.6718 0.4912 2.8959 0.1000 0.1000 3.1416 0.6037 0.5662 3.1031 0.5610 0.2832 2.4479 0.1000 2.5986 0.1000 2.6332 0.1000 0.6680 3.1416 -1.4541 0.0793 0.7425 1.7286 0.6606 0.3594 100.0000 71.2984 0.5143 0.6293 72.4420 
147 0.1000 0.8378 0.6901 2.4156 0.1000 0.1000 3.1416 0.7045 0.5909 3.1416 0.7544 0.1987 2.0415 0.1000 2.9588 0.1000 3.1416 0.1000 0.4860 3.1416 -0.6289 0.0061 0.7548 1.7483 0.5422 0.3368 100.0000 76.0137 0.3960 0.5583 76.9679 
148 0.1000 0.1000 0.1000 3.1416 0.1000 0.1000 3.1416 0.6748 0.9642 3.1416 0.1000 0.1476 1.8845 0.1000 3.1416 0.1000 1.4422 0.1000 0.1000 3.1416 -2.0889 0.1416 0.7641 1.7524 0.4625 0.2923 100.0000 72.6375 0.4208 0.5937 73.6520 
149 0.1000 0.1000 0.1000 3.1416 0.1000 0.1000 3.1416 0.4976 1.1871 3.1416 0.1000 0.1000 1.4731 0.1000 3.1416 0.1000 0.9383 0.1000 0.1000 3.1416 -2.0439 0.1090 0.7551 1.7528 2.6466 0.3070 100.0000 74.2110 0.3728 0.4503 75.0341 
150 0.1000 0.1000 0.1000 3.1416 0.1000 0.1000 3.1416 0.2770 1.4124 3.1416 0.1000 0.1000 1.0904 0.1000 3.1416 0.1000 0.4125 0.1000 0.1000 3.1416 -1.1826 0.0585 0.7627 1.7646 2.5355 0.4748 100.0000 65.4361 0.4820 0.4514 66.3695 
151 0.1000 0.1000 0.1000 3.1416 0.1000 0.1000 3.1416 0.9679 1.5721 3.1416 0.1000 0.1000 1.7628 0.1000 3.1416 0.1000 1.0549 0.1000 0.1000 3.1416 -1.5986 0.0697 0.7671 1.7742 2.1984 0.3049 100.0000 58.8086 0.3424 0.4781 59.6291 
152 0.1000 0.1000 0.7249 3.1416 0.1000 0.1000 3.1416 0.4473 1.0183 3.1416 0.1000 0.1000 1.5932 0.1000 3.1416 0.1000 1.2243 0.1000 0.1000 3.1416 -1.0654 0.1244 0.7761 1.7851 3.8481 0.4552 100.0000 65.2855 0.3385 0.4303 66.0543 
153 0.1000 0.1000 0.1000 3.1416 0.1000 0.1000 3.1416 0.5354 1.0413 3.1416 0.1000 0.1000 1.7376 0.1000 3.1416 0.1000 1.1294 0.1000 0.7577 3.1416 -1.9863 0.1159 0.7797 1.7910 1.4634 0.2603 100.0000 58.7472 0.3463 0.4424 59.5359 
154 0.1000 0.7579 0.1000 3.1416 0.1000 0.1000 3.1416 0.4878 1.0541 3.1416 0.1000 0.1000 1.6993 0.1000 3.1416 0.1000 1.0134 0.1000 0.3663 3.1416 -1.2422 0.0560 0.7863 1.8031 3.0078 0.3424 100.0000 59.1407 0.3403 0.4814 59.9624 
155 0.1000 0.1000 0.1000 3.1416 0.1000 0.1000 3.1416 0.6548 1.1807 2.6009 0.1000 0.1000 1.3058 0.1000 3.1416 0.1000 1.2859 0.1000 0.4836 3.1416 -0.2295 0.0037 0.7927 1.8101 2.4976 0.4646 100.0000 60.8057 0.3993 0.5753 61.7803 
156 0.1000 0.3763 0.1000 2.9085 0.1000 0.1000 3.1416 0.6819 0.8593 3.1416 0.1000 0.1000 1.8859 0.1000 2.3572 0.1000 3.1416 0.1000 1.0802 3.1416 -1.9277 0.0763 0.7864 1.8175 0.7277 0.3489 100.0000 60.6051 0.3488 0.5507 61.5046 
157 0.1000 0.2725 0.1000 2.7719 0.1000 0.1000 3.1416 0.4291 1.0715 3.1416 0.1000 0.1000 1.5545 0.1000 1.9285 0.1000 3.1416 0.1000 1.3776 3.1416 -2.0254 0.1017 0.7793 1.8210 1.0162 0.3520 100.0000 61.5504 0.3507 0.4539 62.3550 
158 0.1000 0.1243 0.1000 2.7401 0.1000 0.1000 3.1416 0.1711 1.2808 3.1416 0.1000 0.1000 1.2104 0.1000 1.4995 0.1000 3.1416 0.1000 1.7157 3.1416 -1.8193 0.0983 0.7768 1.8200 2.6617 0.4325 100.0000 61.1703 0.3806 0.5549 62.1058 
159 0.1000 0.5180 0.1000 2.3850 0.1000 0.1000 3.1416 0.2926 1.3028 3.1416 0.1000 0.1000 1.2592 0.1000 1.2744 0.1000 3.1416 0.1000 1.2794 3.1416 -1.8779 0.0790 0.7832 1.8297 2.2803 0.4171 100.0000 66.0989 0.3524 0.5105 66.9619 
11 2.9064 2.4950 2.7091 0.4866 1.9567 2.8978 0.6690 2.9209 1.9803 0.2142 2.3828 3.0284 0.3551 3.0712 0.1762 3.1416 0.2000 3.1416 0.2113 3.1416 -3.4609 0.6291 0.2512 0.8636 0.0480 0.0812 100.0000 54.9135 0.3618 0.3693 55.6446 
